#mmax= 10
#m-states: all states (FBR)
#Nr. of sites: 35

0.0  -0.0  0.0
0.1  -20.78966055863068  0.9999990693005075
0.2  -47.938220432707865  0.5508622365520274
0.3  -122.80780955594163  0.9821766921887763
0.4  -170.81271044792382  0.9773804321562237
0.41  -228.7896596432538  0.9999999847684967
0.42  -284.7896596280238  0.9999999999999988
0.43  -224.79213531316154  0.9975301940623592
0.44  -228.79213531316154  0.9975301940623577
0.45  -290.7896596280238  0.9999999999999997
0.46  -290.9165876390668  0.8888148448219269
0.47  -230.80786017171897  0.9821269756866411
0.48  -440.7896596280238  Inf
0.49  -442.7896596280238  Inf
0.5  -288.79706838702566  0.9926270264129422
0.51  -366.7899950343967  Inf
0.52  -440.7896596280238  Inf
0.53  -354.8078095559416  Inf
0.54  -361.48280686485134  Inf
0.55  -362.79213531316157  Inf
0.56  -439.0292043942457  Inf
0.57  -361.48421292693814  Inf
0.58  -526.7896596280239  Inf
0.59  -524.7896596280239  Inf
0.6  -428.7896596280238  Inf
0.7  -436.7896596280238  Inf
0.8  -442.7900981973474  Inf
0.9  -622.8081389306556  Inf
1.0  -Inf  NaN
1.1  -606.7896596280239  Inf
1.2  -Inf  NaN
1.3  -Inf  NaN
1.4  -Inf  NaN
1.5  -Inf  NaN
1.6  -Inf  NaN
1.7  -Inf  NaN
1.8  -Inf  NaN
1.9  -Inf  NaN
2.0  -Inf  NaN
2.1  -Inf  NaN
2.2  -Inf  NaN
2.3  -Inf  NaN
2.4  -Inf  NaN
2.5  -Inf  NaN
2.6  -Inf  NaN
2.7  -Inf  NaN
2.8  -Inf  NaN
2.9  -Inf  NaN
3.0  -Inf  NaN
3.1  -Inf  NaN
3.2  -Inf  NaN
3.3  -Inf  NaN
3.4  -Inf  NaN
3.5  -Inf  NaN
3.6  -Inf  NaN
3.7  -Inf  NaN
3.8  -Inf  NaN
3.9  -Inf  NaN
4.0  -Inf  NaN
4.1  -Inf  NaN
4.2  -Inf  NaN
4.3  -Inf  NaN
4.4  -Inf  NaN
4.5  -Inf  NaN
4.6  -Inf  NaN
4.7  -Inf  NaN
4.8  -Inf  NaN
4.9  -Inf  NaN
5.0  -Inf  NaN
