#mmax= 10
#m-states: all states (FBR)
#Nr. of sites: 35
 
0.0  0.9999999999999996 
0.1  0.9968287707101597 0.0025556471734301187 0.0006153255744248 1.569884652329523e-7 9.955352123464948e-8 
0.2  0.9866741281970209 0.010980189533745981 0.0023398918180700026 2.776882528945772e-6 1.7040524149500526e-6 1.3095162208694201e-6 
0.3  0.9667265381584994 0.028454758002142543 0.004766760401940389 2.367738476918978e-5 1.7544903784098637e-5 1.0195120282661252e-5 2.3063229492082464e-7 1.848974635834619e-7 1.1049882356243658e-7 
0.4  0.9254198038631128 0.06707062755728566 0.00701092196616281 0.0003355332856365328 9.910805651387729e-5 5.343303998647292e-5 5.293131175728237e-6 3.110105888944432e-6 1.5393302524385213e-6 4.510146654445755e-7 6.934106529966483e-8 4.232167457585945e-8 4.1590518501173967e-8 2.5396060569173808e-8 
0.41  0.9185073127017345 0.07368016710837307 0.007159817438438916 0.0004501361558820341 0.00012274339644699207 6.531345875000753e-5 7.258114804790736e-6 4.023971973304085e-6 2.467671877427303e-6 4.991567416353461e-7 9.938743109597633e-8 7.231817492394814e-8 5.536209952430194e-8 3.3757270433849815e-8 
0.42  0.910552345268564 0.0812968080373984 0.007281643104259462 0.0006124670872393857 0.00015519669976461845 8.115768341925673e-5 1.0027888981558411e-5 5.216686451947601e-6 4.131635811139167e-6 5.718746797111183e-7 1.5163103264619297e-7 1.285324675370948e-7 7.496289328968485e-8 5.220644776483426e-8 2.118169104138582e-8 5.518898592411325e-9 
0.43  0.9012162875891057 0.09023397027459977 0.007369816631485091 0.0008465199634070628 0.00020172416647045536 0.00010295398082388526 1.3907560538891224e-5 6.766526199588588e-6 6.712308559867314e-6 6.503433569077085e-7 2.2977962815293787e-7 2.2608126099152675e-7 1.0500200660328548e-7 8.361706584917857e-8 2.5537720414230634e-8 7.654153784315568e-9 7.338299222970055e-9 5.645320755273738e-9 
0.44  0.8899955289642244 0.10095136236920857 0.007415718126139825 0.001190505260259734 0.00027162924501187994 0.00013401430156788092 1.932262323194936e-5 1.145813109608595e-5 8.563846469647138e-6 7.547526395090654e-7 4.3651809270370503e-7 3.53733199549224e-7 1.393614196815937e-7 1.3811668781325253e-7 2.9668024422121512e-8 2.1353382318180534e-8 1.3366950905061621e-8 1.0262395961141533e-8 
0.45  0.8761126531708799 0.11415979840271537 0.007407376171638685 0.0016992774029205603 0.00038194981620327535 0.00017999412229254358 2.6701844124415146e-5 1.8585139395945344e-5 1.0854243663564289e-5 9.027969784939178e-7 7.79409152619319e-7 5.608714778380598e-7 2.254335193812479e-7 1.883599723018546e-7 4.655187932779511e-8 4.564754307398634e-8 3.349238764731211e-8 1.5098293673859574e-8 1.2024964885067882e-8 
0.46  0.8584391440927154 0.13090884514552686 0.00732834139290027 0.002431331995122962 0.0005606384944682323 0.0002500761323278031 3.5924849089082265e-5 2.8093326865911836e-5 1.3492673918646225e-5 1.2572401848050494e-6 1.1468288389053175e-6 8.821089231621995e-7 3.432654349426962e-7 2.402830698422699e-7 9.147029151552393e-8 7.452589208589502e-8 3.7019645256527646e-8 2.0369564127509282e-8 1.87852198876447e-8 
0.47  0.835323160190015 0.15276303370081556 0.007156651966707621 0.00343435400740744 0.0008538133855774035 0.00035923590085854126 4.690164914976021e-5 4.0341518086070266e-5 1.632854570028699e-5 1.9923958374219535e-6 1.5809711040648916e-6 1.4087182004218193e-6 4.927536427280277e-7 2.8767405224754037e-7 1.8290891755985945e-7 1.2030821091046639e-7 4.072309519800449e-8 3.818222553402181e-8 2.8462204419698065e-8 6.038192981099573e-9 
0.48  0.8049440828868921 0.18156970810991227 0.006869482359077596 0.004636206642140954 0.001312794813557199 0.0005272393139910761 5.84163860767391e-5 5.382851689111777e-5 1.8917738676147856e-5 3.0377067837986562e-6 2.319014152014745e-6 2.2689929041432416e-6 6.46483405464706e-7 3.3549309766266024e-7 3.190627794754619e-7 2.0351432463787072e-7 6.664422697450784e-8 5.391853816738702e-8 4.47546176302758e-8 1.1059299511285201e-8 8.773446752338581e-9 7.815209944940592e-9 
0.49  0.7664123115412297 0.21848946300129218 0.006457553511774697 0.005755374879537909 0.0019479317478121102 0.0007708675811122618 6.827884376494357e-5 6.429401384875303e-5 2.0629107962931044e-5 4.2596716609045085e-6 3.461935633572976e-6 3.4183818945480197e-6 7.441976293954303e-7 5.008033463616228e-7 3.260451431700592e-7 2.921020093113229e-7 1.099324211424548e-7 7.951013320246419e-8 4.990299440586264e-8 2.2597414322013627e-8 1.1617887160384088e-8 1.124173366482905e-8 7.831766041679878e-9 
0.5  0.7208725075695971 0.26278831287441523 0.006442993362948172 0.0059383237391569975 0.002682441232103121 0.001092429944240822 7.470631895831859e-5 6.971231750955596e-5 2.1079629251087843e-5 5.386971122417063e-6 5.000480063369796e-6 4.6681365514066245e-6 7.59648859852404e-7 6.0590844837263e-7 3.663244051852655e-7 3.1045727571000663e-7 1.6408433561434352e-7 8.955411142078221e-8 5.973298667375899e-8 3.4960585706673197e-8 1.3664962539551613e-8 1.3621881734374774e-8 1.2013453201646768e-8 7.452779768834395e-9 
0.51  0.6735141389675051 0.3096746838671543 0.006477081093593676 0.005379254365365571 0.003312393694349769 0.0014565575894093386 7.598250084751585e-5 6.898829823434665e-5 2.0256149901984655e-5 6.679088282907165e-6 5.959830727801393e-6 5.6011103559982e-6 6.876312374881025e-7 6.080123934945936e-7 3.979775672811837e-7 2.7763748184923127e-7 2.095264647690633e-7 8.422075820304765e-8 7.133684311043184e-8 4.022936998451433e-8 1.420838404093499e-8 1.4110662422770194e-8 1.0809363891815411e-8 7.743745424420666e-9 
0.52  0.6296881355807905 0.3537682268714314 0.006013265005560915 0.0048493172192394475 0.0036854877027592643 0.0018172327249023122 7.27738826065578e-5 6.452179198111753e-5 1.8737691480785568e-5 8.199771748777391e-6 5.944660092445737e-6 5.936578245144682e-6 5.731054581092122e-7 5.378172126394964e-7 3.8953004988888213e-7 2.575802744181062e-7 2.2169541692177633e-7 8.357004799692654e-8 7.088419566198482e-8 4.0176880901224796e-8 1.3958586530016755e-8 1.3007536848933984e-8 1.103529633602943e-8 8.158203822655569e-9 
0.53  0.5934777761000448 0.39073888711663085 0.005321111608198769 0.004401689584269175 0.0037654781127498304 0.0021308227280923756 6.651604225549531e-5 5.827341947807853e-5 1.7055637776709312e-5 9.342558575465165e-6 5.687028831624956e-6 5.445835688957459e-6 4.5377806021796416e-7 4.3802567288617046e-7 3.471645896327976e-7 2.5410157706631456e-7 1.93429837021432e-7 9.356887513558835e-8 5.546382643797688e-8 3.586033893929166e-8 1.3235137040261267e-8 1.143924892132382e-8 9.992975449271775e-9 8.167271312691043e-9 
0.54  0.5657994182890397 0.4193764687990946 0.0046139096092571415 0.0040509057476351175 0.003631892999596546 0.0023794162620188993 5.90991869983846e-5 5.184936062418835e-5 1.5555733127106897e-5 1.0083282226379104e-5 5.056054432054708e-6 4.741492826759544e-6 3.523799323055453e-7 3.4218105175380327e-7 2.9083891202094633e-7 2.4209202780428797e-7 1.6366798973315418e-7 9.933679577597667e-8 4.215876604102945e-8 3.011813371629419e-8 1.2500175006484796e-8 1.0291249236686475e-8 9.890210788901199e-9 7.72787872919201e-9 
0.55  0.5453761691609471 0.440766073853138 0.003987102963544482 0.003783972377860902 0.003387393851039734 0.0025674462208475717 5.165784619675655e-5 4.5902509154298104e-5 1.4325900704238725e-5 1.050823855698961e-5 4.266402393277804e-6 3.888464447751395e-6 2.75497051181021e-7 2.6166852213650066e-7 2.2340823530454012e-7 2.2317454473458533e-7 1.3557841008182842e-7 1.0051732051545299e-7 2.9585932408919564e-8 1.2408879701096809e-8 1.188868668448758e-8 1.045832049597471e-8 8.025267617487836e-9 
0.56  0.530837999421514 0.45618813690948323 0.003586529604631643 0.0034642294591392614 0.0031029156340226373 0.002702500147110291 4.516696851812616e-5 4.07432607605315e-5 1.3359874979250155e-5 1.0709490163985144e-5 3.4605186881806003e-6 3.1904863385159417e-6 2.2211990219093268e-7 2.0578550039368998e-7 1.9583435157012608e-7 1.7649162052885853e-7 1.1206829110024256e-7 9.627104524818045e-8 1.6794233808587395e-8 1.1404701559855278e-8 1.0998271383773227e-8 1.0456736174742016e-8 
0.57  0.5205279315982725 0.4672715644695788 0.0034398440823228483 0.003036518227775112 0.0028204260283587928 0.00279790013622679 3.970829297474167e-5 3.6435665678301184e-5 1.2614932695599593e-5 1.0771721387467998e-5 2.7746798680362874e-6 2.614551611041247e-6 1.9100205485327276e-7 1.894604759860794e-7 1.505557701760518e-7 1.4207410463161657e-7 9.2339519630044e-8 8.70747919945451e-8 1.18713238859157e-8 1.0962630884924906e-8 1.0306715716439227e-8 9.965864608932185e-9 
0.58  0.5132480580299901 0.4752171653349174 0.003330264534894321 0.0028638525163957687 0.0026867558588418716 0.0025579661701778437 3.517413259331243e-5 3.284140326881902e-5 1.2031691076766734e-5 1.0747565421132204e-5 2.2374855651354967e-6 2.1281387004203814e-6 1.7883675476761766e-7 1.7102623771410417e-7 1.2006655778606528e-7 1.1505073731465972e-7 7.600304669200813e-8 7.542246597607172e-8 1.0682512188899452e-8 1.0493807933622951e-8 1.0096799229136587e-8 9.459237854756475e-9 
0.59  0.5081421183903465 0.4808933146980149 0.0032478771951710054 0.0029080230566912715 0.0023987723717357116 0.0023222138507956506 3.143232031124384e-5 2.9790885670325915e-5 1.1570555297310629e-5 1.0672236516715508e-5 1.7998490337019404e-6 1.7279830106592949e-6 1.6922273644237955e-7 1.6028774708509875e-7 9.751359270210922e-8 9.446408919473798e-8 6.369499497963537e-8 6.289770038039173e-8 1.003687593396293e-8 9.785674290099629e-9 9.752820126213456e-9 8.951174561475188e-9 
0.6  0.5045805050383579 0.48494346474139577 0.003185331690561194 0.0029363556825536593 0.0021595265052887403 0.00211405580797557 2.8353747590958585e-5 2.7202009939055914e-5 1.1200685591914001e-5 1.056333602729216e-5 1.4383150567643647e-6 1.400883243891826e-6 1.6115357085775997e-7 1.5332719744931893e-7 7.891510121666548e-8 7.465441060989373e-8 5.33374511140097e-8 5.262127745195723e-8 9.520692317197566e-9 9.278888375914326e-9 8.747829269752847e-9 
0.7  0.4967852052555942 0.49526915932459764 0.002952677340270294 0.002937882124454428 0.001005616575407065 0.0010031428135979516 1.3406722518492496e-5 1.3374965317118967e-5 9.406219174511498e-6 9.374582959145644e-6 2.109443689879939e-7 1.9720336815650771e-7 1.261344540343784e-7 1.2480969861747826e-7 2.632196755889117e-8 2.292252821316107e-8 2.0568661389248814e-8 2.0519616316300374e-8 4.651445648018457e-9 
0.8  0.4988771650220148 0.49409813515877776 0.002888684681370579 0.002861001457782543 0.0006240644647206939 0.0006180930817423873 8.506780156719588e-6 8.425575301972273e-6 7.801019293974567e-6 7.724845670832089e-6 1.1213747555866367e-7 1.1118529579849217e-7 5.181453793999028e-8 5.101313265485779e-8 1.9354640690588898e-8 1.9170012422766985e-8 1.6713561682890726e-8 1.652451254063353e-8 
0.9  0.49914613117292256 0.49428931876565874 0.002837981496639478 0.002810363580785012 0.0004476127685861075 0.00044326654359402385 7.734360352960827e-6 7.659375599573959e-6 4.827667209750081e-6 4.782013250099718e-6 1.0417987497001695e-7 1.0318765169529741e-7 2.5749372546254043e-8 2.5568521067304015e-8 1.918506635748729e-8 1.9006365269958485e-8 1.2749589710748372e-8 1.2628962524687276e-8 
1.0  0.502105796769253 0.49160545459011185 0.002814326433745006 0.0027553034899484396 0.0003530314810155938 0.00034556066206389293 7.0932832255126895e-6 6.9385828233303225e-6 3.144287852749144e-6 3.0746715440731096e-6 9.935605756539095e-8 9.307451057943011e-8 1.9086000234106195e-8 1.8576487864018254e-8 1.8202505340682844e-8 1.743911753806326e-8 1.0013739802127073e-8 
1.1  0.5013062630214674 0.4925910218552583 0.002777028530884267 0.0027286786268082017 0.00029243007807222256 0.00028731037301728095 6.465467838976375e-6 6.3502411492283405e-6 2.1165532099038225e-6 2.0788797197044073e-6 9.418749982993302e-8 8.920717540560048e-8 1.8517304999410095e-8 1.8181593276535564e-8 1.4392454233085922e-8 1.3971641902815788e-8 7.91490591756695e-9 
1.2  0.5014050455527916 0.49262807608678455 0.002750273794691626 0.002702121750965588 0.0002519900292038713 0.0002475755169497283 5.919085147555916e-6 5.815296626217584e-6 1.4889690499463966e-6 1.4625993945187879e-6 8.752680600608372e-8 8.598763452916051e-8 1.775084930838644e-8 1.7432394871008427e-8 1.1431835719005006e-8 1.1188876443141655e-8 
1.3  0.4983494118222452 0.4957885030073831 0.0027104871809998004 0.002696572574641989 0.00022149977916901457 0.000220363029251547 5.404146132932844e-6 5.376494650528017e-6 1.0839621605521514e-6 1.0784620340926153e-6 8.433655207446817e-8 8.392361282666412e-8 1.669353699514924e-8 1.6619497544785527e-8 9.038866357368356e-9 8.929266043111254e-9 
1.4  0.5000959164597651 0.49412615261925397 0.0027000782345823647 0.0026678491617713055 0.00020029999708403933 0.00019790929729701165 4.999980569243318e-6 4.9403828446902465e-6 8.271449487418363e-7 8.173066174305942e-7 8.244203529387604e-8 8.146130183674464e-8 1.5736941625732158e-8 1.5549128362109186e-8 7.168639299762184e-9 7.057222094233704e-9 
1.5  0.5003743118523493 0.49391749515113 0.0026841568486876115 0.002649510160949729 0.00018312101940707478 0.00018074052756636164 4.629114676580546e-6 4.568019833025327e-6 6.463443908321894e-7 6.271531136797905e-7 8.059069663237622e-8 7.953278446172373e-8 1.4614017877103163e-8 1.4394248487453185e-8 4.676149907115059e-9 
1.6  0.5005719595259938 0.4937786872782689 0.0026698434927867913 0.0026336414647887677 0.00016919881834852 0.00016690288056774236 4.30307285250944e-6 4.243812251619586e-6 5.207763889062453e-7 5.116326528460446e-7 7.900837298296133e-8 7.794017529230113e-8 1.3526368183105767e-8 1.3344763791054656e-8 3.4254210325188148e-9 
1.7  0.5003984809865267 0.49400293039501936 0.0026551486951920406 0.002621372661749214 0.0001575373283592454 0.00015553267845937717 4.010524176291272e-6 3.9599354613892444e-6 4.2698536401913993e-7 4.211531392366611e-7 7.753633938830425e-8 7.658285471772582e-8 1.2296163668062139e-8 1.2241193878726715e-8 
1.8  0.5007158562767837 0.49372969244084275 0.002644678781330138 0.002607782155881199 0.00014784830489752583 0.00014578572486043123 3.757816976315687e-6 3.7053884605187948e-6 3.6193806072193346e-7 3.568917517916181e-7 7.635911604119775e-8 7.529910914378979e-8 1.1391532324760047e-8 1.123040037883344e-8 
1.9  0.500496381765468 0.49398808807769523 0.0026324885963138205 0.0025982664537962394 0.0001393912679548058 0.00013757919012992188 3.5293567721259364e-6 3.483475436752132e-6 3.128180736525023e-7 3.08750561839516e-7 7.522914443979517e-8 7.425533013133205e-8 1.045500619466372e-8 1.0308319039845571e-8 
2.0  0.5006386750321908 0.4938806089114119 0.0026231580890466104 0.0025877494714093797 0.00013213474441396887 0.00013035106197447594 3.327919251387308e-6 3.2829765582562525e-6 2.7446460493601133e-7 2.70757679536537e-7 7.426654570338888e-8 7.326255670378148e-8 9.6040713764697e-9 9.438287710454511e-9 
2.1  0.5006496819716373 0.4939008357560303 0.0026140256124627666 0.0025787877245023513 0.00012573246760135836 0.00012403758523713321 3.1469577110360236e-6 3.104535752452981e-6 2.436810915412698e-7 2.4040244657504965e-7 7.339140125410367e-8 7.239672827940376e-8 8.819848715827099e-9 8.697550915534163e-9 
2.2  0.5007562896371265 0.4938224762010527 0.0026061431998294932 0.0025700673997126025 0.0001200815498050183 0.0001184192793524163 2.9848208752971834e-6 2.943523061755108e-6 2.1856037752192538e-7 2.1553655807763916e-7 7.259117911712947e-8 7.158213306736615e-8 8.113329711934165e-9 8.005610222268457e-9 
2.3  0.500831233515128 0.4937732180304666 0.0025987686341133296 0.002562154369870445 0.00011502950100503466 0.00011340880323686658 2.838466415644723e-6 2.7984719012266525e-6 1.977525547212925e-7 1.949654407075589e-7 7.186718147896576e-8 7.085360129472481e-8 7.477678335812455e-9 7.2914073060592036e-9 
2.4  0.5009350136546028 0.4936929209837392 0.0025921327125388374 0.0025546582896665785 0.00011049363797379651 0.00010889521788957065 2.7060331100564946e-6 2.6667370470362005e-6 1.8016721191064832e-7 1.7752545578497143e-7 7.119892616688103e-8 7.016997429456804e-8 6.896840192693821e-9 6.775024629931559e-9 
2.5  0.5008281951742897 0.4938214025975959 0.002584891289438098 0.0025487297587173364 0.0001063423069493211 0.00010485130961156962 2.5780664454726546e-6 2.5382630988998976e-6 1.64077219451025e-7 1.612320548919833e-7 7.056413428198107e-8 6.954393487825527e-8 5.816512044416321e-9 
2.6  0.5009005173848667 0.49376898249793805 0.0025790751889165696 0.0025423306388036707 0.00010261130440588007 0.00010114102108108257 2.4739016113484687e-6 2.4238500162607055e-6 1.5211951198983835e-7 1.4736758380894198e-7 7.00106612412587e-8 6.893383436496123e-8 5.7807713710003486e-9 
2.7  0.500812452473838 0.49387551323013457 0.002572790201388587 0.0025371706511620597 9.91642658179001e-5 9.778931062275108e-5 2.3681214788259812e-6 2.331291892756034e-6 1.403406503275787e-7 1.3725237757786373e-7 6.943127676709546e-8 6.848003953937258e-8 4.949322318970518e-9 
2.8  0.5006754113629419 0.4940296862531088 0.002566669017083793 0.002532599961341608 9.599630681283671e-5 9.472082775012533e-5 2.2729768348086858e-6 2.243581279980423e-6 1.2982399303528092e-7 1.2838617644619213e-7 6.894348616614594e-8 6.799938232273948e-8 4.559807733832868e-9 
2.9  0.500639585871355 0.49408150249562155 0.0025613789293897596 0.0025278310820912296 9.309546882442254e-5 9.18766775414132e-5 2.189797968264561e-6 2.158279100375399e-6 1.21871693267482e-7 1.1920906118683852e-7 6.845837791127629e-8 6.757799832298833e-8 4.280977979057723e-9 
3.0  0.5005954023995541 0.494140626268764 0.0025563585511108166 0.002523392646767479 9.041453223554046e-5 8.924815224664186e-5 2.1088757321495245e-6 2.083538485495567e-6 1.133687393818843e-7 1.125335458374887e-7 6.803724330004439e-8 6.714802698883394e-8 3.947549208933673e-9 
3.1  0.5005878217249103 0.49416219953016804 0.002551797342503098 0.0025190430188553204 8.793419457107303e-5 8.680552753678168e-5 2.0385236594604306e-6 2.0096966611148107e-6 1.0735151120366172e-7 1.0496652602947809e-7 6.761697732152182e-8 6.675774436132176e-8 3.748376967457715e-9 
3.2  0.5005732520467887 0.4941899869058895 0.0025474210202168263 0.002514941460454023 8.562611274207346e-5 8.453212388821607e-5 1.9679601350632577e-6 1.94010918711705e-6 1.0017697614109982e-7 9.846776397991282e-8 6.723875625716844e-8 6.63772016950347e-8 
3.3  0.5005808042639629 0.4941947762450157 0.002543415938738909 0.00251101219681455 8.347749074329958e-5 8.241031319624949e-5 1.905581422173777e-6 1.8774599235528104e-6 9.468815826625022e-8 9.291820610002253e-8 6.689682710098904e-8 6.600699128313843e-8 
3.4  0.5005388549692071 0.49424847266776145 0.002539359913890361 0.002507452545204035 8.145563201139606e-5 8.043212398467843e-5 1.843001518829349e-6 1.8198479986753897e-6 8.910968097012416e-8 8.799279825349386e-8 6.65173298266495e-8 6.567861372267468e-8 
3.5  0.5005413860928456 0.4942570003256216 0.002535723254604282 0.0025038889467151903 7.957307328060484e-5 7.857410868810256e-5 1.7884737604301009e-6 1.7660232947373554e-6 8.458861620744888e-8 8.353416023513438e-8 6.620815365925583e-8 6.537025903167234e-8 
3.6  0.5005088360361987 0.4943000164016648 0.002532067137637853 0.002500700600666737 7.779977244644682e-5 7.683588687813462e-5 1.7373542964981885e-6 1.7158613158953588e-6 8.04714026262178e-8 7.94874342940473e-8 6.591143075579932e-8 6.507862418969391e-8 
3.7  0.5005122394907392 0.4943065777063458 0.0025287837810340687 0.0024974326624039927 7.613496502183278e-5 7.519111217675124e-5 1.6892132274205458e-6 1.6682764279630897e-6 7.664143301205169e-8 7.573542335847873e-8 6.561754510335491e-8 6.479822108496585e-8 
3.8  0.500514537764001 0.4943137358248933 0.0025256330574315866 0.00249434326403607 7.456553662593855e-5 7.364176930853908e-5 1.6439269751731356e-6 1.6235636307336445e-6 7.314549161958336e-8 7.22881394294117e-8 6.53344585357176e-8 6.45250075481683e-8 
3.9  0.5005204669355736 0.4943168117096582 0.002522637867159677 0.0024913711638428556 7.308354246371259e-5 7.217772691627179e-5 1.601256118842144e-6 1.5814123838749574e-6 6.993759395549302e-8 6.910931450491929e-8 6.507277803939463e-8 6.42661962495008e-8 
4.0  0.5005211131813134 0.494324706234907 0.002519767211186677 0.002488571957110593 7.168194717794376e-5 7.07945045930488e-5 1.5611308926442548e-6 1.5418051293306936e-6 6.698682342962182e-8 6.618988341086605e-8 6.482687258750068e-8 6.402410986614469e-8 
4.1  0.5005423629068634 0.49431165660993065 0.0025170982017860546 0.002485765060699601 7.035486885676034e-5 6.94790869125437e-5 1.5230654601002452e-6 1.504109404848681e-6 6.459037237306199e-8 6.424776374053867e-8 6.37862030114668e-8 6.346574603041726e-8 
4.2  0.5005497991148764 0.4943120635284282 0.00251447081022037 0.0024831359488429136 6.909293668726776e-5 6.823193389468208e-5 1.486867015593337e-6 1.4683449611435654e-6 6.435379424235615e-8 6.355173260136516e-8 6.168462167630577e-8 6.092492617106816e-8 
4.3  0.500559132105767 0.4943102376405565 0.002511957793692313 0.0024805988165940394 6.789421920811088e-5 6.704661907654558e-5 1.4527642883690441e-6 1.4346328362339885e-6 6.415223959206213e-8 6.335038577473904e-8 5.9317212193411803e-8 5.858814386589126e-8 
4.4  0.5005597011988369 0.49431685811493037 0.0025095012942535195 0.0024782054236262264 6.675167743399239e-5 6.5919154827093e-5 1.4201589601681385e-6 1.4024402490383519e-6 6.393155258536342e-8 6.313696690890802e-8 5.7087826265497626e-8 5.6380537510734796e-8 
4.5  0.5005646505764286 0.49431881170405295 0.002507156987513814 0.002475876408175421 6.566321644134634e-5 6.484394796985576e-5 1.3892143807414486e-6 1.3718856691266509e-6 6.377545863651144e-8 6.29420825528911e-8 5.5010736595058344e-8 5.4331090853654847e-8 
4.6  0.5005673049366302 0.494322778561687 0.0025048925020178447 0.0024736468454709696 6.462445562208472e-5 6.381832490792788e-5 1.3597577062229873e-6 1.342800200853739e-6 6.35848048175853e-8 6.275251934511887e-8 5.306697183309479e-8 5.241146097322539e-8 
4.7  0.500570503293355 0.4943259458354334 0.0025027121629485677 0.0024714932673716426 6.363224757075481e-5 6.283845597774242e-5 1.3317453811450915e-6 1.3151332842217286e-6 6.340477081030098e-8 6.257799642835182e-8 5.1253683285516084e-8 5.0622228611637086e-8 
4.8  0.5005731725004086 0.494329399570132 0.0025006074216355227 0.002469419357914001 6.268275500999469e-5 6.190096486014328e-5 1.3048256725833752e-6 1.2885562502637137e-6 6.321882200963683e-8 6.239169639579583e-8 4.95244116508698e-8 4.891318820886943e-8 
4.9  0.5005747158648558 0.49433375202347735 0.0024985703858598747 0.0024674207487443453 6.17739978519313e-5 6.100382750560051e-5 1.2792813560644638e-6 1.2633312427117447e-6 6.305834128570137e-8 6.222875052253542e-8 4.792113399222654e-8 4.733088132090258e-8 
5.0  0.5005794161456228 0.4943347366744582 0.002496616687483036 0.00246547295149095 6.090312547306502e-5 6.014334098559455e-5 1.2547739391037053e-6 1.2391191781903872e-6 6.288729197706627e-8 6.206569591750614e-8 4.639916280787455e-8 4.582922002634223e-8 
