#mmax= 10
#m-states: all states (FBR)
#Nr. of sites: 19

0.0  -0.0  0.0
0.1  -5.2085478143438175  0.29533896014313415
0.2  -22.77858011027232  0.36289650682453717
0.3  -48.469567742357036  0.41827841304369134
0.4  -81.7665556365276  0.5422836132316537
0.41  -114.78965962802383  0.9999999999999944
0.42  -114.91658763906679  0.8888148448219231
0.43  -118.80780955594163  0.9821766921887755
0.44  -119.93239574479097  0.5540504589664662
0.45  -162.78965962802383  1.0000000000000004
0.46  -123.4852824937215  0.7053249173484113
0.47  -162.78965962802383  1.0000000000000004
0.48  -119.67625229452005  0.5906817838580892
0.49  -226.78965962802383  1.0000000000000004
0.5  -170.9165876390668  0.8888148448219265
0.51  -169.48407157235653  0.7061786148181062
0.52  -218.78965962802383  1.0000000000000002
0.53  -170.9332127043862  0.8743026133807781
0.54  -168.7896657722173  0.9999938552297943
0.55  -169.48544980389815  0.7052069153039467
0.56  -225.48280680858377  0.7070714214274958
0.57  -282.7896596280238  1.0000000000000004
0.58  -224.7896596432538  0.9999999847684963
0.59  -220.9165876390668  0.8888148448219262
0.6  -286.7896596280238  0.9999999999999991
0.7  -344.7896596280238  0.9999999999999996
0.8  -280.7896596280238  1.0000000000000004
0.9  -356.7896596280238  Inf
1.0  -346.7896596280238  Inf
1.1  -360.79214227163004  Inf
1.2  -352.91662772550944  Inf
1.3  -432.79213531316157  Inf
1.4  -432.81056934197267  Inf
1.5  -430.7896596280238  Inf
1.6  -620.7896596280239  Inf
1.7  -514.91906342308  Inf
1.8  -512.7921353131616  Inf
1.9  -486.7896596280238  Inf
2.0  -600.9165876390667  Inf
2.1  -608.7896596280239  Inf
2.2  -614.7899950343967  Inf
2.3  -596.7921353131616  Inf
2.4  -518.9165931520376  Inf
2.5  -504.78970504219006  Inf
2.6  -690.7896596280239  Inf
2.7  -Inf  NaN
2.8  -Inf  NaN
2.9  -Inf  NaN
3.0  -Inf  NaN
3.1  -Inf  NaN
3.2  -Inf  NaN
3.3  -590.7896596432538  Inf
3.4  -583.491922949463  Inf
3.5  -Inf  NaN
3.6  -Inf  NaN
3.7  -692.9165883714746  Inf
3.8  -Inf  NaN
3.9  -Inf  NaN
4.0  -682.7896596280239  Inf
4.1  -Inf  NaN
4.2  -Inf  NaN
4.3  -Inf  NaN
4.4  -Inf  NaN
4.5  -Inf  NaN
4.6  -Inf  NaN
4.7  -Inf  NaN
4.8  -Inf  NaN
4.9  -Inf  NaN
5.0  -Inf  NaN
