#mmax= 10
#m-states: all states (FBR)
#Nr. of sites: 19
 
0.0  1.0 
0.1  0.9968288653948412 0.0025555566121549414 0.0006153213404846265 1.5708022331520432e-7 9.957229498021295e-8 
0.2  0.9866744048229055 0.01097991260900099 0.002339882132361169 2.7769038722764475e-6 1.7039525078104099e-6 1.306953983940011e-6 1.2625367534953751e-8 
0.3  0.966726811969561 0.02845447338773446 0.004766763887750312 2.3659335493970653e-5 1.7555091963581428e-5 1.019839553507563e-5 2.3225562495472966e-7 1.8489900891021575e-7 1.1046775693352381e-7 1.0309572208514217e-8 
0.4  0.9256283316714767 0.06688277894070378 0.0070147423114164395 0.00031454342367239743 9.743765257177447e-5 5.2889236723803565e-5 4.775787804804985e-6 2.979124141001064e-6 9.463449816980834e-7 4.526783018760823e-7 5.890173798984754e-8 4.0502496031641796e-8 2.342397287716647e-8 
0.41  0.9188957206237383 0.07333005785039064 0.007166918403848887 0.00041128773767250254 0.00011929584183889036 6.417010911986616e-5 6.4503938077248664e-6 3.7891683626040555e-6 1.593229302304358e-6 5.041621595476065e-7 8.663033274513089e-8 5.382342894400399e-8 4.3313705166903675e-8 2.871229222996971e-8 
0.42  0.9112900390850708 0.08063704475279848 0.007294409253793639 0.0005357364897573873 0.0001476032721765508 7.868510197121059e-5 8.460880096330671e-6 4.778476806674272e-6 2.359841740199289e-6 5.681046756938985e-7 1.2250348716231419e-7 7.092756363534799e-8 6.794211544607829e-8 3.677617378214635e-8 1.6591774292410727e-8 
0.43  0.902628501948325 0.08898120384366434 0.007393026033510124 0.0006939049566323208 0.0001847555472033972 9.757842504058981e-5 1.0914891043217469e-5 5.8959994776422836e-6 3.183965317440701e-6 6.215677292309317e-7 1.7289094610935484e-7 9.737392857924901e-8 9.098897044393933e-8 4.588227351286859e-8 5.685938269799225e-9 
0.44  0.8926584985233693 0.09860313643344361 0.007458244988430971 0.0008964671789629849 0.00023426417991598492 0.00012256608826312026 1.3880675928181852e-5 7.2221012735524625e-6 4.40096379505791e-6 7.226494761138338e-7 2.4197205105542737e-7 1.412351264224466e-7 1.2003111996737177e-7 6.075240124236201e-8 2.494963215734229e-8 7.276810385716877e-9 
0.45  0.8811453537986882 0.1097368434126061 0.007485029130159392 0.0011438550204975583 0.0003000153888271494 0.00015562207479926296 1.7261407492054286e-5 8.640926447720696e-6 5.720294811780219e-6 8.405711691060721e-7 3.32813206128744e-7 1.9878979932115766e-7 1.5343305364717664e-7 7.725621909925678e-8 2.873704877589716e-8 1.7649556503977357e-8 9.295617249402773e-9 
0.46  0.8677891020521756 0.12267940678757318 0.007467864846360789 0.0014372896483281642 0.0003865036333034026 0.00019944468833048547 2.0944752249215272e-5 1.0146758933250199e-5 7.224899920043763e-6 9.834791544947835e-7 4.536485585834686e-7 2.661081885897465e-7 1.9504735751835485e-7 9.684034349320824e-8 3.2133671187401585e-8 2.402431902264842e-8 1.1472166274182909e-8 9.179068088792005e-9 
0.47  0.8522275551275384 0.1377912560801424 0.007400824685369514 0.001774885665118449 0.0004998948080638214 0.0002575119029059999 2.4858686425629026e-5 1.1647623864779598e-5 8.966005690163003e-6 1.182675486443464e-6 6.144517002964963e-7 3.562514930543505e-7 2.3124054898323675e-7 1.1801034819229858e-7 3.537507385200845e-8 3.4970915954309755e-8 1.5210684482781064e-8 1.1228631781463221e-8 
0.48  0.8342535525287993 0.15529950070622506 0.007280515463769975 0.002134626448469184 0.0006429616258992668 0.00033309774739760385 2.867268896577809e-5 1.3051600122820093e-5 1.0774571052227686e-5 1.4535776300759224e-6 8.13963282914729e-7 4.5924036385768097e-7 2.622034481307135e-7 1.384661017168353e-7 4.741957534874129e-8 3.827014454790296e-8 1.9428106197476667e-8 1.4050645678731321e-8 
0.49  0.8137582480503301 0.1753400545534463 0.0071055799391845365 0.002487620544944263 0.0008160860748594367 0.0004292823242585401 3.2167616626409634e-5 1.426588628791743e-5 1.263306669691009e-5 1.8155535040095428e-6 1.0508987240924282e-6 5.95021039382794e-7 2.849009211712732e-7 1.5675840769081808e-7 6.156048123235035e-8 4.09961967056637e-8 3.0157566258059227e-8 1.7072250297384155e-8 9.024276468775261e-9 
0.5  0.7907872241527031 0.19789931244574038 0.006877362746665397 0.0028023528327037507 0.00101546641078306 0.0005484440415794706 3.514975334172284e-5 1.5218285733054881e-5 1.4475572768784441e-5 2.2803149746292497e-6 1.3128318247974404e-6 7.42893766702262e-7 2.9778412591390487e-7 1.7088453904570593e-7 7.572285016833354e-8 4.347468535835073e-8 3.892379599085882e-8 2.0505397347225673e-8 1.0422021461740323e-8 
0.51  0.7657722591337369 0.22258848439102402 0.0066032096822430325 0.0030417520192062186 0.0012287876735834183 0.000690357591892018 3.7312919979227216e-5 1.6024609076724685e-5 1.5848434621561374e-5 2.8455406684362125e-6 1.5546747625632715e-6 8.699919838026152e-7 3.0124594726103e-7 1.779670792580246e-7 8.751536201576207e-8 4.650839064130214e-8 4.5575891584222525e-8 2.4105931044518955e-8 1.0418620003064445e-8 
0.52  0.7393331472159734 0.24881436318892816 0.006293722662748464 0.0031859430279435504 0.0014406455261093479 0.0008529272851683311 3.866678507881272e-5 1.743100735752337e-5 1.6156208261098582e-5 3.50341615510196e-6 1.7583695435810937e-6 1.0067615489579048e-6 2.976161612302922e-7 1.7969633043300266e-7 9.77119648210401e-8 5.4300474032720104e-8 4.766777443388219e-8 3.386439106338577e-8 1.0903338797303769e-8 6.784749001593031e-9 
0.53  0.7125046302431044 0.275565709072372 0.005965273802398427 0.0032235131568549226 0.0016293134554602135 0.0010299225859748652 3.904690531304193e-5 1.852576803249893e-5 1.6150867112188163e-5 4.210264483639194e-6 1.8803436386680002e-6 1.0935047930528622e-6 2.876290373407757e-7 1.748269174084176e-7 1.0150815127641634e-7 6.000062986208284e-8 4.9198552082955534e-8 3.847008659814419e-8 1.0781473005846161e-8 7.615615076277955e-9 
0.54  0.6861546455310689 0.30196649789917196 0.00563213197219558 0.003168635907574579 0.0017803591056561351 0.0012150850048862963 3.862903515680162e-5 1.9398745447349525e-5 1.5901506451392606e-5 4.936467400381602e-6 1.9166180917070155e-6 1.1455004871485118e-6 2.7445399528136053e-7 1.664487945303595e-7 1.009946814130037e-7 6.395844524404097e-8 5.037608374772543e-8 4.17034423856105e-8 1.062188331153683e-8 8.149085779898484e-9 
0.55  0.6612485442789826 0.3270363333489842 0.005309667173048048 0.0030406680110750487 0.0018824201355893758 0.0014000262340269905 3.7517958383668426e-5 1.9995360008656347e-5 1.5477342025158193e-5 5.640314734047599e-6 1.8668990095364475e-6 1.1516347245668735e-6 2.5985306600983606e-7 1.5611889673460787e-7 9.693669317435256e-8 6.549086090757723e-8 5.081927470068899e-8 4.334892130758431e-8 1.028344503679491e-8 8.458250401843303e-9 
0.56  0.6382620630480463 0.35026849891905965 0.005006311252534978 0.0028670267628336057 0.0019354981539151386 0.0015795041499457876 3.593455397012684e-5 2.0370434564451623e-5 1.4951966216324602e-5 6.296580216798481e-6 1.75645934187436e-6 1.1277754283114992e-6 2.4506231839312873e-7 1.4619303738107599e-7 9.068435693879617e-8 6.536613751294924e-8 5.043933094000028e-8 4.3613266114489434e-8 9.954080001971405e-9 8.63139879387497e-9 
0.57  0.6176794774392808 0.3711520744108387 0.004730188252581713 0.0026690655420490363 0.0019428024595894548 0.0017472964955168866 3.402825958071517e-5 2.0489226890072505e-5 1.4379563912750152e-5 6.8863234346288675e-6 1.6048300840868208e-6 1.072435248097366e-6 2.3047396606900842e-7 1.3752247339195889e-7 8.303751799024629e-8 6.348727546492642e-8 5.2851781066941956e-8 4.2517809453011245e-8 9.596883407853267e-9 8.841085199122524e-9 6.432202062479606e-9 
0.58  0.5996002570771835 0.3895609626748773 0.004483977597831028 0.002464748095445122 0.0019131145193712886 0.0019003653251082873 3.196455657967546e-5 2.0389517006163068e-5 1.3804253264621525e-5 7.386251058528226e-6 1.4322477924576874e-6 9.979132959974976e-7 2.1779439161636111e-7 1.3089800536564028e-7 7.530685674546191e-8 6.046163221202477e-8 5.03147861503065e-8 4.0553394098340346e-8 9.205828396144637e-9 8.742731573978554e-9 6.693561482779782e-9 
0.59  0.5839244005667765 0.4055748779002079 0.004267204890720429 0.0022659213314149902 0.0020376038920466525 0.0018563545833118341 2.9823916068113725e-5 2.0080491449166838e-5 1.3246066842012026e-5 7.800740245322159e-6 1.2470130279346414e-6 8.909523505672426e-7 2.0583555210315766e-7 1.2617521735923622e-7 6.660499327410467e-8 5.625915728902192e-8 4.661596432954979e-8 3.098552151967977e-8 8.536095850716889e-9 6.643036780598458e-9 
0.6  0.5703954184129225 0.41943479260660815 0.004077356964594339 0.002159801532256525 0.0020797388543220326 0.0017821637073203208 2.776309948415416e-5 1.965194269739196e-5 1.2738576449979993e-5 8.144491093401527e-6 1.081635351764582e-6 8.150183498094375e-7 1.9544089646581473e-7 1.2353019038869513e-7 6.019168133131791e-8 5.258795558362172e-8 4.2648967559067215e-8 3.531388850034658e-8 8.27612641653912e-9 8.253013648417701e-9 6.9158304606161644e-9 
0.7  0.5108095688821142 0.48124724205685426 0.0031662163858404884 0.002732554872285211 0.0010032960373112499 0.0009951830964268404 1.371908547686902e-5 1.2756694026194632e-5 9.748801331207082e-6 8.981039677733151e-6 1.99528640989758e-7 1.8731971200158358e-7 1.351055418053125e-7 1.170055218161654e-7 2.507977361888202e-8 2.3803688936318133e-8 2.0445196049590244e-8 2.01551202944124e-8 4.605461257708228e-9 
0.8  0.4998214091805209 0.4931533594153465 0.0029303389064336788 0.0028201364822902065 0.0006251880925624297 0.000616707907591029 8.529002279158557e-6 8.402278174216087e-6 7.812168596230868e-6 7.715930645006533e-6 1.147737929890391e-7 1.0989337715527257e-7 5.2607755215755896e-8 5.157769500566373e-8 1.9265261318540343e-8 1.9221454051539046e-8 1.6882269146155957e-8 1.6413955212150796e-8 
0.9  0.4975813274432904 0.49585415555183976 0.0028398676351929484 0.0028085240116702626 0.0004469808533973681 0.0004438442413703627 7.705546342873828e-6 7.684355148103854e-6 4.807356428487427e-6 4.79969623825453e-6 1.0325650005481684e-7 1.0021935974883942e-7 2.576473979151166e-8 2.3460522701710715e-8 1.909439420455947e-8 1.905588070313892e-8 1.2457682995145182e-8 
1.0  0.49792172979805177 0.4957897278997975 0.002792487110610442 0.0027769967696727924 0.00035024161352814083 0.00034829744734796576 7.033352694642153e-6 6.996502345379485e-6 3.1173524376058307e-6 3.0967511442966356e-6 9.838259806575036e-8 9.379360213830041e-8 1.89194721517127e-8 1.8747184280239552e-8 1.820085957423279e-8 1.7473034655702433e-8 9.88562003521753e-9 
1.1  0.4981899795091215 0.4957074959687845 0.00275988154769401 0.002745710736524588 0.00029059486610176553 0.0002890888712884366 6.422182250732661e-6 6.3897328988465354e-6 2.1016451536569225e-6 2.090527445841468e-6 9.022043134532988e-8 8.974188599112736e-8 1.8367868531796037e-8 1.80776603536642e-8 1.4015852783383221e-8 1.3989037176974049e-8 
1.2  0.4979218504746132 0.49611127535288624 0.0027311939839723535 0.002721197000457523 0.00025024327694633797 0.0002493226977852583 5.8778337073491345e-6 5.8564797295580476e-6 1.478438294042416e-6 1.473178475337725e-6 8.692471255601104e-8 8.660958580011221e-8 1.7613953390217937e-8 1.7496018380129807e-8 1.1328975669456438e-8 1.1309888280641314e-8 
1.3  0.4984903685258936 0.4956475414379405 0.00271126999921097 0.0026957960841815774 0.00022156404336626535 0.0002202974038713712 5.405740665916989e-6 5.37481671612968e-6 1.084285340224625e-6 1.0779354769095766e-6 8.439151380519702e-8 8.390359929887255e-8 1.6723267777286725e-8 1.6611490833290572e-8 9.078514088082086e-9 9.018951840046823e-9 
1.4  0.49849217747425695 0.4957298926978074 0.0026914211383131555 0.0026765051697162185 0.0001996581907397962 0.00019855119883544137 4.98397182383422e-6 4.956345866022191e-6 8.24479741887126e-7 8.198988216989614e-7 8.219608731708303e-8 8.174065157575397e-8 1.5698900526585347e-8 1.561218545075745e-8 7.155472386010012e-9 7.030779018138078e-9 
1.5  0.49829714612454395 0.4959945942962348 0.002673038718892868 0.0026606884621770883 0.00018235564143480578 0.00018151176815024082 4.609126928713154e-6 4.588322217215271e-6 6.405019997536009e-7 6.334752681266782e-7 8.026204429336607e-8 7.98962338912186e-8 1.4538456752098144e-8 1.4488425895166443e-8 4.376991159120244e-9 
1.6  0.4980384513643772 0.49631218536023475 0.0026563482951013923 0.0026471463241252483 0.00016834425384853224 0.00016775783285074327 4.281199107291856e-6 4.265719485483445e-6 5.190693076434614e-7 5.133739990961374e-7 7.86115031557354e-8 7.834274383109881e-8 1.346851626209584e-8 1.3357505160711062e-8 3.4272949305016274e-9 
1.7  0.498191694319734 0.4962096740489532 0.0026435373714474067 0.0026330343198740047 0.0001568438967891946 0.00015622076187804025 3.993223629951607e-6 3.977375376761201e-6 4.238260692586591e-7 4.22148087153436e-7 7.720554576415537e-8 7.690270879293884e-8 1.2328457912044931e-8 1.2271449967637583e-8 
1.8  0.4980085680874023 0.49643699467091357 0.0026303743925953534 0.002622073494736146 0.00014704856327252505 0.0001465844874108315 3.737461534503607e-6 3.7256743097000122e-6 3.6001165781042247e-7 3.588754721802895e-7 7.595077110527878e-8 7.571096823387243e-8 1.1321819031198883e-8 1.129713768113406e-8 
1.9  0.4979752451848257 0.496509324365115 0.0026191857826725596 0.002611475506961743 0.00013868654778656769 0.00013827827918434115 3.511406992473967e-6 3.5010773615656916e-6 3.112539501620358e-7 3.1033824839953137e-7 7.485229801065924e-8 7.463170317344115e-8 1.0393646145730506e-8 1.03792550255209e-8 
2.0  0.4979633636544453 0.4965559634879864 0.0026091200128853407 0.002601746547925632 0.00013142755350230978 0.0001310561616514047 3.31005382770418e-6 3.3007158637002426e-6 2.7300450165565686e-7 2.7223546280153945e-7 7.386823145191745e-8 7.365844494793802e-8 9.53315678643021e-9 9.512114825011372e-9 
2.1  0.4980141969533983 0.49653626901730225 0.0026002873235105553 0.002592576832112253 0.00012507095763071994 0.0001247002127652542 3.130358474253709e-6 3.1211012351006813e-6 2.4234336027135616e-7 2.416291917631217e-7 7.297325962740073e-8 7.276110561772849e-8 8.778104651260837e-9 8.75855087806989e-9 
2.2  0.49800935612964964 0.49656940859833454 0.0025918436215700644 0.002584367690819195 0.00011942281034864361 0.00011907844540482079 2.968459449317794e-6 2.959950147549567e-6 2.173283102945962e-7 2.1670866820392882e-7 7.21814242226999e-8 7.197948931164798e-8 8.058396437637774e-9 8.037988938344346e-9 
2.3  0.4980218812600902 0.4965825445821856 0.0025842102049939255 0.0025767375895243637 0.0001143849768847526 0.00011405416840326153 2.8225926155351074e-6 2.814417715409021e-6 1.9660725127500557e-7 1.9603667488173457e-7 7.14600327050229e-8 7.125038018051794e-8 7.437993272462241e-9 7.415254870773006e-9 
2.4  0.49803397366370517 0.496593936102878 0.0025771319884612264 0.002569680061484101 0.00010985491234843868 0.0001095372678606076 2.6904868987334607e-6 2.6827087265227373e-6 1.791325088855714e-7 1.786145678311048e-7 7.078650606561425e-8 7.058061857558023e-8 6.8554663468894284e-9 6.837971031722678e-9 
2.5  0.4979976552664983 0.49665185735408224 0.002570305872380628 0.0025633596693767882 0.00010574676830242751 0.00010546096799080567 2.5701248866103152e-6 2.563180548038446e-6 1.6422406024732143e-7 1.6377963802568017e-7 7.016596197361683e-8 6.997434598345108e-8 6.334247031258071e-9 6.317682279239611e-9 
2.6  0.4980111870859837 0.4966583123678201 0.0025641883797611047 0.0025572170271956603 0.0001020137753892203 0.00010173802373356932 2.4511275797843033e-6 2.447899479849933e-6 1.5038004443192275e-7 1.4955847445191439e-7 6.960465462600148e-8 6.939454479114228e-8 5.375340006417677e-9 
2.7  0.4979762925029357 0.49671167158110807 0.0025582210994738253 0.0025517416144618015 9.860151548493347e-5 9.835192423197742e-5 2.3541526014578054e-6 2.345201616484973e-6 1.3952595207477913e-7 1.380535627750717e-7 6.904508646376507e-8 6.887397706538456e-8 4.9095071797421324e-9 
2.8  0.49792437548771795 0.4967807243847801 0.002552559236021583 0.002546708014947906 9.546739192585619e-5 9.524949298883267e-5 2.259372728176696e-6 2.257036054277376e-6 1.2946011215436369e-7 1.2866000398366158e-7 6.855506161146409e-8 6.837662092201474e-8 4.5310369583386915e-9 
2.9  0.4979339954693802 0.49678708210239836 0.002547537892674323 0.0025416825170339096 9.259251211625782e-5 9.238019217259058e-5 2.177936925144835e-6 2.170084321489559e-6 1.2119252049570448e-7 1.19842970004676e-7 6.80885127716576e-8 6.793664241686453e-8 4.232333039597167e-9 
3.0  0.49794400609368983 0.49679200343267726 0.002542828228070296 0.0025369411447787476 8.993612560332183e-5 8.972736223079354e-5 2.097793900361144e-6 2.094733787370992e-6 1.1332724171577e-7 1.1257936882980459e-7 6.768183176985425e-8 6.751072910971074e-8 3.986090294124611e-9 
3.1  0.49793734503693954 0.49681267098618176 0.0025382837013605535 0.002532561706502505 8.746856430254517e-5 8.727130586622171e-5 2.028331969132324e-6 2.019929459604213e-6 1.0679060348632093e-7 1.055207481918188e-7 6.726618822394101e-8 6.71141537422203e-8 3.74572270073267e-9 
3.2  0.4979421415348506 0.4968210960092714 0.0025340406464826448 0.002528337373943995 8.517094972571333e-5 8.497922454253207e-5 1.9535946868578904e-6 1.9491915970255688e-6 9.907991481076299e-8 9.882917268782675e-8 6.68585483282679e-8 6.670726378909563e-8 
3.3  0.4979535683001926 0.4968220621390949 0.0025300677114463545 0.0025243236658064917 8.303418357608674e-5 8.28455846359642e-5 1.8914442037719045e-6 1.8871438166993189e-6 9.361541473005765e-8 9.335687279004022e-8 6.6504726644976e-8 6.635021164721841e-8 
3.4  0.4979495283236462 0.49683779878482587 0.0025262239004339017 0.0025205891826361637 8.103425787023967e-5 8.0853460745406e-5 1.833441617910153e-6 1.8293508154117268e-6 8.867357704934452e-8 8.843362331953175e-8 6.617068824619878e-8 6.601951930780091e-8 
3.5  0.4979301937571077 0.49686819386499315 0.0025224946461826128 0.0025171168134333075 7.915778367785026e-5 7.89890199486166e-5 1.7791253829559624e-6 1.7753309481799602e-6 8.416739995942388e-8 8.39202223505627e-8 6.58584887646595e-8 6.571221505073748e-8 
3.6  0.49793409536693045 0.4968747739493166 0.0025190554782448496 0.0025136985701014344 7.739881220146423e-5 7.723421690743404e-5 1.7282103725667618e-6 1.7245331611848756e-6 8.004258238738752e-8 7.985059669637899e-8 6.555739318279399e-8 6.541219275904765e-8 
3.7  0.4979211342708335 0.49689768592185857 0.002515690369310693 0.002510523696909139 7.574065374139707e-5 7.558507313936145e-5 1.6803557079492956e-6 1.6769035857349846e-6 7.62751510218553e-8 7.608113079298245e-8 6.526773274620618e-8 6.513089897099082e-8 
3.8  0.4979261448034554 0.4969021289980391 0.0025125717500891548 0.002507404432996466 7.417996117619718e-5 7.40273826931571e-5 1.6353729216197236e-6 1.632005473203651e-6 7.280758045823405e-8 7.263166874294303e-8 6.49938061796859e-8 6.486009889409873e-8 
3.9  0.49793008597490185 0.4969071929404031 0.002509582157892936 0.0025044266737713895 7.270528956720167e-5 7.255590923700628e-5 1.5929656229218745e-6 1.589689273914833e-6 6.961770329559816e-8 6.944453625579375e-8 6.473505396985907e-8 6.460203638193929e-8 
4.0  0.4979332139919022 0.4969126506450808 0.002506717480278329 0.002501579655863992 7.130990057486749e-5 7.116372271083162e-5 1.552899132931403e-6 1.5497124716956995e-6 6.665651843436082e-8 6.648721933645489e-8 6.449022046944117e-8 6.4358025750559e-8 
4.1  0.4979369017300857 0.4969171605898939 0.0025039758411325367 0.002498847801346162 6.998722977928808e-5 6.984387967092778e-5 1.5149892059922042e-6 1.5118826083426607e-6 6.42501867957701e-8 6.411858376978892e-8 6.392023454396249e-8 6.37672723446876e-8 
4.2  0.4979246695561012 0.4969372292538684 0.002501266289835544 0.002496305960688446 6.872971400766807e-5 6.859340412743034e-5 1.4791054787453449e-6 1.4761685620411934e-6 6.402864387324352e-8 6.390169670870587e-8 6.138669176922299e-8 6.123029820644829e-8 
4.3  0.497932180665721 0.4969372187761931 0.0024987611539890302 0.002493768072984946 6.753688476247059e-5 6.740190963422011e-5 1.4450417347267461e-6 1.4421500355187285e-6 6.381225682720508e-8 6.368464579373459e-8 5.9011667364364665e-8 5.8836375423543964e-8 
4.4  0.4979367460877078 0.4969398407709578 0.002496339383690762 0.0024913415030127636 6.64010580162289e-5 6.626809396646525e-5 1.4127074686139435e-6 1.4098743985010693e-6 6.360704278747448e-8 6.347966129115303e-8 5.680635790509438e-8 5.662771891546291e-8 
4.5  0.49793934160410214 0.4969441400279199 0.002494000058863531 0.0024890154306117045 6.53182169651759e-5 6.518764906799505e-5 1.381895040711306e-6 1.3791291568297386e-6 6.340478408877434e-8 6.32780318234041e-8 5.4731333585629526e-8 5.457412183777867e-8 
4.6  0.49794349719404296 0.4969466056063894 0.0024917551057598865 0.002486766422822415 6.428510106639799e-5 6.415637585330742e-5 1.3525810585389593e-6 1.349869158868256e-6 6.32126837462399e-8 6.308611123162973e-8 5.279401489359894e-8 5.2651039180924234e-8 
4.7  0.49794620758207375 0.49695025908166474 0.0024895846584307366 0.0024846051712261335 6.329788523896201e-5 6.317126565493765e-5 1.3246285573726563e-6 1.3219758185735088e-6 6.302792559476919e-8 6.290184369493257e-8 5.097686495311361e-8 5.084469902746593e-8 
4.8  0.4979491319544714 0.4969534579506646 0.002487492088169222 0.002482518017099365 6.23536959424724e-5 6.22289918633606e-5 1.2979545651401549e-6 1.2953554262348835e-6 6.285084761638128e-8 6.27250398661664e-8 4.927028847329806e-8 4.9145622398563426e-8 
4.9  0.4979525373400329 0.4969559488691625 0.002485474529118698 0.002480499958998241 6.144973951367088e-5 6.132673218458612e-5 1.2724663607479858e-6 1.269915746207638e-6 6.268027610863755e-8 6.255470042516291e-8 4.766309315515886e-8 4.7550813560348476e-8 
5.0  0.49795572864173404 0.4969584224274879 0.00248353157453529 0.0024785600573463966 6.05838284078878e-5 6.046250957026492e-5 1.2481513090184224e-6 1.2456442832977274e-6 6.25635537117447e-8 6.239103191355975e-8 4.61553062046299e-8 4.605543246925866e-8 
