#mmax= 10
#m-states: all states (FBR)
#Nr. of sites: 20

0.0  -0.0  0.0
0.1  -16.789676484289647  0.9999831421973634
0.2  -78.78965962802381  1.0
0.3  -80.9165876390668  0.8888148448219167
0.4  -120.78965962802381  0.9999999999999997
0.41  -118.80780955594163  0.9821766921887758
0.42  -118.91658763906679  0.8888148448219255
0.43  -121.05951935348578  0.7775729556111967
0.44  -158.78965962802383  0.9999999999999993
0.45  -160.78965962802383  0.999999999999999
0.46  -120.82567972245253  0.9649408811873913
0.47  -154.78965962802383  0.9999999999999993
0.48  -164.78965962802383  1.0000000000000004
0.49  -218.78965962802383  1.0000000000000002
0.5  -164.9165876390668  0.8888148448219276
0.51  -167.54828618109855  0.665272957433605
0.52  -168.78970502692303  0.9999545986215875
0.53  -170.93720804788018  0.8708211910431962
0.54  -282.7896596280238  1.0000000000000004
0.55  -212.78965962802383  1.0000000000000002
0.56  -168.94870733788918  0.8609999651077677
0.57  -222.78965962802383  1.0000000000000002
0.58  -284.8078095559416  0.9821766921887762
0.59  -358.7896596280238  Inf
0.6  -278.7896596280238  1.0000000000000004
0.7  -220.93288804262204  0.8745865000453085
0.8  -358.7896596280238  Inf
0.9  -284.9190741209921  0.8866100124355187
1.0  -362.7896596584838  Inf
1.1  -362.7900551953453  Inf
1.2  -438.7896596280238  Inf
1.3  -412.7899950343967  Inf
1.4  -434.79004042013213  Inf
1.5  -508.7896596280238  Inf
1.6  -510.7896596280238  Inf
1.7  -420.8078095559416  Inf
1.8  -618.7896596432538  Inf
1.9  -520.7921361426339  Inf
2.0  -594.7896596280239  Inf
2.1  -698.7896596280239  Inf
2.2  -506.7896596280238  Inf
2.3  -600.7896596280239  Inf
2.4  -606.9165876390667  Inf
2.5  -Inf  NaN
2.6  -598.7896596280239  Inf
2.7  -Inf  NaN
2.8  -Inf  NaN
2.9  -612.789659630085  Inf
3.0  -Inf  NaN
3.1  -698.7896596280239  Inf
3.2  -Inf  NaN
3.3  -Inf  NaN
3.4  -Inf  NaN
3.5  -Inf  NaN
3.6  -Inf  NaN
3.7  -Inf  NaN
3.8  -Inf  NaN
3.9  -Inf  NaN
4.0  -Inf  NaN
4.1  -692.7896596283027  Inf
4.2  -Inf  NaN
4.3  -Inf  NaN
4.4  -Inf  NaN
4.5  -Inf  NaN
4.6  -Inf  NaN
4.7  -Inf  NaN
4.8  -Inf  NaN
4.9  -Inf  NaN
5.0  -Inf  NaN
