#mmax= 10
#m-states: all states (FBR)
#Nr. of sites: 20
 
0.0  1.0 
0.1  0.9968288169978183 0.0025556027082161777 0.0006153237794345095 1.5694119141920405e-7 9.957333971130591e-8 
0.2  0.9866741332268847 0.010980238741943031 0.00233983684195604 2.7764074359451094e-6 1.7039563519235296e-6 1.3108254278917555e-6 
0.3  0.9667271637969932 0.028454152859826828 0.004766719978044709 2.3671998777150565e-5 1.7554962416194348e-5 1.0197952659451274e-5 2.327789471876539e-7 1.8487666488447484e-7 1.1026634006154055e-7 1.0529331355566357e-8 
0.4  0.9255731355164852 0.066933334544213 0.0070137043791099534 0.00031945635792813025 9.785012175986609e-5 5.30306525289181e-5 4.873895123716302e-6 3.010997341179954e-6 1.0256062571140554e-6 4.5239643769922643e-7 6.06826881211495e-8 4.111964434824863e-8 2.373048427852706e-8 
0.41  0.9188041001311316 0.07341392076217934 0.007165102523350978 0.00041947509427973137 0.00012005696228456042 6.44323576743392e-5 6.613970941569442e-6 3.83902991311874e-6 1.7350201623149639e-6 5.036622370533371e-7 8.885615357961264e-8 5.421166940661261e-8 4.808862763886468e-8 2.9329394672231314e-8 
0.42  0.9111431698588026 0.08077160512732935 0.007291676114665023 0.0005484989320478676 0.0001489726932742854 7.915475821987075e-5 8.711152692978995e-6 4.837146830535389e-6 2.5010149264141453e-6 5.592112946827441e-7 1.2803742142648788e-7 7.347873597660695e-8 7.109165202933466e-8 3.697757269138339e-8 4.404533318328228e-9 
0.43  0.9023595522341405 0.08922430266873312 0.007388554383526649 0.0007191248188779055 0.00018767445352279647 9.856385424173442e-5 1.1389515244635776e-5 6.05104817297089e-6 3.676388948955702e-6 6.40459623616134e-7 1.8260410721443081e-7 1.1460780919832035e-7 9.418902911061457e-8 5.084651966868116e-8 2.1839871315136382e-8 6.087632047213369e-9 
0.44  0.892270164584992 0.0989560264222417 0.007451632023883742 0.0009310735529253218 0.0002389366362445395 0.0001241623060439085 1.4451946417571197e-5 7.384773512377914e-6 4.804987289991574e-6 7.246091650085739e-7 2.5045209485310553e-7 1.5642502558616526e-7 1.2353367891826429e-7 6.521815664599335e-8 2.3503566488931363e-8 1.1425188792405263e-8 7.59957260970522e-9 
0.45  0.8804576364316664 0.11036157017823871 0.0074735775913739935 0.0012039568514203413 0.0003091842395814016 0.00015873632056669868 1.8188541084911522e-5 8.89608407936825e-6 6.520969518802358e-6 8.478440614773065e-7 3.5292548651537366e-7 2.3004984331543325e-7 1.5711285854506742e-7 8.62804403564057e-8 2.958819476423765e-8 1.9218797835635864e-8 9.772787936970178e-9 
0.46  0.8666750897939206 0.12369428039039508 0.007449813245963104 0.0015295247957504898 0.0004029534836971868 0.00020501673930047954 2.2266946187610064e-5 1.049224697421373e-5 8.362885174433113e-6 1.0003340645468924e-6 4.882997745041069e-7 3.1675616283085995e-7 2.0011371001085607e-7 1.1029622830115717e-7 3.299919441636885e-8 2.808740473848641e-8 1.2786998381869773e-8 9.799099801773251e-9 
0.47  0.8504857211045138 0.13938672015552406 0.007373379046900921 0.0019075858307882896 0.000527566497963735 0.00026706795173833165 2.6577440111533223e-5 1.2081937833511657e-5 1.0507035356009222e-5 1.2133268147189196e-6 6.712243626810236e-7 4.290503067154627e-7 2.370026041185026e-7 1.3647141905333562e-7 4.060384286405384e-8 3.619575233416155e-8 1.6866863370479172e-8 1.2257302132675079e-8 
0.48  0.8316783576287337 0.15767619656541626 0.0072407090992321135 0.002309153761040843 0.000686361340244368 0.0003484746384621893 3.078537288680903e-5 1.354987443633598e-5 1.2821726142554675e-5 1.5098457686310314e-6 9.088838711606639e-7 5.906916932552129e-7 2.679992660569622e-7 1.6214797324889072e-7 5.6349807147266346e-8 3.927566310300172e-8 2.8772911382236545e-8 1.549497517788873e-8 1.0531477972454677e-8 
0.49  0.8100301504682376 0.17881209735010511 0.007049014183534292 0.0027054204519214673 0.0008811211038933546 0.00045335213915531094 3.458845874111847e-5 1.4956059269650388e-5 1.4807066810301282e-5 1.9107076123991434e-6 1.1826103114494113e-6 7.434212455295722e-7 2.895203712478964e-7 1.8327367267270523e-7 7.362902644274386e-8 4.194169518210289e-8 3.7309260522736587e-8 1.9155479550687028e-8 1.1149657928411461e-8 
0.5  0.7856704133531675 0.20271038624654367 0.006800993999001664 0.0030523368359383777 0.0011058669579124486 0.0005839464080997461 3.775711460459551e-5 1.6999645513921153e-5 1.575884331246379e-5 2.428257746467707e-6 1.4835595707130738e-6 9.12129883466623e-7 3.004144850885563e-7 1.988581435610767e-7 9.082545524786085e-8 4.7022877420603336e-8 4.443962022126499e-8 2.3389673104282314e-8 1.1698450509434828e-8 
0.51  0.7590923692801013 0.2289287891863774 0.006504937990285136 0.003306736381941104 0.0013455716082129807 0.0007398705868575684 4.00039312552148e-5 1.8721751022125775e-5 1.634346388624711e-5 3.0587949439890154e-6 1.7678233546667965e-6 1.0737327188588578e-6 3.015191997337759e-7 2.058120848163831e-7 1.0501957059213917e-7 5.6487568291253666e-8 4.675023797339254e-8 2.8053655250215362e-8 1.1826727835082554e-8 
0.52  0.7311106107748928 0.25668804025009584 0.006174151906146554 0.0034441942071660367 0.00157943521389172 0.000917746736629845 4.126389572856155e-5 2.0170963852324446e-5 1.6568995733462478e-5 3.788259831505248e-6 1.9995357106656335e-6 1.2324370784584478e-6 2.949757955695968e-7 2.0518751516212442e-7 1.1591518049545855e-7 6.495632437966853e-8 5.0330529164496804e-8 4.067043154622451e-8 1.1873761538034058e-8 7.822049755018287e-9 5.091652826216735e-9 
0.53  0.7029286102996021 0.28480724907031685 0.005827295711955837 0.003457265065747405 0.0017818579508891614 0.0011097902339902781 4.144163393846412e-5 2.1232300695770725e-5 1.6451962890436657e-5 4.556973128571329e-6 2.1317203499560663e-6 1.329647989035511e-6 2.831902258570965e-7 1.9694773354376004e-7 1.1863616981950277e-7 7.180673127218731e-8 5.110473549455752e-8 4.584832003437202e-8 1.152143227872023e-8 8.373157433833784e-9 
0.54  0.6755482363823744 0.31227195330099006 0.0054804331589177625 0.003366588749312493 0.0019360421255509997 0.001308311485204727 4.0711556809002216e-5 2.1983319301244258e-5 1.60872799650014e-5 5.34029129378184e-6 2.161428119393705e-6 1.3763230909381243e-6 2.678729763055701e-7 1.8460162268581333e-7 1.1617755057273355e-7 7.55865204793721e-8 5.530303996048073e-8 4.9283403681629937e-8 1.1207374355061677e-8 8.744146612914709e-9 5.822435234141397e-9 
0.55  0.6499569521595553 0.3380698518504884 0.005149106588322564 0.0032002554339034704 0.0020319925731436166 0.0015042829116750527 3.927171453765209e-5 2.2434727948521492e-5 1.55585906194431e-5 6.081976282315576e-6 2.094106326105191e-6 1.3737318398210435e-6 2.5225260380930723e-7 1.7070637029065738e-7 1.0983509600325246e-7 7.671363036768999e-8 5.720854093621468e-8 5.083688260114911e-8 1.060175733596402e-8 9.255271194051024e-9 6.2252056409051216e-9 
0.56  0.6268523026260853 0.36146985572905055 0.004844612231064987 0.002988500214085231 0.0020695515110949023 0.0016896388095040827 3.731971809394116e-5 2.2555330037420682e-5 1.4941885788905214e-5 6.744571247221185e-6 1.9509741874934493e-6 1.323110635533797e-6 2.382847422131044e-7 1.5721681526876042e-7 1.0272653278052121e-7 7.500636588271215e-8 5.6526596588592055e-8 5.015792910183305e-8 1.040808585469793e-8 9.075191137686435e-9 3.88686661724965e-9 
0.57  0.6063957776314666 0.38227252803122475 0.004570616409550455 0.0027591123320951628 0.0020582832749210284 0.0018608615106884261 3.508858321453143e-5 2.243586933877038e-5 1.430456597462901e-5 7.324308159233346e-6 1.7638569675603172e-6 1.2419860102009634e-6 2.2427535484096173e-7 1.4596194347449234e-7 9.331928786138059e-8 7.17870468827704e-8 5.461124777348845e-8 4.822006085002807e-8 9.994520649712535e-9 9.187932582132127e-9 4.282994405864026e-9 
0.58  0.5887656146490906 0.40027210173396444 0.0043308049378611305 0.0025296757857705084 0.002013754804621182 0.0020084450926984693 3.2730950309319e-5 2.207521552623412e-5 1.3685048927211238e-5 7.808879453142135e-6 1.548675921055548e-6 1.1340491145659795e-6 2.1071873241240756e-7 1.37243374595744e-7 8.064694112615041e-8 6.714054727127297e-8 5.339586167144235e-8 4.512992291565693e-8 9.387809279321729e-9 9.205403712997065e-9 7.308150245649097e-9 
0.59  0.5737114080422477 0.41569638693998806 0.004122758132745515 0.002312096014469475 0.0021484375850117075 0.0019327489095540698 3.0381269049003345e-5 2.1539144665364986e-5 1.310682040809858e-5 8.197121847362928e-6 1.341207127493101e-6 1.0184133073237755e-6 1.995074373485547e-7 1.3154212848109549e-7 7.113909568257453e-8 6.196176350921282e-8 4.9359261569231663e-8 4.159594493159162e-8 8.971932159634225e-9 8.946475105831698e-9 7.375541320022012e-9 
0.6  0.5609826926498823 0.42878180218008644 0.003943887684106727 0.0022653859240937945 0.002112132354124012 0.0018414144912932268 2.8127244813630912e-5 2.08723555597603e-5 1.2580595748932135e-5 8.501467934648971e-6 1.1521695086722908e-6 9.064223515557202e-7 1.894319480557149e-7 1.2802066847944526e-7 6.299251630193276e-8 5.682671643565874e-8 4.4573872904930936e-8 3.808381353774604e-8 8.608446238738159e-9 8.569150178389136e-9 7.3533644180342985e-9 
0.7  0.5076727715521622 0.48438277725677625 0.0031184978544596662 0.002777064854522971 0.0010045703471268826 0.0009982096950431152 1.3695075997192162e-5 1.2932614292931354e-5 9.677088118146664e-6 9.072204642933234e-6 2.0216121107740892e-7 1.9111416316630066e-7 1.3278248891413953e-7 1.1789284823182946e-7 2.3791143263109064e-8 2.2891478933192182e-8 2.052997888512545e-8 2.0293546059889094e-8 
0.8  0.49888801415480394 0.4940868997748834 0.0029141567598399364 0.0028359788630191183 0.0006240887958251072 0.0006179915542043951 8.512088480533326e-6 8.421103147983601e-6 7.802874019107944e-6 7.733325143597791e-6 1.1404778474393742e-7 1.1052020584171634e-7 5.2524133538083834e-8 5.192930608958171e-8 1.928373596827319e-8 1.917418568165613e-8 1.681886692791497e-8 1.64084142790524e-8 
0.9  0.49770342084447083 0.4957317930482426 0.002835356618012076 0.0028131702397910787 0.00044673640673723193 0.0004442063005143703 7.713734776285262e-6 7.68196983730594e-6 4.817481643950076e-6 4.798256036635904e-6 1.0439319726245575e-7 1.0011144675026105e-7 2.602329930903005e-8 2.3685170305381693e-8 1.913983947923669e-8 1.886247511099465e-8 1.288450888929865e-8 
1.0  0.4975066006723056 0.4962046483920548 0.002789346274209835 0.002780285980155999 0.00034982616724443805 0.00034876691242447303 7.0222719887099365e-6 7.009252437702379e-6 3.1120822012843985e-6 3.107182960233478e-6 9.804782864932146e-8 9.42021500929644e-8 1.886263669001056e-8 1.8242589356464705e-8 1.7967470407615037e-8 1.7706286541183013e-8 9.783054455426334e-9 
1.1  0.4974105798321664 0.49648682065687383 0.0027555078631533673 0.002750135356456671 0.00029013791937272974 0.000289567385365106 6.412011240040669e-6 6.400325947347954e-6 2.0989247605973666e-6 2.095505543939712e-6 9.003048027690865e-8 8.987269568613188e-8 1.8339410229097555e-8 1.7797691499833142e-8 1.409466101407204e-8 1.4084181955672432e-8 
1.2  0.4972638934951482 0.4967692315702748 0.0027275791389205994 0.0027248132753422533 0.0002499115539246647 0.0002496547317676918 5.869884687778778e-6 5.864061032100072e-6 1.4764650707837375e-6 1.4750923845410152e-6 8.679300388977259e-8 8.671262816951403e-8 1.7576781427391655e-8 1.7101834006915412e-8 1.1321739998934334e-8 1.1225459438853094e-8 
1.3  0.49735969509800027 0.4967782024605671 0.002705126431512073 0.0027019497615392812 0.00022106240832970678 0.0002208012785982095 5.393534877802325e-6 5.387102701750849e-6 1.0818320707444975e-6 1.0804771474616883e-6 8.418402013898536e-8 8.40744474924143e-8 1.6668517104557582e-8 1.6625824379008244e-8 9.053516063788912e-9 9.008330085403839e-9 
1.4  0.4976131562913625 0.49660900467434466 0.002686674921222822 0.002681231705586412 0.0001993060830110741 0.00019886800004733556 4.975170875936615e-6 4.961136971946286e-6 8.229963175392218e-7 7.970622915440123e-7 8.202729222414857e-8 8.180745734550354e-8 1.5660843026016382e-8 1.549671444104482e-8 6.965661821045081e-9 
1.5  0.4972900454802144 0.49700170476261724 0.0026676236800305315 0.0026660964404687246 0.00018197328840496794 0.00018189167723844005 4.600328098585823e-6 4.597092037905014e-6 6.431801575011453e-7 6.301944255603261e-7 8.008727858771693e-8 8.007283579759758e-8 1.454315786413191e-8 1.4474484397599502e-8 4.698550032254066e-9 
1.6  0.4972550985967905 0.4970955521120998 0.0026521744533671895 0.0026513069986267377 0.00016807886317985466 0.00016802252921503915 4.274911359729811e-6 4.271931096434851e-6 5.189055384263244e-7 5.134742807625147e-7 7.848784087423428e-8 7.845470831352554e-8 1.3465197820490305e-8 1.3423719747690024e-8 3.392979923226573e-9 
1.7  0.49724734520656916 0.49715402636939654 0.0026385280213007574 0.0026380412608621776 0.0001565462978771309 0.00015651751802430407 3.985610158959507e-6 3.984880911041074e-6 4.23151433874686e-7 4.230763733847796e-7 7.706339129172107e-8 7.705650064229056e-8 1.2311482180627806e-8 1.2175719105045568e-8 
1.8  0.49738246092582156 0.4970630926513734 0.002627070939502165 0.002625385062379915 0.00014686408586358037 0.0001467699784171873 3.7328062780785494e-6 3.730395668526741e-6 3.59551820937651e-7 3.5932731770877407e-7 7.585488171222473e-8 7.580679542926675e-8 1.131670916942473e-8 1.1297173005329833e-8 
1.9  0.4974309973795668 0.4970535013627042 0.002616355487840366 0.0026143730789148613 0.00013853648398567557 0.00013843169831037738 3.507631812793651e-6 3.5050027457775284e-6 3.1095186674193665e-7 3.107265681314272e-7 7.477032237113906e-8 7.471603400189674e-8 1.039584213878353e-8 1.031348571864809e-8 
2.0  0.4974147734453336 0.497104484561553 0.0026062849301732023 0.002604648129591402 0.0001312845181190081 0.00013120178256409396 3.306491802757973e-6 3.3043636282566513e-6 2.7269939578164685e-7 2.725145000822108e-7 7.377584139663242e-8 7.372327664854999e-8 9.54393582525102e-9 9.520286001660632e-9 
2.1  0.497483972847119 0.49706653072971685 0.002597503194551515 0.0025953249382645073 0.0001249371205505486 0.00012483247534619555 3.1269770675864083e-6 3.1243888700639986e-6 2.4212912121014533e-7 2.4193355926261737e-7 7.291247666933215e-8 7.285527652656417e-8 8.770171201145326e-9 8.727911128569874e-9 
2.2  0.49742865199391484 0.4971500838133814 0.002588843909908798 0.002587395116185962 0.00011928448860691567 0.00011921781669883097 2.96503264290253e-6 2.9633842409351797e-6 2.1713071575153383e-7 2.1701358201279317e-7 7.211052497697048e-8 7.20726277750299e-8 8.06874665557687e-9 8.048223005362768e-9 
2.3  0.4974333052011223 0.4971711163149401 0.0025811563702903954 0.002579795621479029 0.00011424978064900229 0.00011418952504354545 2.8192519699352e-6 2.8177627471357764e-6 1.9636224593363064e-7 1.9625786690970306e-7 7.13737934944049e-8 7.133583626445941e-8 7.428603477910556e-9 7.413411290976091e-9 
2.4  0.4974218903670387 0.49720602444116135 0.00257396160107808 0.0025728456710344327 0.00010971976907534834 0.00010967217226550078 2.687174036480873e-6 2.6860137470105407e-6 1.7890223366860852e-7 1.7882452406989992e-7 7.070258214572221e-8 7.067104091660143e-8 6.845326111264085e-9 6.8448559565726545e-9 
2.5  0.4974488023324096 0.49720070943617256 0.0025674780333827286 0.0025661882340472556 0.00010563047965220212 0.00010557735216280943 2.5673186604212306e-6 2.5660069199866357e-6 1.6405026823515187e-7 1.6396559843312437e-7 7.008976909590209e-8 7.004989783828676e-8 6.328507824407295e-9 6.322551883136277e-9 
2.6  0.49742272212474886 0.49724678698211594 0.0025611499265381257 0.0025602466495886333 0.00010189429115896097 0.0001018575628161165 2.4513052493702796e-6 2.4472682670093936e-6 1.5044077432308165e-7 1.4924239907403743e-7 6.947831266882712e-8 6.94763674198007e-8 5.251663661922485e-9 
2.7  0.4974417636233318 0.49724619737491743 0.0025554819277842024 0.0025544832956801546 9.849625724627497e-5 9.845778500035066e-5 2.3517473598829406e-6 2.347626294876296e-6 1.3936649330175842e-7 1.3818458957326907e-7 6.896926651277756e-8 6.896170302448275e-8 4.880333483041496e-9 
2.8  0.49743485757414213 0.49727024239547574 0.002550048351376994 0.0025492184236144406 9.537367498428129e-5 9.53432885322263e-5 2.2622475335928545e-6 2.25434841809453e-6 1.2963712145869084e-7 1.285491037448932e-7 6.848704667493338e-8 6.845400776367707e-8 4.568642878609042e-9 
2.9  0.4974374378324653 0.49728363804940706 0.0025450035946504358 0.002544218100487474 9.250144524050049e-5 9.247144990191347e-5 2.1777157697791016e-6 2.1704396871948753e-6 1.2105152374863364e-7 1.2003073079068622e-7 6.803607606582584e-8 6.80045533149031e-8 4.249507590876088e-9 
3.0  0.49744121210996733 0.49729480686093763 0.0025402504491327713 0.002539510011904977 8.984425747501352e-5 8.981877207549951e-5 2.0994805565003895e-6 2.092993170608301e-6 1.1347951855382617e-7 1.1242491550372234e-7 6.759655230339777e-8 6.757808864363237e-8 3.985705557066432e-9 
3.1  0.49744483160576086 0.49730519016399694 0.0025357734966521828 0.002535066573969302 8.738189320105871e-5 8.735768525643498e-5 2.0269645714355924e-6 2.021207552999623e-6 1.066987566258684e-7 1.0559810632187966e-7 6.719377526422701e-8 6.717856760392955e-8 3.739833890152721e-9 
3.2  0.4974648805120592 0.49729836755287565 0.0025316077491697006 0.002530760473463758 8.50888954103905e-5 8.506029388099035e-5 1.951811620714995e-6 1.9511359593267137e-6 9.901857563397945e-8 9.898368282325985e-8 6.680365477448612e-8 6.676964791451359e-8 
3.3  0.4974760896627677 0.4972995400997473 0.0025276474713847945 0.0025267448214473646 8.295469101834333e-5 8.292501341769597e-5 1.8895599959312436e-6 1.8888723417343479e-6 9.350651749948794e-8 9.345221334874632e-8 6.643441649587809e-8 6.641473280842607e-8 
3.4  0.49749258897249693 0.49729473828898046 0.002523911623586086 0.0025229012496018493 8.096015944038763e-5 8.092769662102397e-5 1.8317264245164103e-6 1.8309778052382653e-6 8.85765561091215e-8 8.853911201201539e-8 6.610718833412189e-8 6.608218680612846e-8 
3.5  0.49749518870987375 0.49730319811407503 0.002520293464165459 0.002519318916097363 7.908869574203119e-5 7.905807694638573e-5 1.7775159307355862e-6 1.7768204130352875e-6 8.408067594509493e-8 8.404070641698814e-8 6.579236771658488e-8 6.577300543225728e-8 
3.6  0.49754133662624256 0.4972675305439383 0.002517070384531064 0.0025156851499618625 7.733804813229201e-5 7.729546355161285e-5 1.726919335903544e-6 1.7259627644908114e-6 7.99877154593363e-8 7.992926255631893e-8 6.551401709723559e-8 6.547054576345887e-8 
3.7  0.4975482753615733 0.4972705432717374 0.002513808877519187 0.0025124069176295353 7.568397555793797e-5 7.56416366969593e-5 1.6790794354678754e-6 1.6781315912088292e-6 7.621233076482632e-8 7.613859574922696e-8 6.521934843521662e-8 6.517798421454292e-8 
3.8  0.49755625576509954 0.4972720183325219 0.002510705333366483 0.002509270857036819 7.412478965707158e-5 7.408241739690622e-5 1.6340932713282996e-6 1.6331550636837665e-6 7.273807056115705e-8 7.26736436865842e-8 6.494095312417303e-8 6.490391819479105e-8 
3.9  0.4975624521595364 0.49727482712186877 0.0025077291791570726 0.0025062794231239197 7.265158739429766e-5 7.260956592671572e-5 1.5917544001221605e-6 1.5908299831869009e-6 6.955688696962333e-8 6.949006223630575e-8 6.468451677197154e-8 6.464714275908522e-8 
4.0  0.4975690826210585 0.4972767826598625 0.0025048841742025428 0.0025034125631530546 7.125764928718021e-5 7.121576594022353e-5 1.5517451528062549e-6 1.5508294420271823e-6 6.660693375031162e-8 6.654348354542748e-8 6.443967002294054e-8 6.440181430875719e-8 
4.1  0.4975745847193384 0.49727943597489627 0.0025021735917304796 0.002500688591416084 6.993774341756959e-5 6.98961665862773e-5 1.514021459132095e-6 1.5131082254196845e-6 6.420524537394371e-8 6.41672282729001e-8 6.387984864537546e-8 6.383060844297494e-8 
4.2  0.49757992779830895 0.49728197129208823 0.002499534512072145 0.002498037662318192 6.868212146689483e-5 6.864097143483608e-5 1.4780066854482012e-6 1.477116777104516e-6 6.39799539048588e-8 6.39416341698065e-8 6.132332274263193e-8 6.127393745529434e-8 
4.3  0.49758588151832717 0.4972834826980518 0.0024970397698424102 0.002495521888712776 6.749117010510246e-5 6.745010756380641e-5 1.4441636944913576e-6 1.4432778103013578e-6 6.376846507517703e-8 6.37297174359762e-8 5.8978361594122435e-8 5.892934903451978e-8 
4.4  0.4976049759190051 0.49727157738255007 0.002494691837671078 0.0024930201750333544 6.635794285850025e-5 6.631344572511434e-5 1.411842087394794e-6 1.4108877218964755e-6 6.356284693587058e-8 6.352018788017126e-8 5.676539793741307e-8 5.671891507582453e-8 
4.5  0.49761083879786344 0.4972726264467548 0.0024923581514985295 0.0024906727923909777 6.527551437055071e-5 6.523130752557335e-5 1.380965474748224e-6 1.3800263787208378e-6 6.336310546286055e-8 6.330788441808864e-8 5.468805005667278e-8 5.4638703309553946e-8 
4.6  0.497618702988838 0.4972713742655252 0.0024901427977844044 0.002488402522169776 6.424402071922972e-5 6.419898184232337e-5 1.3517988257238966e-6 1.3508331330890273e-6 6.317118075285345e-8 6.312630389919161e-8 5.277044046621077e-8 5.27232389258778e-8 
4.7  0.49762411586084937 0.4972723283592852 0.002487985583861246 0.0024862255599612058 6.325759373863353e-5 6.321267577554004e-5 1.323781360901139e-6 1.3228285113248014e-6 6.299121432570387e-8 6.293873626629862e-8 5.093297145897543e-8 5.089373468733082e-8 
4.8  0.4976290907802404 0.49727348570718416 0.002485894213854849 0.002484128663038346 6.231374479634696e-5 6.226962209027179e-5 1.2970947848201034e-6 1.2961816859791975e-6 6.280174842548953e-8 6.275339584595971e-8 4.923430093695843e-8 4.920288053315433e-8 
4.9  0.49763311780887926 0.49727534902719894 0.0024838891312856776 0.0024821038598708696 6.141069922591404e-5 6.136657904435459e-5 1.2716771885368286e-6 1.2707498982348104e-6 6.263533315045156e-8 6.259103055093472e-8 4.763565629493145e-8 4.7605387739147555e-8 
5.0  0.497636908399198 0.4972772412210665 0.00248194410505707 0.0024801495868604683 6.0544900256753295e-5 6.050107448671198e-5 1.2472780536616827e-6 1.2463554763497353e-6 6.246230922575296e-8 6.241726579384558e-8 4.6116487886957747e-8 4.608347930868401e-8 
