#mmax= 10
#m-states: all states (FBR)
#Nr. of sites: 6

0.0  -0.0  0.0
0.1  -0.17110789237197063  0.009155877059145895
0.2  -5.453749817483171  0.2525810823038944
0.3  -18.78966669806491  0.999992929277208
0.4  -20.529249896260428  0.3961224168329551
0.41  -21.71257585802976  0.569836593010154
0.42  -21.854353855167073  0.499113117142654
0.43  -40.9325912604801  0.8748460858109421
0.44  -21.727794153435187  0.4262583224983505
0.45  -38.789659682867956  0.9999999451503794
0.46  -21.91801967051519  0.363051332971006
0.47  -40.78965963525527  0.9999999927678216
0.48  -42.92094469037894  0.8849555072117292
0.49  -34.78966580261142  0.9999938248157733
0.5  -42.78965963005194  0.9999999979716698
0.51  -70.79213531316155  0.9975301940623587
0.52  -43.8943585688425  0.5738204537697691
0.53  -40.9187685442981  0.8868809666160216
0.54  -42.82600326657115  0.9646287514538882
0.55  -41.493150334802024  0.6998538140513079
0.56  -42.96800638458454  0.8446846276744006
0.57  -66.78965962807906  0.9999999999447481
0.58  -64.7896596285882  0.9999999994355578
0.59  -40.78971119712141  0.9999484281241482
0.6  -72.78965962802387  0.9999999999999453
0.7  -44.31092592291198  0.440797766899292
0.8  -45.09544130790225  0.2863035878339396
0.9  -74.18576705626562  0.49508313764965484
1.0  -73.9332929223861  0.5535540122046441
1.1  -103.48280680858387  0.7070714214274206
1.2  -73.67984639439535  0.5885647206836194
1.3  -73.88712718004419  0.48504345990921444
1.4  -102.79213531316191  0.9975301940620008
1.5  -106.82834701877641  0.9623732589092455
1.6  -109.4943766069807  0.6989970272699246
1.7  -109.14338763805502  0.7211775273435139
1.8  -110.9168839014536  0.888551577185277
1.9  -107.9746565366866  0.5327256629932505
2.0  -146.78965962802383  1.0000000000000004
2.1  -140.78965962802383  0.9999999999999954
2.2  -148.78965962802383  1.0000000000000002
2.3  -194.78965962802383  1.0000000000000002
2.4  -109.07369938923277  0.7667469411458719
2.5  -150.78999503439672  0.9996646725798843
2.6  -146.825635927772  0.9649831449355011
2.7  -150.92094468867398  0.8849555087207363
2.8  -196.78965962802383  0.9999999999999989
2.9  -196.78970502692303  0.9999545986215863
3.0  -198.789659740559  0.9999998874535903
3.1  -194.78999503439672  0.9996646725798847
3.2  -194.78965962802383  1.0000000000000002
3.3  -202.91876853685366  0.8868809732191919
3.4  -150.83045057411553  0.9603536582339721
3.5  -151.49317279116073  0.6998380952110719
3.6  -186.78965962802383  0.9999999999999989
3.7  -190.78965962802383  0.9999999999999994
3.8  -252.78965962802383  1.0
3.9  -202.78965963008497  0.9999999979386277
4.0  -256.7896596280238  0.999999999999999
4.1  -246.79213531316154  0.9975301940623575
4.2  -248.78999503439672  0.9996646725798845
4.3  -193.48280686485134  0.707071381634339
4.4  -304.7896596280238  1.0000000000000002
4.5  -256.7896596280238  0.9999999999999992
4.6  -252.9165876390668  0.8888148448219265
4.7  -197.48280680858377  0.7070714214274967
4.8  -462.7896596280238  Inf
4.9  -202.8081834983002  0.9818095015479202
5.0  -252.78965962802383  1.0
