#mmax= 10
#m-states: all states (FBR)
#Nr. of sites: 6
 
0.0  1.0 
0.1  0.996828806118447 0.002555609762051633 0.0006153277240513285 1.5682228459854056e-7 9.957316558920364e-8 
0.2  0.9866863402149676 0.010967600038829007 0.0023403804856075155 2.7700653901365256e-6 1.7013822739089708e-6 1.2078129313964213e-6 
0.3  0.9671518927943119 0.02802245212921251 0.0047829449991784465 1.686194579699096e-5 1.5545135674005804e-5 9.919891304275514e-6 1.4013152623014333e-7 1.2955658607445023e-7 1.1341641005044231e-7 
0.4  0.932734433759987 0.05984672056264117 0.00722686477329394 8.048783975402309e-5 6.867807404574508e-5 4.010029387882698e-5 1.081730106618398e-6 1.0549574358347104e-6 4.774079541848996e-7 5.338758063883551e-8 2.4883957694133775e-8 2.232936413709046e-8 
0.41  0.9281682117701834 0.06417913883181868 0.007434996394804741 9.119776497258673e-5 7.778119653448063e-5 4.558200823091593e-5 1.2694017479765652e-6 1.228711317234746e-6 4.915526473182293e-7 6.80685437396194e-8 2.830780393624103e-8 5.991395102160616e-9 
0.42  0.9233617952312521 0.06875921428272981 0.007633085332390491 0.00010266189192496856 8.783748394058664e-5 5.17826855741986e-5 1.4795600808745842e-6 1.4097647570624058e-6 5.878488444021883e-7 7.978687756225723e-8 3.646559898935538e-8 2.966602915074891e-8 
0.43  0.9183103755239721 0.07359336558689698 0.007819648641724858 0.00011486373194995769 9.890493312594956e-5 5.869927549190994e-5 1.709607784725561e-6 1.6107139535753816e-6 6.476163920671779e-7 9.678494003898638e-8 4.374494594766282e-8 3.3838821759677905e-8 
0.44  0.9130113447806599 0.07868484719275819 0.007993939391350027 0.00012770172027280012 0.00011102197455300696 6.642163037545956e-5 1.9606942498275384e-6 1.8323464940882512e-6 7.102833820448326e-7 1.2088707217960326e-7 5.2154398704145556e-8 3.841986266664845e-8 8.524570491495148e-9 
0.45  0.9074614526163967 0.08403782031992521 0.008155201427177032 0.00014096979807252778 0.00012421240542879948 7.501871170643348e-5 2.228905696566879e-6 2.059345180426672e-6 7.77765983148684e-7 1.440800819783859e-7 6.192146812150414e-8 4.33855734520464e-8 9.317310088862568e-9 
0.46  0.9016479551739244 0.08966543293515576 0.008302637474522662 0.0001548346012976945 0.0001385578521802343 8.458839908418196e-5 2.516704563493e-6 2.3019007968868654e-6 8.605653270351619e-7 1.7255300561943674e-7 7.345869592305278e-8 4.8900810653940995e-8 1.0462129087546977e-8 9.01850704131706e-9 
0.47  0.8955818045475217 0.09555782926606973 0.008435635022803555 0.00016890865783225742 0.00015399792064134648 9.518178014934814e-5 2.8194207334071325e-6 2.5503600971627855e-6 9.192244043322057e-7 2.02978444785097e-7 8.555305514209052e-8 5.415438423272515e-8 1.1113863217629896e-8 
0.48  0.8892630765603823 0.1017151943031082 0.008553842494353025 0.00018310406532641673 0.00017055929332323162 0.00010687598949977531 3.135601868922698e-6 2.8054172950263203e-6 9.95005635647019e-7 2.3979241312538816e-7 9.96869492964507e-8 6.002951360951477e-8 1.1760331560569858e-8 
0.49  0.8826964651761354 0.10813313108202718 0.008656972370364842 0.00019735040681602477 0.0001882266846282598 0.00011974159568041345 3.4631814035176503e-6 3.0676391286518343e-6 1.0916404920524423e-6 2.820516445187083e-7 1.1605145543755096e-7 6.660691031721339e-8 1.3107379868348038e-8 1.2405933970646574e-8 
0.5  0.8758713337763784 0.11482338787313373 0.00874397712298065 0.00021159451427349755 0.0002069824228215599 0.0001338864457928407 3.801508194775048e-6 3.3312517986864427e-6 1.1572178893186185e-6 3.2875827429446653e-7 1.3253088202408613e-7 7.261680063870444e-8 1.3960779490655087e-8 
0.51  0.8688110676642783 0.12176231380522695 0.008815321205592645 0.00022675425201854686 0.0002255538039770836 0.00014933961226317897 4.145484722696321e-6 3.5951411247652246e-6 1.264509276719076e-6 3.817567477628427e-7 1.527320485905102e-7 7.988376574708762e-8 1.5083641330044422e-8 1.5065315815493782e-8 
0.52  0.861527926417795 0.12893819690181985 0.008870841133295207 0.00024741573851269605 0.00023903837972355862 0.0001661493188315998 4.49155650912074e-6 3.853513735602159e-6 1.3546506890832492e-6 4.40185244148332e-7 1.731468624240979e-7 8.675200669152624e-8 1.6417897674390595e-8 1.5887077543458016e-8 
0.53  0.8540146093398682 0.13635856339778993 0.008910025414244297 0.0002689642427928632 0.000252183321932988 0.00018442851491254526 4.840343158172988e-6 4.109465306344817e-6 1.4472933160137535e-6 5.053387670997033e-7 1.9507846129023115e-7 9.370896675947062e-8 1.7802065883658798e-8 1.673841783223098e-8 
0.54  0.8463299568138268 0.14396400023764613 0.008934508289459376 0.00029108465802798626 0.0002643712045421465 0.0002040867315087439 5.192340953393959e-6 4.355596983770274e-6 1.5234073007954e-6 5.762338717583507e-7 2.2147667776035915e-7 1.0068503738383296e-7 1.7288752717572373e-8 5.035411187393443e-9 
0.55  0.8384564883901618 0.15177191369131865 0.008943821784577288 0.0003138433672247348 0.00027588680249687265 0.00022524538642797802 5.520281862260582e-6 4.585278496715708e-6 1.6505847547846152e-6 6.541609462434645e-7 2.4276197707052286e-7 1.0834009269913093e-7 2.088037931265351e-8 1.8289283196468035e-8 
0.56  0.8304027098930962 0.1597744770555641 0.008937519487096828 0.0003370541598606555 0.00028669087128806127 0.0002479710070169625 5.851552904092624e-6 4.807919725360547e-6 1.7547190583331461e-6 7.388796889097419e-7 2.675885084673673e-7 1.1544822615700112e-7 2.234419388321174e-8 1.907377286018127e-8 
0.57  0.8222303191622251 0.16790872719728392 0.008917707200073524 0.0003604198963902211 0.00029636422227946336 0.0002721275442873251 6.16937858584408e-6 5.0124822133606645e-6 1.8640362983966395e-6 8.296582735062123e-7 2.9300150174735504e-7 1.2264372081381595e-7 2.383327168958715e-8 1.9743594851924894e-8 
0.58  0.8139222702069354 0.17619192561128552 0.008883779924319452 0.0003839199346067097 0.00030518195419469897 0.0002978451870278256 6.4758748006540545e-6 5.202914058587481e-6 1.9771492339385496e-6 9.272377658648272e-7 3.1851153618846676e-7 1.296838315736324e-7 2.5298301110004866e-8 2.0512103233147564e-8 
0.59  0.8055412609782069 0.18456023187586365 0.008837744421261813 0.00040722362937402427 0.00032495406821064375 0.000312793697755171 6.764998513693357e-6 5.372620167928753e-6 2.095213896092309e-6 1.0302285282625855e-6 3.4374243630557346e-7 1.3667816389113847e-7 2.6759353416143176e-8 2.108826811360223e-8 
0.6  0.7970848627242224 0.19301576806760834 0.008779626531421994 0.0004302577599683283 0.00035353668061899703 0.00031941716892985476 7.053024334259097e-6 5.531890962962905e-6 2.2245796935764133e-6 1.139211841295724e-6 3.796449330726552e-7 1.4492087265498648e-7 2.864242787259825e-8 2.1742444105461157e-8 7.409720562594889e-9 
0.7  0.7142452992956799 0.27633408078815497 0.0077567413727106325 0.0007008284207051994 0.0006098094129799268 0.0003316935010080234 8.690677144885699e-6 5.966285013174175e-6 3.6794536886420936e-6 2.375410691928511e-6 5.588468879046261e-7 2.012965902773261e-7 3.99914651186664e-8 2.4748118265056838e-8 1.0499161335216717e-8 
0.8  0.6465068069916384 0.34492322295210426 0.006511723729530639 0.0010900966175257422 0.0006549823804034782 0.0002900174266753294 8.654704766084644e-6 5.251203995912811e-6 5.0524133051313515e-6 3.3059784984302317e-6 5.714690791405853e-7 2.272561992669933e-7 4.370432754548242e-8 2.4234662127019588e-8 1.2230571313226326e-8 6.706716601884281e-9 
0.9  0.5986622864964426 0.3935417705832211 0.005480731502281587 0.0014422301515590562 0.0006053989758770727 0.00024507262542912314 7.886444235481983e-6 6.48312599507126e-6 3.824212655996292e-6 3.4738316442775622e-6 5.125528432676403e-7 2.3680675620606287e-7 4.0528175758985815e-8 2.1726690263728943e-8 1.3376876718343559e-8 9.606636601223074e-9 7.452679984626166e-9 
1.0  0.5667410099444808 0.42604661102264035 0.004727200743805768 0.0017280004773962197 0.000524470754628417 0.00021192459742003608 7.182947261950879e-6 6.986267018514568e-6 3.0642792448489093e-6 2.785542167973395e-6 4.4084291871244017e-7 2.335828646193814e-7 3.4688179040043046e-8 1.8591190575420446e-8 1.3945937654267208e-8 1.1541431815955549e-8 1.0231413231714068e-8 
1.1  0.5456153492031769 0.44758899539571123 0.004192922552966028 0.001949102056018162 0.0004453422907807136 0.00018952162488519272 7.414662306445748e-6 6.1794511517222e-6 2.456187342440633e-6 2.0287946879088044e-6 3.784653429638612e-7 2.2563233136196492e-7 2.87866424715787e-8 1.5544419736013693e-8 1.4351715369579603e-8 1.2695448648342544e-8 1.230507275269573e-8 
1.2  0.5315234412426946 0.46197681580994254 0.0038142265336774256 0.002115990588815036 0.0003786078562683411 0.00017407803271919577 7.316928927831963e-6 5.5112974124612065e-6 1.8839305103961675e-6 1.5043375027418387e-6 3.2946154652280095e-7 2.1628762276280165e-7 2.410171681692649e-8 1.4555297671352915e-8 1.4461567579530346e-8 1.2879957947339982e-8 1.1693820447042717e-8 
1.3  0.5219402079546946 0.4717748748663905 0.003540747166194318 0.0022411570743195003 0.00032501611688641783 0.00016286716225733392 7.017297654152108e-6 4.971419439848422e-6 1.4273020354470904e-6 1.1446538260423678e-6 2.9098256879587827e-7 2.0656686188823647e-7 2.0672480555647127e-8 1.54642258344766e-8 1.4550464502583686e-8 1.0621498068090028e-8 1.0128200593131488e-8 
1.4  0.5153068946732479 0.4785684231569098 0.0033396013574553745 0.002334639190013816 0.00028260829553917186 0.00015417679336768452 6.61341956195027e-6 4.535810017738125e-6 1.0879946977232352e-6 8.95688158199752e-7 2.6100437603130005e-7 1.9735571985670524e-7 1.8088054810241655e-8 1.5878404306306537e-8 1.4338966130138004e-8 8.784497096237515e-9 8.171012429010226e-9 
1.5  0.5106419619615425 0.4833564564240977 0.003189031085294015 0.002404138885103772 0.0002490416238423029 0.00014699529841971537 6.166079308680381e-6 4.180291602237864e-6 8.359714815252839e-7 7.177096335382648e-7 2.3499055588013086e-7 1.8890564320734746e-7 1.5818287876455337e-8 1.3892776411307004e-8 1.3767336966571171e-8 7.295073794796799e-9 
1.6  0.5073106345510834 0.4867850520401251 0.003074320568556135 0.002455613865071306 0.00022227526350077819 0.0001407970427090523 5.723540153320744e-6 3.886203576465144e-6 6.591993820751182e-7 5.899885087625959e-7 2.178022163062471e-7 1.8206745521136876e-7 1.529115297195604e-8 1.3353530215052623e-8 1.289637896028576e-8 6.3266000967087055e-9 
1.7  0.5048919112402399 0.4892826773843228 0.002985282319092934 0.002493781827057029 0.00020066218832265686 0.00013529113225069586 5.301923685724838e-6 3.639874534079093e-6 5.314153699205147e-7 4.955397797868588e-7 2.0411035398151672e-7 1.7621558060011062e-7 1.4501599307658937e-8 1.2711729933094143e-8 1.1892444337362401e-8 5.723637034641099e-9 
1.8  0.5031148661709994 0.49112532927179825 0.002915108246175712 0.002521841418479378 0.00018298883187459387 0.0001302778341380568 4.910149889876176e-6 3.4287879887731553e-6 4.3415256127929337e-7 4.1870192232103866e-7 1.9214047748867007e-7 1.6886933150073706e-7 1.3509447980157662e-8 1.2002949914790198e-8 9.911965108811896e-9 
1.9  0.5017962589098935 0.492499495183944 0.002859080690698766 0.002542214823292384 0.0001683933975519136 0.00012564694064096357 4.554293566460265e-6 3.246947805346366e-6 3.6535115317828135e-7 3.643405417491315e-7 1.8270653145627332e-7 1.6391629816604767e-7 1.2480119871938268e-8 1.1280263032771224e-8 8.737698505082315e-9 
2.0  0.5008049238641717 0.49353870355649904 0.0028136513096804856 0.0025568809739654167 0.00015617477090102205 0.0001213466978609906 4.233402718356526e-6 3.0876582319141433e-6 3.208535831013166e-7 3.1284716034060277e-7 1.747896406271732e-7 1.5942691307689137e-7 1.1524547914071976e-8 1.053668896435928e-8 7.787437356649551e-9 
2.1  0.5000542219425881 0.4943312955886268 0.0027763866473872667 0.002567136241362873 0.00014583673391842383 0.00011732305180852507 3.9455634316707645e-6 2.94580510635404e-6 2.855959726607008e-7 2.722324527971214e-7 1.6795016187206703e-7 1.5530082661494637e-7 1.0568250052086995e-8 9.827920424805942e-9 6.950186437335998e-9 
2.2  0.49948060726147586 0.4949418968136704 0.002745500470596738 0.0025740928750144555 0.00013700653483982643 0.00011355250045617695 3.6889697514390416e-6 2.818676568641796e-6 2.563713103969141e-7 2.399284210934113e-7 1.6255483692011424e-7 1.5202652656830047e-7 9.646392928738806e-9 9.138552088322717e-9 6.231587192537854e-9 
2.3  0.4990391555927086 0.4954164266540981 0.0027195813516229096 0.002578504143665756 0.0001293838518684011 0.00011001015599433867 3.459522882827709e-6 2.703353832205631e-6 2.3185102043926353e-7 2.1401398139771742e-7 1.5767428133280629e-7 1.488579446900642e-7 8.85933653480768e-9 8.491739581238431e-9 5.625023317413424e-9 
2.4  0.4986970853922701 0.4957883191616461 0.0026976196303840705 0.0025809943281227925 0.00012273793151247746 0.00010667758061987856 3.2537124563286e-6 2.598185574749991e-6 2.0986557051764442e-7 1.9245958957094138e-7 1.5042176025673476e-7 1.4541728936292043e-7 8.09134014795757e-9 7.821864079952434e-9 
2.5  0.49843029352025614 0.49608216938316596 0.0026788201310700603 0.0025820184091280758 0.00011691212939877365 0.00010354338242928774 3.0702206503983367e-6 2.5013890190147167e-6 1.9211751265984256e-7 1.7490850052142076e-7 1.4689713364986057e-7 1.428516842804578e-7 7.3897868664288966e-9 7.270263675928283e-9 
2.6  0.4982213160315348 0.496315839083962 0.0026626036876433033 0.002581935549076044 0.00011176174345913108 0.00010059119820173073 2.9054698273962512e-6 2.411878543910904e-6 1.769502981452192e-7 1.6033506917020926e-7 1.4398254015519192e-7 1.4066774206051748e-7 6.795008920884523e-9 6.627092499303116e-9 
2.7  0.4980567618665903 0.4965030691442689 0.0026484817565194854 0.0025810128193351476 0.00010717528459771745 9.780929488954503e-5 2.7575297360438777e-6 2.3288592005877452e-6 1.633358007717891e-7 1.476269779731561e-7 1.4133703600555846e-7 1.3862148367854019e-7 6.299675724868232e-9 6.223887847942863e-9 
2.8  0.49792660881094275 0.4966541539154805 0.0026360770111867452 0.002579458473698771 0.00010306441632018612 9.51864310503284e-5 2.623979932857936e-6 2.2515135783696954e-6 1.5139142966045875e-7 1.389747594557375e-7 1.367398391807171e-7 1.3672348883368905e-7 5.849159863816899e-9 5.769132788474376e-9 
2.9  0.49782334574476583 0.4967768085269841 0.0026251048934244512 0.0025774377317632257 9.935841174454079e-5 9.271171735335669e-5 2.502984857604049e-6 2.17911402766636e-6 1.4089711789028864e-7 1.3684678768594936e-7 1.3499981380151283e-7 1.2732616377634195e-7 5.467392008376687e-9 5.3378037871224595e-9 
3.0  0.49774129847697185 0.4968767868376395 0.002615384706381728 0.002575113260773294 9.600427894287376e-5 9.037776640138997e-5 2.393340570940015e-6 2.1114789514019616e-6 1.3544477222588505e-7 1.3392200345494487e-7 1.3144884193991975e-7 1.1901276848638948e-7 5.081738959168295e-9 4.9432419758923755e-9 
3.1  0.4976755944569975 0.4969593959016943 0.0026065696307567806 0.0025724795664346036 9.294108200149249e-5 8.816896510135406e-5 2.2930430211304363e-6 2.0475810937782763e-6 1.3343787087657832e-7 1.321701082057841e-7 1.230842161672417e-7 1.1171818944786894e-7 4.757540759708578e-9 4.604974334075478e-9 
3.2  0.4976233122878214 0.4970274574903944 0.0025986576964017382 0.0025696929229862913 9.01412157614509e-5 8.607569283943194e-5 2.1910048894147913e-6 1.9870319740194275e-6 1.3163014067984063e-7 1.3055926948906049e-7 1.152481459082764e-7 1.0339704774280818e-7 3.8223281005237705e-9 
3.3  0.49758140947976814 0.49708409202596315 0.002591487608070606 0.0025668297209828937 8.756704751162732e-5 8.410517135334613e-5 2.1142718069756047e-6 1.924596947614857e-6 1.3049577343636438e-7 1.2960877752895227e-7 1.076645425508899e-7 9.85796115347241e-8 3.728890692504656e-9 
3.4  0.4975478254427209 0.49713158372510696 0.0025849242825596967 0.0025638727494020483 8.519699882614955e-5 8.223258431855946e-5 2.0328699150046543e-6 1.8755364245052972e-6 1.2920686957488714e-7 1.2842697376714593e-7 1.02255307276223e-7 9.254853350521719e-8 3.3730416039451662e-9 
3.5  0.4975210156009927 0.4971715114475515 0.0025788980677095984 0.00256088398149513 8.300051226885257e-5 8.045906194782314e-5 1.9623220837926238e-6 1.8254831572129815e-6 1.279878653458924e-7 1.2736947866648165e-7 9.660881645554101e-8 8.806450860295705e-8 3.492124342044417e-9 
3.6  0.49749956526808964 0.4972054169819637 0.0025733092452970246 0.0025578713085611555 8.095735381002231e-5 7.877502578900493e-5 1.8964254922153555e-6 1.7773335388075619e-6 1.2660390212434388e-7 1.2608750467672232e-7 9.142301683295099e-8 8.375793395006869e-8 3.185101026526352e-9 
3.7  0.4974825377928974 0.49723413378159415 0.0025681790174697156 0.002554925493247973 7.905320892038277e-5 7.718194771872897e-5 1.8412182084498177e-6 1.7265935263394367e-6 1.2593026426774637e-7 1.255018621552863e-7 8.58888447206054e-8 8.071110552120543e-8 2.91434074851279e-9 
3.8  0.4974690789835633 0.497258710153382 0.0025634084636460787 0.0025519913651665775 7.727755153285857e-5 7.566342429379156e-5 1.780819241805388e-6 1.6824608665657286e-6 1.2481197866752826e-7 1.2445080829944065e-7 8.172673959125238e-8 7.57887807062202e-8 
3.9  0.4974584480705633 0.49727992821954986 0.002558937501167245 0.0025490870941817416 7.561323828735619e-5 7.421828520692387e-5 1.7283675707981074e-6 1.6414869076581706e-6 1.238330330478467e-7 1.2352748133644637e-7 7.788494994235654e-8 7.249110120922466e-8 
4.0  0.4974501661875241 0.49729832203202673 0.002554731684640996 0.002546219955948659 7.404844451175293e-5 7.284128020303715e-5 1.6791905079601573e-6 1.6024867315419918e-6 1.227102826769891e-7 1.222392354321408e-7 7.433888742922184e-8 6.9449499960517e-8 
4.1  0.49744377430901265 0.4973143290431903 0.002550795067334572 0.0025434228476235643 7.257523168224705e-5 7.152745887291705e-5 1.630365666132311e-6 1.5651439101921853e-6 1.2200812731737456e-7 1.2135415858571183e-7 7.0569080086637e-8 6.66013416312348e-8 
4.2  0.4974389520895667 0.49732834575248464 0.002547073867940873 0.002540677015821035 7.11863560673607e-5 7.027549963221485e-5 1.587220281712173e-6 1.5295574773162907e-6 1.20869316344953e-7 1.2030266648942847e-7 6.752067201510572e-8 6.394807356155826e-8 
4.3  0.4974353728874301 0.4973406700871836 0.00254357537468433 0.002538017340278632 6.987430487142516e-5 6.908177017528173e-5 1.5466300198307524e-6 1.4957529495584188e-6 1.198998040381716e-7 1.1974273713676807e-7 6.469330858114936e-8 6.151655670623586e-8 
4.4  0.49743283157683066 0.4973515830743453 0.002540258868075063 0.0025354214953043383 6.863185351406058e-5 6.7941151221515e-5 1.5086842648403475e-6 1.4637004970769793e-6 1.1918531781313665e-7 1.1905290380112706e-7 6.212842567761617e-8 5.922929992162615e-8 
4.5  0.49743114405955224 0.497361295957276 0.0025371069567180536 0.002532891589148119 6.745220639324119e-5 6.684990369946088e-5 1.4727152589258462e-6 1.4330002859068463e-6 1.1847808069413034e-7 1.1836622808897198e-7 5.970047157747003e-8 5.706688796731201e-8 
4.6  0.4974301451972643 0.4973699947203394 0.0025341060093368416 0.0025304276831781725 6.633130346012495e-5 6.580516280509906e-5 1.4385452668348822e-6 1.4034578528611223e-6 1.1769123953350272e-7 1.1759741752608303e-7 5.7474833730544205e-8 5.515700548283684e-8 
4.7  0.4974296908508406 0.49737779959516265 0.0025312638185722124 0.002528048594060017 6.526619705296777e-5 6.48058979064111e-5 1.4064282023217076e-6 1.3753608997543291e-6 1.1757511548149115e-7 1.1701524239674277e-7 5.5375965915803e-8 5.329097923923351e-8 
4.8  0.4974297552930651 0.49738490133291324 0.002528502742721448 0.0025256882094729675 6.424766003207939e-5 6.384421665345121e-5 1.3754878943866637e-6 1.3479183891944882e-6 1.1648623980875804e-7 1.159307016819727e-7 5.330225225938191e-8 5.141966422836923e-8 
4.9  0.49743015899546444 0.4973913285363999 0.0025258888804601293 0.002523421228730009 6.327787221942678e-5 6.292366025671758e-5 1.3464907606114723e-6 1.3219802855738212e-6 1.157453834269271e-7 1.1539262898402739e-7 5.1459749886293694e-8 4.975766088402954e-8 
5.0  0.49743086631123734 0.4973971947816498 0.002523385140695015 0.0025212189648252475 6.235111642448831e-5 6.203979652569296e-5 1.3188638219500357e-6 1.297075510891008e-6 1.1519119761129701e-7 1.1483434574671642e-7 4.972735581112203e-8 4.81964105654691e-8 
