#mmax= 10
#m-states: all states (FBR)
#Nr. of sites: 8

0.0  -0.0  0.0
0.1  -4.227642780831667  0.4758167808018396
0.2  -19.482808237087035  0.7070704111723806
0.3  -22.162703827387983  0.4479772117386847
0.4  -44.93259125688026  0.8748460889606618
0.41  -45.22231253143144  0.6720906660226821
0.42  -43.98589375964102  0.5268289265948152
0.43  -43.48280681041492  0.707071420132478
0.44  -43.939006119795714  0.5504300189041916
0.45  -45.72953280431673  0.5625143998437842
0.46  -45.13443988604195  0.7275492688073221
0.47  -46.99731730484092  0.8205496611554802
0.48  -70.78965962803622  0.9999999999875995
0.49  -45.330974804996615  0.6081855708000001
0.5  -75.54828330370347  0.6652748721158203
0.51  -68.78965962818542  0.9999999998383848
0.52  -66.78965962880251  0.9999999992212344
0.53  -106.78965962802381  1.0000000000000002
0.54  -102.78965962802961  0.9999999999941988
0.55  -76.91658763906682  0.8888148448219069
0.56  -74.7896596280242  0.9999999999996213
0.57  -76.7896596280239  0.9999999999999264
0.58  -74.78965962802427  0.9999999999995454
0.59  -68.78965962828771  0.9999999997360816
0.6  -110.78965962802381  1.0
0.7  -114.79213531316155  0.9975301940623585
0.8  -111.48280680858376  0.7070714214274941
0.9  -112.91658763906679  0.8888148448219254
1.0  -106.91658763906685  0.8888148448218721
1.1  -154.79213531316154  0.9975301940623585
1.2  -156.78965962802383  1.0
1.3  -152.78965962802383  0.9999999999999992
1.4  -210.78965962802383  1.0000000000000002
1.5  -159.48280692111894  0.707071341841186
1.6  -158.9187692810512  0.8868803131211976
1.7  -160.792515161838  0.9971513745512612
1.8  -202.78965962802383  1.0000000000000007
1.9  -159.07344557868072  0.7669415658188065
2.0  -266.7896596280238  0.9999999999999997
2.1  -196.78965962802383  0.9999999999999992
2.2  -210.81299386074602  0.9771034942179223
2.3  -208.91876853685375  0.8868809732191184
2.4  -208.78965974059673  0.9999998874158345
2.5  -210.79004655992603  0.9996131615498164
2.6  -210.7922712791932  0.9973945625128942
2.7  -200.9165876390668  0.8888148448219266
2.8  -270.9165876390668  0.8888148448219259
2.9  -310.7896596280238  1.0000000000000002
3.0  -210.789667450493  0.999992176798663
3.1  -212.9505329002629  0.8594319217093218
3.2  -212.9188085359689  0.8868454958615098
3.3  -334.7896596280238  0.9999999999999992
3.4  -262.7896596280238  0.9999999999999996
3.5  -336.7896657722173  0.9999938552297951
3.6  -312.7896596280238  1.0000000000000002
3.7  -382.7896596280238  Inf
3.8  -326.7896596280238  1.0000000000000002
3.9  -390.7896596280238  Inf
4.0  -334.7896596280238  0.9999999999999991
4.1  -263.02920922964336  0.801244341005083
4.2  -264.8078095559423  0.9821766921881093
4.3  -266.78967191637304  0.9999877105350929
4.4  -334.7899950343967  0.9996646725798843
4.5  -400.9165883714746  Inf
4.6  -326.8078095559416  0.982176692188776
4.7  -406.7896596280238  Inf
4.8  -482.7896596280238  Inf
4.9  -396.7896596280238  Inf
5.0  -318.789659630085  0.9999999979386415
