#mmax= 10
#m-states: all states (FBR)
#Nr. of sites: 8
 
0.0  1.0 
0.1  0.9968288574338429 0.0025555642207058184 0.0006153217442441972 1.5702789472824746e-7 9.95733127146607e-8 
0.2  0.9866756171854105 0.010978719573074143 0.002339889099983302 2.7754563254435245e-6 1.70375246111001e-6 1.294932745771078e-6 
0.3  0.9668433547987924 0.02833748698655009 0.004770535054316256 2.0679801597591933e-5 1.7345980175252057e-5 1.0117148279670679e-5 1.968277007207391e-7 1.6532755986616652e-7 1.1082109839279194e-7 7.2539301758634984e-9 
0.4  0.9293640683968537 0.06325052884649132 0.007108831982777986 0.00014769778172424693 7.921882456175942e-5 4.5242316773928504e-5 2.0345318190609475e-6 1.72962737132185e-6 4.573339323516789e-7 1.206907961741765e-7 3.0753880586120495e-8 2.1491750209926705e-8 1.7421267084444113e-8 
0.41  0.9240450917755313 0.06833992228883065 0.007292833200565555 0.00017305832601133964 9.141944356267327e-5 5.2423750395761895e-5 2.4355197674929647e-6 2.0681695963126773e-6 5.080711841783085e-7 1.545373615269577e-7 3.821290281428928e-8 2.4751977423666823e-8 2.1952313525974334e-8 
0.42  0.9183592439625037 0.07380560356014391 0.0074624015607562995 0.00020059638590855014 0.00010526430055212018 6.072651272401787e-5 2.8703307202856935e-6 2.4423962965801073e-6 5.613547362716296e-7 1.8887002248487906e-7 4.7146769115902014e-8 2.8224801259393255e-8 2.5394066041823066e-8 
0.43  0.9122848195170563 0.07966991311468026 0.007616302705335613 0.00023055362809007787 0.0001209240234898246 7.032051105552694e-5 3.3462105052665673e-6 2.853074543718741e-6 6.189979409385107e-7 2.295122645099453e-7 5.750644037390068e-8 3.2001773714048266e-8 2.919682452687462e-8 
0.44  0.9057849053940835 0.08597052755122868 0.007752925995135382 0.0002633064586301698 0.00013863478539133845 8.142980593655994e-5 3.869643133218165e-6 3.3028917437916145e-6 6.787446551024022e-7 2.7933771457530476e-7 6.961692356421367e-8 3.59427176164101e-8 3.383270723052816e-8 
0.45  0.8988726931372486 0.09269581222259785 0.00787185997403681 0.0002976129552792537 0.00015838201519195714 9.417636559387768e-5 4.422044191838557e-6 3.7790585631849006e-6 7.535138077388326e-7 3.373750695205431e-7 8.418869588029584e-8 4.03617616426595e-8 3.853749050015403e-8 8.250471084582992e-9 
0.46  0.8914938304087452 0.09990066553498711 0.007971214796317322 0.0003342235047084617 0.0001804659814523032 0.00010887313240014532 5.011026238468764e-6 4.286789741280373e-6 8.250573918270579e-7 4.0578017428862623e-7 1.0052261073179126e-7 4.48503556338298e-8 4.3324043986574434e-8 9.29083355997661e-9 
0.47  0.8836769126609005 0.10755840258175794 0.00805074214932504 0.00037157470315493657 0.00020473615532817376 0.00012562893077418133 5.60934315028631e-6 4.810109099287918e-6 8.861830240554077e-7 4.827408171393198e-7 1.1818061284474579e-7 4.9049215724264796e-8 4.72128395462257e-8 
0.48  0.8754009124812032 0.11569014910844497 0.008109926016870375 0.0004096089617435535 0.00023131790746088935 0.00014470631726284312 6.2292871902060485e-6 5.35546988057397e-6 9.689083931159427e-7 5.733709252673038e-7 1.4217910417287656e-7 5.399583422417101e-8 5.16915724738185e-8 4.304114927525674e-9 
0.49  0.8666535905109269 0.12430964544067247 0.00814757123570777 0.000447865193285766 0.00026020979486934804 0.0001663449352419174 6.84825070808688e-6 5.8895791886648e-6 1.0671436807713088e-6 6.791092010024839e-7 1.611236420159664e-7 5.885098994521825e-8 5.642769985197854e-8 1.2404185505074023e-8 
0.5  0.8574478373788252 0.13340441986129178 0.008163772600053536 0.0004857561623372731 0.00029127232488095685 0.00019076371053107938 7.468715161969133e-6 6.444170210345115e-6 1.1513873615650926e-6 7.968879393265041e-7 1.883191672444771e-7 6.378764779310096e-8 5.9401431101811645e-8 5.293161479900766e-9 
0.51  0.847819605347398 0.14293879521184902 0.00815959839018061 0.0005221023109070984 0.000324232233729075 0.00021803980031099361 8.071316278466876e-6 6.976564029199999e-6 1.2754115283745796e-6 9.331210027124418e-7 2.15672202968579e-7 6.933676362751665e-8 6.425914156961803e-8 1.5174757644873828e-8 5.849921539309471e-9 
0.52  0.8378104386254036 0.15287277615618855 0.008134988030878993 0.0005559390880989809 0.0003586206880481822 0.0002482459294716282 8.633937801914973e-6 7.486502391631193e-6 1.3858973995858697e-6 1.0818977267855468e-6 2.399904738618702e-7 7.397003826701624e-8 6.684329636608884e-8 1.6077189347261148e-8 6.365592554461252e-9 
0.53  0.8274063410024207 0.16321956057460288 0.00809009196932269 0.0005875710795694069 0.00039442485106085215 0.0002816691626892456 9.165830529610525e-6 7.975777687133177e-6 1.5144012972234697e-6 1.247513096623813e-6 2.6493279273159315e-7 7.884403100544198e-8 6.940846415164122e-8 1.780823332403358e-8 6.844202611999893e-9 
0.54  0.8166642842858544 0.1739226567911066 0.008025924853006558 0.0006161360797667996 0.0004310538183921508 0.00031830548145775795 9.655808782393063e-6 8.434364434587973e-6 1.648932356617724e-6 1.4307574261374216e-6 2.870869178315566e-7 8.322190052504952e-8 7.254125759930877e-8 1.8569489980692016e-8 7.407850424409093e-9 
0.55  0.8056468330406222 0.18491890960739002 0.007944246189615214 0.0006410261602922973 0.00046797740485502186 0.00035809977643972584 1.0103055345896296e-5 8.863672420649585e-6 1.7979068916395282e-6 1.6281595512178089e-6 3.0867772708284654e-7 8.769546162207273e-8 8.34072189906588e-8 2.0183090997002233e-8 7.851021869961827e-9 7.21205544454033e-9 
0.56  0.794472906273602 0.19608878987967 0.007847933223717327 0.000661284183489135 0.000504326239621871 0.0004006877993580149 1.0488069666118215e-5 9.235033615477168e-6 1.957914641078094e-6 1.8478802298208193e-6 3.2738942281090407e-7 9.14458238580727e-8 8.138192919707176e-8 2.2810288787321177e-8 1.1991150622959423e-8 8.483774798361583e-9 
0.57  0.7830475924376883 0.20752689959665485 0.007735123471103087 0.0006782816592104243 0.0005403032811617798 0.00044665748448385255 1.0806166335314828e-5 9.576356158604465e-6 2.1313417138867307e-6 2.0688034389008115e-6 3.43644389370928e-7 9.508308001383631e-8 7.54659511847944e-8 2.42556256309295e-8 1.2019585820659595e-8 8.93342005079929e-9 
0.58  0.7715542970028946 0.21904805835840352 0.007610332314356088 0.0006909836069272914 0.0005748237571589034 0.0004953259692445738 1.1074568587195446e-5 9.880936226607669e-6 2.31598712339351e-6 2.3063208004191626e-6 3.56878406043754e-7 9.879122772377646e-8 8.901705236904859e-8 2.5799028443804836e-8 1.2988304410511361e-8 9.233949074546669e-9 8.470309319038966e-9 
0.59  0.7600389902601374 0.23060556013552364 0.007475049017381001 0.0006993988779678798 0.0006074180203051004 0.0005465078472010244 1.1264984228605737e-5 1.0132771069763996e-5 2.549328438225248e-6 2.5113562324434576e-6 3.672732636269025e-7 1.0194520879470277e-7 8.871981149844242e-8 2.7280305542900412e-8 1.344271442585994e-8 9.894790225262284e-9 8.845419880092797e-9 
0.6  0.7485605799180406 0.24213906478359354 0.007331052810985741 0.0007037956899927721 0.0006376591643004701 0.0005999759906522192 1.1390893398626453e-5 1.0339725424053938e-5 2.7962197244955604e-6 2.716219858747339e-6 3.747554198369231e-7 1.0473550304394389e-7 8.714917294023371e-8 2.868440248659642e-8 1.3782507163429804e-8 1.0322861976839204e-8 9.15416166455875e-9 
0.7  0.6470073845239951 0.34462575060295947 0.005777537815761374 0.0011872450558437827 0.0007672147286052223 0.0006039100051868009 1.051983999091558e-5 1.0029330998552472e-5 4.918828252724456e-6 4.891944495771091e-6 3.463597447117117e-7 1.178414051808977e-7 5.8619462172098565e-8 3.611791704711268e-8 1.5052255741391425e-8 1.3287202909594941e-8 1.004592226730366e-8 
0.8  0.5820160955206845 0.41054006579109265 0.004599646379606878 0.001696195985675957 0.0006680979286412307 0.0004514176008067171 9.259762613206892e-6 7.006103445625401e-6 6.491717953896068e-6 5.232231942289402e-6 2.6709065125627927e-7 1.1830388001617027e-7 3.2942080476294544e-8 3.14273533489665e-8 1.5611728886629382e-8 1.484478383844125e-8 1.0757060109632513e-8 
0.9  0.5458259000469642 0.44734173170543723 0.003881807161747879 0.002047289652411129 0.0005291319710112692 0.00034970800777470103 8.012188490262426e-6 7.100253825734655e-6 4.605996007595299e-6 4.298122686014582e-6 2.0687307203127455e-7 1.1333033382827329e-7 2.4432389506526286e-8 2.40862537727075e-8 1.621613986663774e-8 1.576255148027155e-8 1.4192903391327558e-8 
1.0  0.5259233562692058 0.46762421567888435 0.003453357573467758 0.0022712677368295713 0.00041893067493126537 0.0002882125591463727 7.072703313938192e-6 7.035683975831576e-6 3.145527540913816e-6 3.0449209940702885e-6 1.6786678109801905e-7 1.0805542237852942e-7 1.8842604442779513e-8 1.836089364784754e-8 1.684293131119754e-8 1.6433979147292743e-8 1.4269097846552671e-8 
1.1  0.5147100965515864 0.4790827750354646 0.0031895371336970652 0.002410140811519779 0.0003408570270749371 0.00024895771661330706 6.729655628456595e-6 6.28482732093297e-6 2.2246030372098666e-6 2.0743360475446013e-6 1.4266022666515891e-7 1.0330469846492965e-7 1.7476090834999388e-8 1.7019978838698986e-8 1.5082740624121596e-8 1.49584250558889e-8 1.1799849382071785e-8 
1.2  0.5081796947021557 0.48578209622691565 0.0030198857402918963 0.002495241940930471 0.0002860094620076469 0.000221767842881629 6.2658596560894e-6 5.692212312878188e-6 1.5839899494375826e-6 1.4685264046724106e-6 1.2605239966801882e-7 9.936915634640919e-8 1.761212924325568e-8 1.678209931663016e-8 1.2578558275336741e-8 1.1851883134641593e-8 9.25026750180636e-9 
1.3  0.5042628694971132 0.4898229097326632 0.0029062540563654124 0.0025464074114593875 0.00024661644475299085 0.00020146142986014997 5.777073762973775e-6 5.208751644040864e-6 1.1558255506799584e-6 1.0808126213273914e-6 1.1095920740612307e-7 9.55078169439162e-8 1.7112212017572307e-8 1.6192897684556555e-8 9.874338939386258e-9 9.317733811045044e-9 
1.4  0.5018498629058763 0.4923316251919361 0.002827228379175664 0.0025762945300030105 0.00021748629750061642 0.00018544451357507512 5.315568523722522e-6 4.80374490211673e-6 8.708057700219089e-7 8.255185616891696e-7 1.0319167748255423e-7 9.262928322471076e-8 1.6138492570658514e-8 1.5265045636278877e-8 7.983715253141807e-9 7.3359605401529e-9 
1.5  0.50032954968235 0.49392893481654077 0.0027703408109647828 0.002592739228450623 0.00019525640663684563 0.00017229376546297866 4.897813154408233e-6 4.453547367486844e-6 6.738360552931778e-7 6.381305659317418e-7 9.75801844048231e-8 9.028872250043039e-8 1.506121778720236e-8 1.438865169345717e-8 4.643673851347236e-9 
1.6  0.49935387000639303 0.49496839837011475 0.002728064057610097 0.002600685618681028 0.00017783657211933868 0.000161196593296287 4.5239593812385255e-6 4.154025782366337e-6 5.389737057081326e-7 5.188602578973568e-7 9.348125521578939e-8 8.829742963134315e-8 1.3973590119316614e-8 1.3460167888530861e-8 3.75021540665592e-9 
1.7  0.4987186746170929 0.4956576970205952 0.0026957197917632948 0.0026032475282461104 0.00016384714789980108 0.00015164809491007223 4.192970530716347e-6 3.891879823156758e-6 4.404674978082302e-7 4.345316374933654e-7 9.076852850289763e-8 8.668874498480025e-8 1.2897276564783507e-8 1.2431794988865793e-8 3.1636585526212565e-9 
1.8  0.49830054036003346 0.4961226550874064 0.0026702420504514414 0.002602415115684149 0.00015232881026661847 0.00014333023193193007 3.902524344690369e-6 3.6570826750868675e-6 3.6797423973567305e-7 3.650416721424161e-7 8.762004643864068e-8 8.496831184805308e-8 1.1745620427848616e-8 1.1387316008808384e-8 
1.9  0.4980241808301284 0.4964400040848272 0.0026497240897184263 0.002599471234793421 0.0001427027351406681 0.00013599795230571536 3.647369791845829e-6 3.4485806884763575e-6 3.167032562274568e-7 3.1613957247758455e-7 8.553688563799194e-8 8.357953176860086e-8 1.0741016572126773e-8 1.042234396528711e-8 
2.0  0.4978421002482586 0.49665847805221214 0.002632783274474004 0.0025952297469031787 0.00013450754908507362 0.00012947987740603335 3.420850059539753e-6 3.2615922269595615e-6 2.7721856012111476e-7 2.764833664862721e-7 8.350954879940256e-8 8.213671416180707e-8 9.813153032358087e-9 9.648031990159651e-9 
2.1  0.4977245539258066 0.4968085308590561 0.0026185765036376386 0.0025902553662044588 0.00012745046953060473 0.000123646765005485 3.2213730538754066e-6 3.093063146266863e-6 2.461418236833012e-7 2.447441957417641e-7 8.197475537175206e-8 8.096006217937388e-8 8.989713373445806e-9 8.864008841244983e-9 
2.2  0.49765770626190553 0.4969046846584607 0.002606436917255124 0.0025848821543641913 0.0001212937454462062 0.00011839523126420396 3.0438404535273027e-6 2.9404383022544767e-6 2.207611745815618e-7 2.1906894922337684e-7 8.065671024410304e-8 7.989827439547904e-8 8.227709702634886e-9 8.139730651645489e-9 
2.3  0.4976168233702184 0.49697216844729125 0.002595891509394742 0.0025793471744355164 0.00011586736079165527 0.0001136441600508623 2.8852192096550348e-6 2.8018105439580915e-6 1.9961245184621778e-7 1.97852284476138e-7 7.949668664085577e-8 7.892526860625971e-8 7.56784366765643e-9 7.493528614942253e-9 
2.4  0.4975980881074703 0.49701517969496695 0.002586619217797468 0.0025737935970030763 0.00011104254632501708 0.00010932630904515504 2.742828789022863e-6 2.675464080649037e-6 1.8177217030659004e-7 1.8006900803287165e-7 7.846541040876266e-8 7.80302765111854e-8 6.970986508576831e-9 6.9266706463069924e-9 
2.5  0.4975896651576665 0.4970458709355762 0.0025783669573831423 0.0025683187134184137 0.00010671888234799677 0.00010538595326740767 2.614373340224201e-6 2.559862099874295e-6 1.6658653914086801e-7 1.650063600497584e-7 7.753871107425299e-8 7.720543698995723e-8 6.4333226066317624e-9 6.3945296345920084e-9 
2.6  0.4976050485905298 0.4970510762809085 0.002570962985848092 0.002562931016848205 0.00010280954336734528 0.00010177395702491556 2.4957777054725938e-6 2.4404342623774696e-6 1.5162090091698695e-7 1.513106019386536e-7 7.670142371002836e-8 7.642327371536744e-8 5.3573058293126235e-9 
2.7  0.4976087679261712 0.497066337723239 0.0025642509427342987 0.0025577468512220257 9.927591359516447e-5 9.845037402389945e-5 2.3791203539527925e-6 2.354521890791764e-6 1.415280376251155e-7 1.3867796176147262e-7 7.590666786595884e-8 7.570611774147859e-8 4.807984537884802e-9 
2.8  0.4976180962957826 0.49707462380257345 0.0025581405113766107 0.00255273838833014 9.604474331088275e-5 9.53929285265666e-5 2.2852785994685404e-6 2.262779241243254e-6 1.314590518420123e-7 1.2907296699950363e-7 7.523347594635569e-8 7.505625591081833e-8 4.450507931638564e-9 
2.9  0.49762770129004275 0.4970814553813086 0.002552513079049652 0.0025479122263926055 9.308064828664855e-5 9.256371682826523e-5 2.19960297031067e-6 2.1775311237202633e-6 1.2238212594391392e-7 1.208067180867755e-7 7.460074764920643e-8 7.445276774236977e-8 4.281638161327195e-9 
3.0  0.49763478199263533 0.49708970194551616 0.0025473200067711393 0.00254330189704819 9.035422613573344e-5 8.994068444516982e-5 2.1205321285074985e-6 2.098950131896925e-6 1.1462178650544069e-7 1.1322885505685893e-7 7.401073434035708e-8 7.38893933869958e-8 4.01441947797532e-9 
3.1  0.4976401117250954 0.49709873769284324 0.0025424895025460597 0.0025388874067147978 8.78358378777392e-5 8.749974175840982e-5 2.0436012518938127e-6 2.029834633619319e-6 1.0775526238926804e-7 1.0634085668897396e-7 7.34557199766019e-8 7.334020077931627e-8 3.765237835131831e-9 
3.2  0.4976485562404148 0.49710378962274715 0.0025379870948867064 0.0025346538586304658 8.549862252887715e-5 8.522568819096722e-5 1.9767268848937428e-6 1.9610938255102934e-6 1.014889894515156e-7 1.0023145319673612e-7 7.294347790716906e-8 7.284161755039033e-8 3.5463515136530833e-9 
3.3  0.4976544849358402 0.4971105947591043 0.002533753646244757 0.0025306146538685323 8.332154108151393e-5 8.309588901012902e-5 1.9060616047090156e-6 1.8951403949257956e-6 9.453756004826942e-8 9.40105539824367e-8 7.245702284065912e-8 7.236771430142693e-8 
3.4  0.49765979199540505 0.49711726438541404 0.0025297714865472718 0.0025267666826725562 8.129409995461376e-5 8.110504311627268e-5 1.8465144253427438e-6 1.8373827200124077e-6 8.947922975715886e-8 8.901344951401213e-8 7.200285122724708e-8 7.191421567597359e-8 
3.5  0.4976664698998072 0.49712192473444683 0.002526007470206097 0.0025230803272690977 7.939588094156874e-5 7.923567162231867e-5 1.7906278736728659e-6 1.7830826718012318e-6 8.48283441329912e-8 8.443204162738557e-8 7.156773069535123e-8 7.147704642779672e-8 
3.6  0.49767222569851594 0.4971268835370729 0.0025224465400283916 0.002519572658903934 7.761751617594054e-5 7.747900313229314e-5 1.7389825374244095e-6 1.7326515690292456e-6 8.07268514477338e-8 8.039921568534095e-8 7.11913979490857e-8 7.109459825428187e-8 
3.7  0.4976789368493165 0.49713034575957404 0.0025190651320423922 0.002516212840321742 7.594594777927624e-5 7.582364404481494e-5 1.6901351507008024e-6 1.6847846979925954e-6 7.685119779647322e-8 7.653810374900532e-8 7.081195965477207e-8 7.070581119588745e-8 
3.8  0.4976836939247207 0.4971352509161786 0.0025158356728753072 0.0025130152956338776 7.437131817571858e-5 7.426178455247197e-5 1.6442471599560246e-6 1.639701632460299e-6 7.330247280600955e-8 7.304063015075575e-8 7.043558122481688e-8 7.036038575912446e-8 
3.9  0.49768839732589865 0.4971397492993138 0.00251275334088552 0.00250995124907466 7.288516702795912e-5 7.278520221969092e-5 1.6011450639418112e-6 1.5972511008132213e-6 7.009637195188323e-8 7.006375876059114e-8 7.001814359406297e-8 6.984113917064089e-8 
4.0  0.4976929902966432 0.49714392867205554 0.0025098069771945456 0.002507015351850366 7.148007505903481e-5 7.138728467639303e-5 1.5606317881852413e-6 1.5572595807836942e-6 6.977317110609815e-8 6.968767326601824e-8 6.709618861280377e-8 6.689411958880381e-8 
4.1  0.4976970155493499 0.4971482774225272 0.0025069812214402755 0.002504206523465359 7.014875741591667e-5 7.006175366734021e-5 1.5222014328361142e-6 1.519258613335203e-6 6.944268155022784e-8 6.939260671870285e-8 6.432467211144696e-8 6.415212861349656e-8 
4.2  0.49770139450014017 0.4971518968134407 0.002504285164668634 0.0025015037245649627 6.888617833326649e-5 6.880294760147761e-5 1.485854239166302e-6 1.4832326016263762e-6 6.918478858655563e-8 6.906240978251958e-8 6.17455009399743e-8 6.159171092275211e-8 
4.3  0.49770506199083037 0.49715587969835673 0.0025016849365106235 0.0024989238754601654 6.768609206373029e-5 6.760675965833525e-5 1.45137246292173e-6 1.4490416965820566e-6 6.885383438174978e-8 6.882672270984526e-8 5.933973974394017e-8 5.921266410998096e-8 
4.4  0.49770945540097206 0.49715881929169053 0.002499201693299865 0.002496425606849077 6.654442407938214e-5 6.646712648646782e-5 1.4186765802262557e-6 1.4165394336655084e-6 6.863670046002994e-8 6.851155736306781e-8 5.710520846965905e-8 5.698714233178774e-8 
4.5  0.49771239444188203 0.4971629119502393 0.002496794808099703 0.0024940414379818186 6.545603917613787e-5 6.538158711664038e-5 1.3875628549891358e-6 1.38562285100625e-6 6.832671213378228e-8 6.829930689756236e-8 5.501125915358598e-8 5.491251894291487e-8 
4.6  0.49771576100461923 0.49716629455291717 0.0024944904345325604 0.0024917342975925827 6.4418057264631e-5 6.434523605287727e-5 1.358026314050294e-6 1.3562141438071248e-6 6.809987175931942e-8 6.802871193965815e-8 5.306687348314689e-8 5.2981105754131955e-8 
4.7  0.4977191873013904 0.49716936023794145 0.0024922666830316004 0.002489508358351063 6.342640754254737e-5 6.335497979544595e-5 1.329852601262939e-6 1.3281426623933492e-6 6.786812159788298e-8 6.7770366098956e-8 5.1238487655966526e-8 5.115970843763656e-8 
4.8  0.4977223208162794 0.4971724673246749 0.0024901198602936218 0.002487367539784986 6.24779770415103e-5 6.240807254124663e-5 1.3029533255495724e-6 1.3013387856821143e-6 6.761544733762015e-8 6.753973281832851e-8 4.951633288715265e-8 4.944576002101698e-8 
4.9  0.49772543006623376 0.49717536588698585 0.0024880498830737096 0.002485299248055172 6.15700737522046e-5 6.150139367727797e-5 1.2772709354777132e-6 1.2757283848469255e-6 6.739602894430426e-8 6.732135602229536e-8 4.789810700543356e-8 4.7833409622745244e-8 
5.0  0.4977285337676126 0.49717805109753455 0.002486051033880822 0.0024833007729419014 6.070000090235494e-5 6.063240798260914e-5 1.2527104764128303e-6 1.2512270198557329e-6 6.71853569398851e-8 6.71108797576033e-8 4.637261886487219e-8 4.631279268106675e-8 
