#mmax= 10
#m-states: all states (FBR)
#Nr. of sites: 18

0.0  -0.0  0.0
0.1  -5.576537143441036  0.24640371359553326
0.2  -23.237181098085646  0.2877125677951396
0.3  -47.72235157493066  0.5665239153747053
0.4  -120.80780955594163  0.9821766921887758
0.41  -81.27028333022389  0.641006151171755
0.42  -114.78965962802383  0.9999999999999964
0.43  -122.7921414421628  0.9975240796216406
0.44  -116.91876853685366  0.886880973219191
0.45  -168.78965962802383  1.0000000000000004
0.46  -218.78965962802383  1.0000000000000002
0.47  -121.06028733624049  0.7769760499202262
0.48  -121.62802981793072  0.6171549370138162
0.49  -122.03120354519183  0.505026619731936
0.5  -168.78970502692303  0.9999545986215875
0.51  -164.78965962802383  1.0000000000000004
0.52  -286.7896596280238  0.9999999999999994
0.53  -166.93259125652372  0.874846089272619
0.54  -284.7896596280238  0.9999999999999992
0.55  -212.78965962802383  1.0000000000000002
0.56  -206.78965962802383  0.9999999999999994
0.57  -172.80781038747  0.9821758753969967
0.58  -170.9194378753322  0.8862875725531566
0.59  -218.825635927772  0.9649831449355
0.6  -218.78999503439672  0.9996646725798845
0.7  -220.9659310727504  0.8464371262571785
0.8  -226.9483868631631  0.8612759268586172
0.9  -284.7896604595522  0.9999991683891568
1.0  -354.8078095559416  Inf
1.1  -346.7896596283028  Inf
1.2  -346.7896596280238  Inf
1.3  -288.8078610032053  0.9821261589775389
1.4  -432.7903303283099  Inf
1.5  -498.7896596280238  Inf
1.6  -347.61777132673444  Inf
1.7  -424.7896596280238  Inf
1.8  -Inf  NaN
1.9  -512.7896596280239  Inf
2.0  -494.7896596280238  Inf
2.1  -616.7896604595522  Inf
2.2  -490.7896596280238  Inf
2.3  -600.7896596280239  Inf
2.4  -604.7896596280239  Inf
2.5  -513.0292043958679  Inf
2.6  -512.9168884935268  Inf
2.7  -512.8078095559416  Inf
2.8  -Inf  NaN
2.9  -594.7896657724963  Inf
3.0  -Inf  NaN
3.1  -594.7896596280239  Inf
3.2  -Inf  NaN
3.3  -696.7896596280239  Inf
3.4  -606.8078095709348  Inf
3.5  -698.8078095559416  Inf
3.6  -684.7896596280239  Inf
3.7  -Inf  NaN
3.8  -Inf  NaN
3.9  -Inf  NaN
4.0  -Inf  NaN
4.1  -604.8078095560159  Inf
4.2  -Inf  NaN
4.3  -Inf  NaN
4.4  -692.7896596280239  Inf
4.5  -Inf  NaN
4.6  -Inf  NaN
4.7  -698.7896596453149  Inf
4.8  -Inf  NaN
4.9  -Inf  NaN
5.0  -Inf  NaN
