#mmax= 10
#m-states: all states (FBR)
#Nr. of sites: 18
 
0.0  1.0 
0.1  0.9968288332223719 0.0025555876244977883 0.000615322483775084 1.570986955526021e-7 9.957066076733843e-8 
0.2  0.9866743198050862 0.010980078342602338 0.0023398141855104134 2.7768717924306394e-6 1.703883539669749e-6 1.3069114707087246e-6 
0.3  0.966727496263369 0.028453833698363188 0.0047667721917759465 2.3610032319675164e-5 1.7553138933739435e-5 1.0197761157601826e-5 2.3158086837237428e-7 1.846064636109178e-7 1.1047213779109764e-7 1.0254611597322324e-8 
0.4  0.9256777502546923 0.06683693178993003 0.007015704343294682 0.0003106165774322802 9.709448480695461e-5 5.276537319759882e-5 4.705313283800023e-6 2.953628959657815e-6 9.03583149111734e-7 4.526754574443392e-7 5.793620399199735e-8 4.078868204077251e-8 2.3250910158583572e-8 
0.41  0.9189781085056534 0.07325474262205679 0.0071681447678630964 0.0004042552893593533 0.00011862680316325725 6.391836467156986e-5 6.3175069031029105e-6 3.749521841918606e-6 1.4813165107022838e-6 4.747158340679326e-7 8.686715893420257e-8 5.1256536504989844e-8 3.8967028857308314e-8 3.4954183442131724e-9 
0.42  0.9114345094698871 0.08050540113626409 0.007296894217636694 0.0005227802876119322 0.0001462667491666811 7.821925120463257e-5 8.21703119047033e-6 4.7015700836320755e-6 2.1430546330721252e-6 5.668332703137549e-7 1.1838242212232349e-7 7.014986508092271e-8 6.116153146412679e-8 3.52912307225852e-8 1.5414001970375435e-8 
0.43  0.9028646136173922 0.08876494656099816 0.0073973698604764375 0.0006736103216974872 0.00018232983224178467 9.673565915205854e-5 1.0560977026585962e-5 5.8088709260959885e-6 2.967966140180958e-6 6.36808025579832e-7 1.6859789397040348e-7 9.142008564607663e-8 8.947280198910617e-8 4.451388369935825e-8 1.9845818528395623e-8 5.6754387933797224e-9 
0.44  0.8930826199943435 0.09821655593070037 0.007465612385048494 0.0008595420674097853 0.00022935779740670931 0.00012087033945837127 1.3259097951825853e-5 7.041508149484858e-6 3.869154124516641e-6 7.170641839252388e-7 2.2937674349539105e-7 1.2208490817860932e-7 1.1752981074040335e-7 5.539072913360373e-8 2.345637603081844e-8 6.8226553872979744e-9 
0.45  0.8818072274707763 0.10913217079534791 0.007496211432030744 0.0010887107823328178 0.0002915398982507759 0.00015268572019814757 1.6410650095027327e-5 8.402654795901272e-6 5.046634582199487e-6 8.335927277205918e-7 3.1441694379287187e-7 1.7207460488116608e-7 1.5146104524446706e-7 7.016244544747932e-8 2.7763202765902107e-8 1.5778939847139338e-8 8.711680292294954e-9 
0.46  0.8688105736213408 0.12174266665747656 0.007484709393687103 0.0013573522448210487 0.0003722822580915446 0.00019443613211979975 1.9822906690021854e-5 9.837997062328587e-6 6.344090779559688e-6 9.702225481761935e-7 4.247144694891156e-7 2.2965231472774903e-7 1.9058949996820582e-7 8.669011976359705e-8 3.1259653758714213e-8 2.182911153993564e-8 1.1047900665875948e-8 8.692313293923083e-9 
0.47  0.8538637621071746 0.1362835975482793 0.007427096744457552 0.0016567570336918935 0.0004753155594501102 0.00024874735937057167 2.33231259124032e-5 1.1245938583644062e-5 7.717497272890768e-6 1.1553628386558846e-6 5.645819382550643e-7 2.985304472652664e-7 2.257212588082673e-7 1.0331622567880369e-7 3.4413789717284575e-8 3.0635362339770305e-8 1.3887979184232508e-8 1.0635967641057551e-8 
0.48  0.8366652161082848 0.15306138371964553 0.007318578717807209 0.001979308683900027 0.0006047696906354298 0.00031905121298107114 2.6828169479004867e-5 1.258814696416296e-5 9.262283078489308e-6 1.4043158864409927e-6 7.400672029279442e-7 3.8302065065645697e-7 2.5673597089266886e-7 1.2059834696375508e-7 4.084925251159012e-8 3.735602459321152e-8 1.743686668629186e-8 1.288702394718573e-8 
0.49  0.8171921991392507 0.17212753911835982 0.007158818000311125 0.002295719398637197 0.0007597838809650012 0.0004076897678975617 3.0023613923718757e-5 1.3762601333870183e-5 1.0772962700877774e-5 1.732843754297282e-6 9.401009218206854e-7 4.7395705351829607e-7 2.802164313555252e-7 1.3540259263454982e-7 5.210444390269255e-8 3.992644637206922e-8 2.160345774711429e-8 1.5361519288311616e-8 
0.5  0.7954881894686829 0.19346327350740253 0.00694915215735243 0.0025807682298424127 0.0009374150011715056 0.0005167195707477572 3.2819839752122506e-5 1.4709824862798116e-5 1.2414656327451719e-5 2.152157048422718e-6 1.1671359157217353e-6 6.085900049913811e-7 2.948792789473816e-7 1.4830310899767505e-7 6.402925822310433e-8 4.243550993996969e-8 3.273908544644048e-8 1.8190259438834945e-8 9.284389396417129e-9 
0.51  0.771884552518926 0.21677086876645613 0.006695362894833463 0.002805137979571995 0.0011282391104546748 0.0006463257625975483 3.4917384887881174e-5 1.537567933261586e-5 1.3824067775384934e-5 2.6619380822643325e-6 1.3758116666050386e-6 7.13473033483101e-7 3.0059050912741304e-7 1.5548835516796927e-7 7.415492299976358e-8 4.442243216941637e-8 3.9124566132452417e-8 2.123708324999315e-8 9.594513063387887e-9 
0.52  0.7469277808023731 0.24152831797720986 0.006406906224083857 0.002949506900480687 0.0013192659459226872 0.0007947951029690903 3.6273440975188775e-5 1.574977921452967e-5 1.5103761841932793e-5 3.2559289530816048e-6 1.5489371921122439e-6 8.188264932980892e-7 2.9901186925383897e-7 1.5810470080458685e-7 8.286894065017437e-8 4.616552252609572e-8 4.531905696914928e-8 2.8929322932548577e-8 9.887847769726546e-9 6.0850303141800406e-9 
0.53  0.7213650255445965 0.2670031608684576 0.006096200151959832 0.00300621969458017 0.0014951455922825145 0.0009581641680671304 3.685784662095164e-5 1.6230291885369094e-5 1.5842564697524925e-5 3.9053184030785535e-6 1.6638032727151506e-6 9.012417868177163e-7 2.9155717413499573e-7 1.5618118556081376e-7 8.748710216523602e-8 5.0613292497244794e-8 4.756053216751142e-8 3.268007441460755e-8 9.989270509733738e-9 6.844760111707159e-9 
0.54  0.6960317212448682 0.29236104902607074 0.005777037487445252 0.0029804517604887014 0.0016414675188346692 0.0011307834731409548 3.670245041802599e-5 1.717074309389382e-5 1.5698378157368234e-5 4.5820310503641345e-6 1.7052597453225395e-6 9.554988460960964e-7 2.799262733047773e-7 1.5089692325131827e-7 8.834919118934995e-8 5.454485719385187e-8 4.833439430142778e-8 3.5721485698023836e-8 9.89488421106234e-9 7.459832476480946e-9 
0.55  0.6717208462751351 0.31679732112704473 0.005462525019294348 0.002887121011392521 0.0017482769094959109 0.001306155271519187 3.590901306905903e-5 1.790716502192918e-5 1.5374840533294715e-5 5.253350425786589e-6 1.6770287877862415e-6 9.760970917769685e-7 2.66346304664624e-7 1.4389077263311112e-7 8.624925745820615e-8 5.6761334613328234e-8 4.8534313160538605e-8 3.7546461168687044e-8 9.736509784343852e-9 7.826235692257752e-9 
0.56  0.649030740777606 0.33969222563297996 0.005162846576285566 0.0027464648074582787 0.0018121875500080552 0.0014784493325342293 3.463332350983384e-5 1.8436184372394025e-5 1.4934431819271848e-5 5.891535058155725e-6 1.5915140881877194e-6 9.664527251976118e-7 2.521179913526104e-7 1.366632720851888e-7 8.197102507153328e-8 5.737376740021951e-8 4.7951752752952394e-8 3.8226062513448523e-8 9.519792625704153e-9 8.057892044051113e-9 
0.57  0.628406930182463 0.36057718504290326 0.0048857500800254285 0.002577549968101024 0.0018346890863371334 0.0016422267414413932 3.301656387943851e-5 1.8735852054498754e-5 1.442827655276306e-5 6.478610366657331e-6 1.4676449143450865e-6 9.303357459697634e-7 2.3782258980839696e-7 1.3013973239778208e-7 7.632772573323275e-8 5.644883386243274e-8 4.9821385932485774e-8 3.781295337274301e-8 9.058414651323601e-9 8.331710988694276e-9 5.8518693232136226e-9 
0.58  0.6099545326630952 0.37932308396844083 0.00463396761732732 0.0023973718505354855 0.0018224571717068594 0.0017948644406623284 3.120517948479413e-5 1.88403687307885e-5 1.3900021711418647e-5 6.990419147443165e-6 1.3266897155306452e-6 8.775494137049644e-7 2.2571413418670495e-7 1.251873181856892e-7 7.282464775827284e-8 5.455240567626356e-8 4.624513627635654e-8 3.6605080282646525e-8 8.89731302059619e-9 8.125161081751094e-9 3.908832158533844e-9 
0.59  0.5937899201008221 0.39579566643266495 0.00441016951867546 0.0022170260717597184 0.0019333112418221702 0.0017825174730249115 2.931037635800821e-5 1.8746010277041255e-5 1.3379484512435803e-5 7.42394239092024e-6 1.1714748358150975e-6 8.115736679825991e-7 2.1343505733406752e-7 1.2158009720745686e-7 6.713656159744872e-8 5.188187407505357e-8 4.095370892506366e-8 3.4867093214551874e-8 8.533580833270496e-9 7.911215791083006e-9 
0.6  0.5796210926414551 0.4102717316828699 0.00421112814580391 0.002058786832602234 0.002044698668877652 0.0017237298840394298 2.7400922013034835e-5 1.8497662879913682e-5 1.2882911919448704e-5 7.795084842545506e-6 1.0101820457029214e-6 7.332867663754984e-7 2.0180564752204813e-7 1.1928546704469758e-7 5.7186083539103824e-8 4.877555638054385e-8 3.6382962141855966e-8 3.287159836409642e-8 8.102219859846174e-9 7.684350671475608e-9 
0.7  0.5140096088394537 0.478047412925891 0.0032152976927297674 0.0026877687580275033 0.0010020334782172638 0.0009921258385731286 1.3755507350906764e-5 1.258475795418603e-5 9.820064645490962e-6 8.888319577206954e-6 1.930261291398875e-7 1.7426767661120346e-7 1.3728299555034354e-7 1.1408746939667194e-7 2.3805523454482048e-8 2.1907768180548853e-8 2.0340294427175924e-8 1.9099724175337465e-8 
0.8  0.5007971931628825 0.49217727655790444 0.0029467035071502664 0.002804267314979127 0.0006263389367547216 0.0006153714012240016 8.546635908292975e-6 8.38283238306504e-6 7.821951086660474e-6 7.697441113620768e-6 1.155546405856828e-7 1.0925678622614479e-7 5.247852104480563e-8 5.121846583510042e-8 1.9242425157846907e-8 1.9212251917005155e-8 1.694690076318513e-8 1.634861963062294e-8 
0.9  0.49810719684358556 0.49532828778290683 0.0028459644187759457 0.0028024387522916708 0.0004476752044800701 0.00044313629428860066 7.715446387399504e-6 7.673925309357523e-6 4.817273102898983e-6 4.790257497649806e-6 1.0421774299188383e-7 9.94510910100561e-8 2.606210895988445e-8 2.344762717245077e-8 1.9027018863645243e-8 1.8834910133957027e-8 1.2760875050923784e-8 
1.0  0.4973500544370352 0.4963611665742608 0.002792078833220939 0.0027775806006799853 0.0003501234743822575 0.0003484695898593384 7.019510986324969e-6 7.012212583043382e-6 3.1110035777877827e-6 3.1081337840026047e-6 9.800495005479297e-8 9.427722660516419e-8 1.8850079798377223e-8 1.8765392559523964e-8 1.8212866988337696e-8 1.7700309241360744e-8 9.818805440694347e-9 
1.1  0.4972340291093927 0.49666336746337847 0.002755668417819465 0.0027499812626286487 0.0002901790136144294 0.00028952411541995364 6.409803564394157e-6 6.402609188533154e-6 2.0981587335161444e-6 2.0959465101605272e-6 9.005667089410723e-8 8.98443721386611e-8 1.8307303046013024e-8 1.7863605125410957e-8 1.4054694942485607e-8 1.3973103160573775e-8 
1.2  0.4972853610351297 0.49674777848123414 0.0027279075013081134 0.002724472608812015 0.00024995523769326313 0.00024960856251396825 5.870332300413333e-6 5.863815207367726e-6 1.4764707302076674e-6 1.4749201816137038e-6 8.68228158464375e-8 8.671053877328125e-8 1.7588427512517778e-8 1.735164535922932e-8 1.1321934367230952e-8 1.1239527085143376e-8 
1.3  0.497168592901406 0.49696931185719945 0.0027041788458421435 0.002702889374822272 0.0002209947588150485 0.00022086951094683871 5.391546245035768e-6 5.389086348770542e-6 1.081421716383126e-6 1.0809677251766532e-6 8.417790816041427e-8 8.413329689414069e-8 1.6673279973529555e-8 1.6649614419587286e-8 9.064118169639473e-9 9.030716352969085e-9 
1.4  0.49763719122089295 0.4965848900862701 0.002686807479836993 0.0026811184543534504 0.00019931189676942985 0.00019888869869775721 4.975313805011689e-6 4.964759846039352e-6 8.222133254429002e-7 8.204628818159609e-7 8.205767883413501e-8 8.188452350164028e-8 1.5645562736547564e-8 1.5609788428070398e-8 7.115008943471187e-9 7.100760216787101e-9 
1.5  0.4980925166294025 0.49619926961782634 0.002671931179928848 0.002661755747549087 0.0001822917847610737 0.00018157042510135463 4.6083369977640845e-6 4.5888911075447365e-6 6.45008456977376e-7 6.284295375551834e-7 8.025386036251994e-8 7.990937600732542e-8 1.456759604134395e-8 1.436726198140001e-8 4.8512379894842e-9 
1.6  0.49846534074297166 0.495885351463046 0.0026585980571034134 0.002644844953389511 0.0001684842245838591 0.00016761435388649876 4.284408103400736e-6 4.262210532877857e-6 5.191194122500407e-7 5.132612323514345e-7 7.866716305595731e-8 7.826444401774489e-8 1.3490079808062021e-8 1.3355753558615853e-8 3.428296030131901e-9 
1.7  0.49853473805023624 0.49586663224519545 0.002645360295206232 0.002631209678394095 0.0001569520443917859 0.00015611242156446264 3.99597706292909e-6 3.974614087776235e-6 4.2411566372443367e-7 4.218453730183091e-7 7.726015739733759e-8 7.684567570678464e-8 1.2336282384200529e-8 1.2270709973421955e-8 
1.8  0.49853583461403395 0.49590971666618494 0.0026331647670432196 0.0026192939608068585 0.00014720461146126206 0.00014642906936358674 3.7414459630214844e-6 3.7217249767880395e-6 3.6039099296211414e-7 3.5848470167056377e-7 7.603124051361759e-8 7.5630797687192e-8 1.1338619855955479e-8 1.1263815096391797e-8 
1.9  0.49851786670950965 0.4959666970401934 0.0026220422654406887 0.0026086244998821248 0.00013883782429376413 0.00013812735849010898 3.515255197121601e-6 3.4972655407907306e-6 3.115584880803081e-7 3.0996408043510635e-7 7.492976163300549e-8 7.454679431794039e-8 1.0418609691435053e-8 1.0363720024770332e-8 
2.0  0.49869669662436106 0.4958226284551981 0.002612963423807863 0.002597904926590156 0.00013162119332284016 0.00013086265624917654 3.3149425433236645e-6 3.295835699299353e-6 2.7344379441439847e-7 2.718673427800317e-7 7.398009133968733e-8 7.355416276798244e-8 9.576027161066468e-9 9.520810174332158e-9 
2.1  0.4987733880894337 0.49577715365093666 0.002604218236068186 0.0025885734250404835 0.00012526022546757482 0.00012450771648346665 3.135066331269547e-6 3.116227741366048e-6 2.427733867430185e-7 2.413144152834743e-7 7.310291260605606e-8 7.266282516735316e-8 8.789492446922685e-9 8.719466632318799e-9 
2.2  0.498803998952491 0.49577473569643876 0.0025960029186491203 0.002580237777752179 0.00011961411779835387 0.00011888775086706532 2.9732102988376784e-6 2.9551563096559757e-6 2.1771848210994662e-7 2.1639699762691806e-7 7.230866745082668e-8 7.186819978473211e-8 8.088985957117102e-9 8.038062900948337e-9 
2.3  0.4988652252014421 0.49573919126991167 0.0025885915389919933 0.002572365351194211 0.00011457889258372686 0.0001138605756397518 2.8274030692199637e-6 2.8096602227583455e-6 1.9691040377521587e-7 1.956730305269017e-7 7.157419291819341e-8 7.112252778311155e-8 7.442058013792547e-9 7.384732264297527e-9 
2.4  0.49887608523674926 0.4957518234939911 0.0025814903752608533 0.0025653222673930084 0.00011004090970137888 0.0001093516699741828 2.69507234943445e-6 2.6781979584698776e-6 1.7941890477467928e-7 1.7829445830076516e-7 7.091258535647114e-8 7.04670971009122e-8 6.860325201566352e-9 6.823252709612678e-9 
2.5  0.4988572283531181 0.4957923725472517 0.002574718097467567 0.0025589014587386228 0.0001059215142218258 0.00010527181195298427 2.56381778885433e-6 2.5518553897823e-6 1.628077252686044e-7 1.621495357388358e-7 7.027177849996674e-8 6.980658602451035e-8 5.508445564861224e-9 
2.6  0.49894125839046743 0.49572827666902364 0.002568962403109159 0.0025524095073227553 0.00010220616817379445 0.0001015446533220714 2.4596530356695464e-6 2.43871312767668e-6 1.5095327307267357e-7 1.4866501319881262e-7 6.969227142330737e-8 6.924557704231124e-8 5.286285626255805e-9 
2.7  0.49893785246795114 0.49575010901484984 0.002563162931391866 0.0025468022969078762 9.879254450378151e-5 9.816102126728668e-5 2.3593890139894396e-6 2.3400070242776626e-6 1.397547238339377e-7 1.3768723646092676e-7 6.917816518230995e-8 6.87401972985163e-8 4.966768192534675e-9 
2.8  0.49895828887839844 0.4957468099774042 0.0025578671022724875 0.0025414008216577497 9.566671643082622e-5 9.505031961629382e-5 2.26702787153331e-6 2.249507965426738e-6 1.3001023843428896e-7 1.281327573722228e-7 6.868863881590481e-8 6.825222790513018e-8 4.564521623384029e-9 
2.9  0.4989595674338393 0.49576150886325926 0.002552797080844293 0.002536424351332754 9.278430574067598e-5 9.218860661822282e-5 2.180287751565443e-6 2.167762731012835e-6 1.2083693679320828e-7 1.2021764644538965e-7 6.824433036917084e-8 6.778461226276544e-8 4.224357118434707e-9 
3.0  0.498965702719171 0.4957703114708975 0.0025480370514364857 0.002531728048195493 9.012003283426422e-5 8.954322221106704e-5 2.1044216702896334e-6 2.087984871083631e-6 1.1380941854304785e-7 1.1207717592794403e-7 6.780387317892456e-8 6.737495987567612e-8 3.983286225679571e-9 
3.1  0.4989707817422515 0.49577924364116194 0.002543551741704379 0.0025272843983835096 8.765022304122036e-5 8.708936436718411e-5 2.032266283599426e-6 2.016111960052955e-6 1.0697895233104235e-7 1.0535512921951307e-7 6.741284200345516e-8 6.698693149154012e-8 3.7769922625466e-9 
3.2  0.49896562121369137 0.4957976128549196 0.002539249756098922 0.002523131092621206 8.534640683632489e-5 8.480441330999019e-5 1.957625708328251e-6 1.9451579700505673e-6 9.927286082971352e-8 9.862556578547771e-8 6.700442125030333e-8 6.657599780432637e-8 
3.3  0.4989684064052289 0.4958072242055862 0.002535224058606796 0.002519167206217174 8.32033692340258e-5 8.267634665740705e-5 1.8952870380110287e-6 1.883282522121544e-6 9.380482600881497e-8 9.318081740902594e-8 6.663929773341953e-8 6.621396840093773e-8 
3.4  0.4989706399050034 0.4958166879367928 0.002531403905007479 0.002515408584435322 8.120039018166176e-5 8.06872970900853e-5 1.8371474247175422e-6 1.8255437524352053e-6 8.884538157661594e-8 8.825754142523957e-8 6.630466197632935e-8 6.588272598840119e-8 
3.5  0.4989679509272193 0.4958304350265261 0.002527752402362575 0.0025118606360170536 7.932270911705876e-5 7.88240189888842e-5 1.7829048409138813e-6 1.7716952640531156e-6 8.436077420345089e-8 8.373961562099915e-8 6.600018549525739e-8 6.557908838364998e-8 
3.6  0.4989746717844794 0.4958341992788116 0.002524317368840914 0.0025084348826994434 7.756042896075621e-5 7.707240018130514e-5 1.7319407458234602e-6 1.7210425643973221e-6 8.024640443729885e-8 7.964728879616561e-8 6.569756475393417e-8 6.528145883077915e-8 
3.7  0.49898184379604477 0.4958369761003708 0.002521049217801812 0.0025051650963093513 7.590198688799921e-5 7.542376295988208e-5 1.6839334122289722e-6 1.673329210445103e-6 7.64379195713267e-8 7.594070033354669e-8 6.540660765786437e-8 6.499177412090725e-8 
3.8  0.49898386879698925 0.4958444049223963 0.0025179090256412474 0.0025020672446314494 7.433750166256879e-5 7.386979429039324e-5 1.638864098987966e-6 1.6285529157424358e-6 7.297044092056796e-8 7.247114633987749e-8 6.513277296816134e-8 6.472301397681255e-8 
3.9  0.49898877972637184 0.4958484989288405 0.002514917919792279 0.0024990910198878923 7.285990994828411e-5 7.240138619565495e-5 1.5963737214290719e-6 1.5863276149312204e-6 6.977027328170417e-8 6.929556471501894e-8 6.48750188639671e-8 6.446676799794408e-8 
4.0  0.49899060306695253 0.4958552615094113 0.0025120405295184236 0.00249625664127893 7.146130134528867e-5 7.101228870550864e-5 1.5562171738130004e-6 1.5464393524585743e-6 6.680334862699259e-8 6.63527741401294e-8 6.462809609061354e-8 6.422204325706586e-8 
4.1  0.49899460666160694 0.49585945527956243 0.0025092945881400952 0.002493529070065325 7.013604458752411e-5 6.969540525424032e-5 1.5182122465444799e-6 1.5086775659181275e-6 6.439087600189562e-8 6.404691527884425e-8 6.398635013339521e-8 6.363682891610103e-8 
4.2  0.49899654738543364 0.49586531332386574 0.002506668044189659 0.0024909395240435487 6.887891160298571e-5 6.844677699039515e-5 1.482377246432686e-6 1.4730875500832922e-6 6.416639986309327e-8 6.376385234052247e-8 6.151227141196091e-8 6.112655546008726e-8 
4.3  0.4990002108222466 0.49586918897415655 0.0025041201795928526 0.0024884083455974718 6.768187282633588e-5 6.725722335692289e-5 1.4481420719771992e-6 1.4390591436621248e-6 6.395175411662026e-8 6.355081626041261e-8 5.912575101861309e-8 5.875268672280751e-8 
4.4  0.4990008536011923 0.49587570071416764 0.002501688778864595 0.0024860216450668707 6.654419838321635e-5 6.612748205734273e-5 1.415913387552668e-6 1.4070508823419063e-6 6.37530425057831e-8 6.33538068342409e-8 5.69300254870696e-8 5.6579124028688026e-8 
4.5  0.499003938035845 0.49587951521232765 0.0024993436760010392 0.0024836973856122075 6.545895957737784e-5 6.504921707866554e-5 1.3850525912279206e-6 1.3763878979481868e-6 6.355046150948679e-8 6.315516253132323e-8 5.484785040620338e-8 5.4519594332951325e-8 
4.6  0.4990050067106303 0.49588506798354737 0.002497078528602783 0.00248146924304126 6.442293965784104e-5 6.402029070281264e-5 1.355505592466766e-6 1.3470423997536583e-6 6.334016320762491e-8 6.29470443252046e-8 5.28973812168068e-8 5.257123685105856e-8 
4.7  0.49900876016147777 0.495887680472192 0.0024949081514513685 0.0024793045789693983 6.34340523997705e-5 6.303733472347843e-5 1.3278172595858337e-6 1.3195153212224144e-6 6.319093324180706e-8 6.279598621216365e-8 5.109768161641645e-8 5.0831605199003944e-8 
4.8  0.49900963367863466 0.49589292367236754 0.002492805835300278 0.002477234998904685 6.248732156638683e-5 6.209700372009922e-5 1.3008195038296404e-6 1.2926967127660401e-6 6.298304795458883e-8 6.258988447348146e-8 4.931904061183696e-8 4.9081318031448484e-8 
4.9  0.49901217852615476 0.4958962787713376 0.002490777349584362 0.0024752243286590195 6.158120093646006e-5 6.11966982382407e-5 1.2753163046909893e-6 1.2673590947798937e-6 6.281653167940819e-8 6.242443000051443e-8 4.771429058127408e-8 4.749443755969712e-8 
5.0  0.4990141102969463 0.49590003203893607 0.002488815657428093 0.0024732840880097758 6.071286826498514e-5 6.033400107712232e-5 1.2508630438514365e-6 1.243060551284954e-6 6.265388560163141e-8 6.226296008567339e-8 4.6232767605319215e-8 4.597612979380375e-8 
