#mmax= 10
#m-states: all states (FBR)
#Nr. of sites: 12

0.0  -0.0  0.0
0.1  -4.265006961224934  0.4594214967148514
0.2  -22.646895841645968  0.3840097285069256
0.3  -44.91658763967508  0.8888148442811995
0.4  -78.78965962802388  0.9999999999999396
0.41  -48.12595917580648  0.462197458576567
0.42  -77.61776864248515  0.6234686890736058
0.43  -74.9165876390698  0.8888148448192442
0.44  -76.91658763906759  0.8888148448212232
0.45  -112.78965962802383  0.9999999999999869
0.46  -79.13217400402046  0.7291977878076724
0.47  -77.49437619599907  0.6989973146035954
0.48  -76.93259125652446  0.8748460892719674
0.49  -114.91658763906679  0.8888148448219265
0.5  -116.78965962802381  0.9999999999999997
0.51  -110.78965962802387  0.9999999999999531
0.52  -109.48280680858389  0.7070714214274105
0.53  -79.24779440538006  0.6553838494591171
0.54  -117.48280680858376  0.7070714214274957
0.55  -114.82563592777201  0.9649831449354992
0.56  -114.91658763906679  0.8888148448219256
0.57  -118.82802423439352  0.9626839275145671
0.58  -114.91658763906679  0.8888148448219256
0.59  -115.54828330370333  0.6652748721159123
0.6  -162.78970502692303  0.9999545986215872
0.7  -162.78965962802383  1.0000000000000004
0.8  -162.91658837147457  0.8888141937651325
0.9  -218.81024076697113  0.979794475514356
1.0  -213.48280680858377  0.7070714214274966
1.1  -210.78999503439672  0.9996646725798846
1.2  -212.78965962802383  1.0000000000000002
1.3  -346.7896596280238  Inf
1.4  -270.825635927772  0.9649831449354995
1.5  -218.79498379841343  0.9946956145936545
1.6  -340.7896596280238  1.0000000000000002
1.7  -332.7896596280238  1.0
1.8  -280.7896596280238  1.0000000000000009
1.9  -338.7896596280238  1.000000000000001
2.0  -334.7896596280238  0.9999999999999993
2.1  -418.7896596280238  Inf
2.2  -352.8078095559416  Inf
2.3  -506.7896596280238  Inf
2.4  -268.9329273834392  0.8745520901607139
2.5  -400.7896596280238  Inf
2.6  -490.7896596280238  Inf
2.7  -342.7896596280245  0.9999999999993079
2.8  -394.7896596280238  Inf
2.9  -496.7896596280238  Inf
3.0  -410.7896596280238  Inf
3.1  -422.79000117652976  Inf
3.2  -420.7896596280238  Inf
3.3  -464.7896596280238  Inf
3.4  -506.7896596280238  Inf
3.5  -500.7896596280238  Inf
3.6  -412.8078097769638  Inf
3.7  -416.7896596280238  Inf
3.8  -416.7896596280238  Inf
3.9  -576.7896596280239  Inf
4.0  -502.7899950343967  Inf
4.1  -488.7896596280238  Inf
4.2  -498.9165876390668  Inf
4.3  -414.7896596280238  Inf
4.4  -488.78966660374056  Inf
4.5  -490.7896596280238  Inf
4.6  -596.7921353131616  Inf
4.7  -658.7896596280239  Inf
4.8  -686.7896596280239  Inf
4.9  -592.7896596280239  Inf
5.0  -690.7896596280239  Inf
