#mmax= 10
#m-states: all states (FBR)
#Nr. of sites: 12
 
0.0  1.0 
0.1  0.9968288168836588 0.002555602696094887 0.0006153236836874691 1.5716887417621503e-7 9.95676844385925e-8 
0.2  0.9866744053637442 0.010979977144327012 0.0023398309312214947 2.776851273238912e-6 1.7038958677637415e-6 1.3058135664185378e-6 
0.3  0.966737203699091 0.02844425384730656 0.0047670269009042355 2.3262424152681113e-5 1.753376530859767e-5 1.0190784553349122e-5 2.2667999756018458e-7 1.824905502247427e-7 1.103846171693983e-7 9.023518678194567e-9 
0.4  0.9266740874009678 0.06589213029466659 0.007037021852175073 0.00024809910623610926 9.108367701095874e-5 5.044841811092099e-5 3.6214780384794445e-6 2.5241994370109546e-6 4.521223766163665e-7 4.2848739112024083e-7 4.3586513948746337e-8 3.747920475874192e-8 2.1897871214195475e-8 
0.41  0.9204890465256282 0.07182819772020178 0.007199751205477859 0.00030582076302298415 0.00010837048584169508 5.9997764433143625e-5 4.5259009236996215e-6 3.1026276954671822e-6 5.555324683303656e-7 5.022096466033405e-7 5.647542971676651e-8 4.758883524288219e-8 2.5200396326493896e-8 
0.42  0.913697835048545 0.07837400865869676 0.007342928634245138 0.00037364689690287905 0.000129186653934622 7.163066060683452e-5 5.576510645394124e-6 3.7606117343666395e-6 7.064127642595321e-7 5.58236129460463e-7 7.22637507116632e-8 6.052897383903238e-8 2.8883070102403667e-8 
0.43  0.9062129169387874 0.0856168162937322 0.007463583130580279 0.00045330685817940574 0.0001543623412642683 8.588519169479964e-5 6.833385648716225e-6 4.5074835043579645e-6 9.311183837089347e-7 6.226747155951451e-7 9.844928365156696e-8 7.911883552623135e-8 3.3110703849915095e-8 2.0576474206436498e-8 3.328211764966282e-9 
0.44  0.8979804822604741 0.09361269657762697 0.007560184738445751 0.0005432564995706686 0.00018446805277800806 0.00010327682876208571 8.188393666307406e-6 5.309204338450492e-6 1.155614812956393e-6 6.887695017874066e-7 1.2748834550717261e-7 9.549524321850862e-8 3.7129238026473655e-8 2.837384216512538e-8 4.573354057165518e-9 
0.45  0.8889062517710588 0.10245625480592786 0.007629870514524293 0.0006442462613253046 0.00022045783720090362 0.0001245456749561473 9.661988991082371e-6 6.1716187380948325e-6 1.4112100335207813e-6 7.682743820588453e-7 1.598667846935445e-7 1.1747652917340376e-7 4.15868228988572e-8 3.5697259492166646e-8 5.41546471898585e-9 
0.46  0.8788920253958148 0.11224632121396357 0.007670393576471354 0.0007560242232989543 0.0002632821919309701 0.0001505510856180177 1.1246865540377352e-5 7.090001988363463e-6 1.7285505158242122e-6 8.693713291950202e-7 2.0083786983894952e-7 1.434539222761186e-7 4.669126883918805e-8 4.5562351896776735e-8 1.3110106320824011e-8 1.147013995080336e-8 6.39787091887804e-9 
0.47  0.8679430918462786 0.1229835972604433 0.007681128719329862 0.000872957097645106 0.00031294080370504885 0.00018187610964129618 1.2848585607039282e-5 7.999405099162666e-6 2.0511188406624156e-6 9.68641504404996e-7 2.4378958426201775e-7 1.6865664475255143e-7 5.415882196596966e-8 5.122920044127077e-8 1.5178159985116053e-8 7.399493666339152e-9 
0.48  0.855948815189431 0.13477926399332887 0.007659724924344653 0.000994669944142222 0.00037039598395483523 0.00021961728951065175 1.4480890546019296e-5 8.893086621973721e-6 2.3893571939219483e-6 1.105138999896636e-6 2.8643634850514457e-7 2.039143041598272e-7 6.583069762355931e-8 5.624985771850419e-8 1.6187079610642473e-8 8.412949388744285e-9 7.170689164083873e-9 
0.49  0.8429041486399232 0.14764304699779618 0.007605732031915404 0.0011164797358922962 0.00043540919372501573 0.00026453457353738374 1.6051166242165544e-5 9.76364075473634e-6 2.8194808333520956e-6 1.263054252474447e-6 3.394624514340097e-7 2.2535129518387405e-7 7.839765589861889e-8 6.094457588622561e-8 1.8952045071673265e-8 1.8686918048425133e-8 9.690185508745546e-9 
0.5  0.8288766383874895 0.16151309865456673 0.007520412733802489 0.0012320703966802716 0.0005069549404822136 0.0003171330439217466 1.7538613040712033e-5 1.0580668808735887e-5 3.260090113363768e-6 1.4492544463485663e-6 3.871526102953904e-7 2.5651742536345496e-7 9.133787552604252e-8 6.606519905623642e-8 2.1502192198747054e-8 2.0614042008775836e-8 1.0859885307869197e-8 9.167418734447336e-9 
0.51  0.8138815698245201 0.17637784653834807 0.007404005329121306 0.0013378369030979183 0.0005841464972160835 0.0003780731450083104 1.8866344425823882e-5 1.1295955458195078e-5 3.7403096490847924e-6 1.6679406972502248e-6 4.311269649323197e-7 2.7675215208641574e-7 1.0466909294953868e-7 7.019284735711604e-8 2.4181918877777452e-8 2.195138714509278e-8 1.2189016525845799e-8 1.0149079325128014e-8 
0.52  0.7980168605946627 0.19214241018406694 0.0072587423832642314 0.001429896687935988 0.0006652825315967202 0.0004476508995170193 2.0023315687202566e-5 1.1913475883765416e-5 4.267936899390036e-6 1.9227562873151106e-6 4.700480115929717e-7 2.921363183115846e-7 1.1862653452440523e-7 7.397990475936231e-8 2.6774848842033826e-8 2.309642923974286e-8 1.3438856965899153e-8 1.1133295921931573e-8 
0.53  0.7815263795952496 0.20856850270752095 0.007089322979696185 0.0015021269827872016 0.0007469605475327912 0.0005252396192087429 2.093809854546544e-5 1.2413069438240634e-5 4.816319628686338e-6 2.2115669381208414e-6 4.980445862998968e-7 3.0237331381852216e-7 1.3144447051199267e-7 7.726402289894755e-8 2.9057339482552154e-8 2.377517517827703e-8 1.4594023951380277e-8 1.1960522739600179e-8 
0.54  0.7645110089308085 0.225554263332174 0.0068982625748301475 0.0015547873383290375 0.0008273493038674638 0.0006108335805554671 2.1631613636526697e-5 1.279889474900385e-5 5.397933863309892e-6 2.534017615543262e-6 5.165425600754988e-7 3.07884161728242e-7 1.4389793355057356e-7 8.015348805187698e-8 3.1055251268022976e-8 2.422346313374601e-8 1.5796083138447335e-8 1.2926629985812731e-8 
0.55  0.747254191754795 0.24281761607620175 0.006691269317478426 0.0015856390708531096 0.0009029156929008496 0.0007031928360414721 2.207618624523783e-5 1.3067428614260053e-5 5.991415945855111e-6 2.8839158955846355e-6 5.231274418135722e-7 3.08867937322525e-7 1.5455730755017074e-7 8.257546890654379e-8 3.256510549626289e-8 2.4205097713566533e-8 1.683641217739689e-8 1.3570257187525725e-8 
0.56  0.7300068843780902 0.2601060927062733 0.0064736079214282784 0.0015951102505035012 0.0009708248155016486 0.0008009786288095024 2.227548973516521e-5 1.322545262701514e-5 6.582155314294612e-6 3.2552538529505432e-6 5.186229015920886e-7 3.0655270478018613e-7 1.633186458516317e-7 8.462887917708762e-8 3.364118918415007e-8 2.3986500023021553e-8 1.7775699145976222e-8 1.4421343667137184e-8 
0.57  0.7129543687194494 0.2772303801406342 0.006249414222774003 0.0015859481338409394 0.0010293213213741412 0.0009030618193563245 2.225990890807645e-5 1.328603780557613e-5 7.1642683668135345e-6 3.641429404881389e-6 5.05169689657167e-7 3.0120866823401336e-7 1.699680977250459e-7 8.637448322008581e-8 3.4260614348105555e-8 2.3481773489659584e-8 1.853884832508312e-8 1.4995910514687012e-8 
0.58  0.6963504792685137 0.2939331699875064 0.0060239887639537545 0.001560112144762149 0.001076472566691294 0.0010075978056730064 2.2040595304849966e-5 1.326047346793243e-5 7.714433542832808e-6 4.033627839978921e-6 4.830192147365e-7 2.9373185103921854e-7 1.7379953768667584e-7 8.784669385986129e-8 3.4412876239387676e-8 2.2743216828650003e-8 1.915320503296349e-8 1.5626149283098404e-8 
0.59  0.6803482243336552 0.3100562317555212 0.005800878027142611 0.0015211248264045843 0.0011132315646574832 0.0011117459264631435 2.1653342544343236e-5 1.3164576534358702e-5 8.224634846878649e-6 4.424880595437463e-6 4.5530678454089115e-7 2.8466901301492116e-7 1.7528640030032228e-7 8.910674464811393e-8 3.4211169019284093e-8 2.190004328870828e-8 1.9608045355304653e-8 1.6043434968686545e-8 
0.6  0.6651111478782086 0.32543106079152545 0.0055837831504885315 0.00147203296640045 0.001218349691435062 0.001134940965082061 2.1127223982111158e-5 1.301270328575052e-5 8.68199020556262e-6 4.807693781943453e-6 4.241056622652332e-7 2.749055391305661e-7 1.7453908799484588e-7 9.027082582292279e-8 3.373130365608821e-8 2.1075379694832026e-8 1.9886290654156306e-8 1.6431515874489016e-8 
0.7  0.5623534097075427 0.4296835428003664 0.00401445885685427 0.0020594500581223208 0.0009469911932037426 0.0009004011904002046 1.3450728212457252e-5 1.061733692667686e-5 9.685132244733054e-6 7.3893412300283066e-6 1.8398599573976988e-7 1.459872611870846e-7 9.954938294248809e-8 9.730115063063921e-8 2.3702716926393965e-8 1.8018614835562768e-8 1.7658892174909794e-8 1.745088266270183e-8 
0.8  0.5226466824323945 0.4702971679861131 0.0033320955833813087 0.002464659617472013 0.0006468916254619891 0.0005802592664571081 8.882797390893892e-6 7.904813552203452e-6 7.890383874395722e-6 7.16465201980377e-6 1.377638414481106e-7 9.922852850595659e-8 5.062749695576351e-8 4.381896983069745e-8 1.838462052231741e-8 1.833320081784058e-8 1.8119288127730524e-8 1.4565936479582272e-8 
0.9  0.5077516844515009 0.485670806802556 0.003033529352648626 0.0026286058857429876 0.0004653713847916644 0.0004247454596374281 7.79883877879784e-6 7.5787745427054424e-6 4.82541138360968e-6 4.742459325002022e-6 1.153861003062701e-7 9.479380602191472e-8 2.5013860594206784e-8 2.4506451317445773e-8 1.887207025395377e-8 1.8787826286387994e-8 1.3818978296772354e-8 
1.0  0.5018088550347001 0.49189716652704135 0.002886564593389072 0.002687904999850083 0.0003606129135284053 0.00033835577949841827 7.0232399774170346e-6 7.015038651396503e-6 3.1193957219248158e-6 3.103600821192161e-6 1.0333350988786512e-7 9.189956851879512e-8 1.8871333053765553e-8 1.8383859386382796e-8 1.8085107008693642e-8 1.801608482677694e-8 1.0287358390698903e-8 
1.1  0.499295799303128 0.4945990554034328 0.0028048034521136246 0.002703041315506702 0.00029603979008694113 0.0002839907137432274 6.440090444183336e-6 6.382303355280823e-6 2.1104233084393386e-6 2.0908904636059847e-6 9.292716432291569e-8 8.883046037283282e-8 1.8272147898156627e-8 1.8008107969890086e-8 1.4188924215401153e-8 1.4087611576093756e-8 
1.2  0.4981802343210724 0.4958515213969441 0.0027538214570211796 0.0026997418685489713 0.00025318691230267923 0.0002465662273111911 5.8992407289427025e-6 5.8414227040938376e-6 1.4834729772169393e-6 1.4715036007809495e-6 8.830006884144046e-8 8.622051045787423e-8 1.759694998497711e-8 1.7420021162303106e-8 1.137074236199891e-8 1.1268496001794037e-8 
1.3  0.4976705615475715 0.49646647418114076 0.002718761319049264 0.0026890561378290823 0.00022284928384244985 0.00021912819596826705 5.415615171021848e-6 5.369364160034353e-6 1.0851562939174974e-6 1.0789386465262778e-6 8.50458225530761e-8 8.391467163766586e-8 1.6691751452710928e-8 1.6612661188157307e-8 9.079173542719981e-9 8.916247174249242e-9 
1.4  0.4974602873329145 0.4967611436807084 0.00269265780009275 0.002675825436643328 0.00020021290790966025 0.00019807417120663965 4.988569141271565e-6 4.954931130753774e-6 8.242452904052382e-7 8.211759464982482e-7 8.254198304501685e-8 8.190848536421892e-8 1.563668614787978e-8 1.5355036659668385e-8 7.186255973653474e-9 7.1205695186251144e-9 
1.5  0.49736404613971236 0.4969272911959306 0.002671942475185548 0.0026621373930324124 0.00018258665423444295 0.0001813279875867258 4.61186096122636e-6 4.587782149397068e-6 6.462310084661839e-7 6.271083867801702e-7 8.047090095727193e-8 8.010406906892446e-8 1.4579159074482397e-8 1.4436506984923118e-8 5.581175926266765e-9 
1.6  0.4972940656936314 0.4970561807565393 0.002654811548294938 0.00264902993159523 0.0001684476956024322 0.0001676951883332917 4.282004374587569e-6 4.266739774690911e-6 5.174613951674519e-7 5.154485264581716e-7 7.875122848701826e-8 7.854564826029655e-8 1.3485385806443788e-8 1.3419760237213668e-8 3.329910511451092e-9 
1.7  0.49737826755770514 0.4970227488181303 0.0026403915752187773 0.002636494000794234 0.00015678384966633135 0.000156316038254327 3.991826597257381e-6 3.980388207117958e-6 4.2380707877145174e-7 4.232461230607926e-7 7.729407982907627e-8 7.71603978821768e-8 1.231460469041126e-8 1.2123142786839829e-8 
1.8  0.49736624996661694 0.4970790092554457 0.002627654974726781 0.0026250682674768757 0.00014697624443903937 0.00014668325038920806 3.7361254365991865e-6 3.7282995061873485e-6 3.596291141265324e-7 3.594143015811923e-7 7.601203645105071e-8 7.592740928360084e-8 1.1323757727855158e-8 1.1309343923241889e-8 
1.9  0.49738075005675575 0.4971035578881403 0.0026164295894192634 0.002614470236601337 0.00013858944694164786 0.0001383970890406194 3.509528119201507e-6 3.5040215348186626e-6 3.109021001536382e-7 3.107277266894963e-7 7.489433805193136e-8 7.483314816226012e-8 1.0399957240594837e-8 1.0386177006960179e-8 
2.0  0.4973914905618963 0.4971276058375984 0.0026063454097098523 0.0026047326346864577 0.00013131692374174152 0.00013118491141769225 3.307799649143761e-6 3.303872605172552e-6 2.72686018363505e-7 2.7254235255143347e-7 7.389784511971153e-8 7.384954004424849e-8 9.54165635306085e-9 9.531283321212984e-9 
2.1  0.4973997913474685 0.49715054538536535 0.002597193058989218 0.002595786966586197 0.00012493962247394637 0.00012484395818127938 3.12747950017267e-6 3.124599781395408e-6 2.420996017902229e-7 2.4197641874625496e-7 7.300696502117608e-8 7.296636992897288e-8 8.76793733582796e-9 8.764361534961377e-9 
2.2  0.4973956867733198 0.4971828978923135 0.002588768478474211 0.0025876094249559396 0.00011929166987294281 0.00011922222410771359 2.9655302687897493e-6 2.9634442684705348e-6 2.1710425788397752e-7 2.1700927021345506e-7 7.219463071584845e-8 7.216295574720308e-8 8.058822328137567e-9 8.03248119134645e-9 
2.3  0.497420858724663 0.4971834229965089 0.0025811668383561946 0.0025799135818524144 0.00011425635146107888 0.00011419355059607867 2.819632575477365e-6 2.817849803099492e-6 1.9643073071516807e-7 1.9633483813675798e-7 7.146881801846654e-8 7.143326940918637e-8 7.434044903974334e-9 7.372483274728473e-9 
2.4  0.4974291274861066 0.49719865451094414 0.0025740658466536304 0.002572864157082444 0.00010972813780913998 0.00010967325005229085 2.687559772085617e-6 2.6860697151960944e-6 1.7892985045233633e-7 1.7884458321604624e-7 7.07875584701032e-8 7.075476843531114e-8 6.8462999164321424e-9 6.8188036824458195e-9 
2.5  0.49744875958441265 0.4972006237827364 0.0025675366725916916 0.0025662532398103826 0.00010563347993746203 0.00010557933301047743 2.5672065083027292e-6 2.5658650184953574e-6 1.6398863340096593e-7 1.63917513403746e-7 7.016678625782644e-8 7.013344604395819e-8 6.322726050659703e-9 6.3068684938968655e-9 
2.6  0.497461782381507 0.49720757800273907 0.002561423948296018 0.002560112002674812 0.00010190729423347814 0.0001018530190489043 2.453087100524288e-6 2.445959174896459e-6 1.5050177514833695e-7 1.4930761763306384e-7 6.959378214576213e-8 6.954469294929672e-8 5.35735722156788e-9 
2.7  0.4975102226763221 0.4971776067840726 0.0025559017826289345 0.002554186694340065 9.85142980207168e-5 9.84472035522319e-5 2.353193627183523e-6 2.346659146138962e-6 1.3939691071136887e-7 1.3827891752233569e-7 6.90705258092705e-8 6.900472372527461e-8 4.957212893909875e-9 
2.8  0.4975230648228814 0.49718191583180443 0.0025505610624483705 0.002548817873255299 9.539395134068407e-5 9.532989073527515e-5 2.2626636015762187e-6 2.2541180905733743e-6 1.296235940682754e-7 1.2854312276011319e-7 6.856076536391399e-8 6.850862967881803e-8 4.54973118072894e-9 
2.9  0.4975534505849909 0.49716751345780574 0.0025456511688721605 0.002543675656873817 9.252629994134679e-5 9.245290814802986e-5 2.1780871247642688e-6 2.1703359058290952e-6 1.210940919837945e-7 1.1998803134005623e-7 6.811507673623596e-8 6.805375461800596e-8 4.2493822120921695e-9 
3.0  0.497575305409058 0.49716059544901386 0.002540990978633892 0.002538880951960674 8.987177633633324e-5 8.979750148682965e-5 2.1000564814738286e-6 2.092677745986592e-6 1.1348163326221357e-7 1.124128167615633e-7 6.76849914736158e-8 6.761947222074899e-8 4.0003701937755875e-9 
3.1  0.49758500022564633 0.49716491041570116 0.0025365397561396136 0.0025344051230312085 8.74094240469982e-5 8.73359314994001e-5 2.027517729379116e-6 2.021002528587764e-6 1.067460709537376e-7 1.0558992055701697e-7 6.728114991077321e-8 6.722622198008487e-8 3.760313139020514e-9 
3.2  0.49759604841479843 0.49716706233055036 0.0025323373775763837 0.002530157174025959 8.511616026749475e-5 8.504334977712501e-5 1.9527085244233576e-6 1.9508326664238563e-6 9.903068393965277e-8 9.892045379247809e-8 6.687960012003184e-8 6.682107564395442e-8 
3.3  0.49760665052448627 0.4971688845010105 0.0025283533389153776 0.0025261281897345175 8.297896553599398e-5 8.290570538213648e-5 1.8902556545299633e-6 1.8885601183178927e-6 9.355933515672984e-8 9.342704745471489e-8 6.651625461605108e-8 6.6456525391021e-8 
3.4  0.4976113201823166 0.4971759137146751 0.002524551066109963 0.0025223499160236733 8.098158665806481e-5 8.091095710525834e-5 1.8323438824794318e-6 1.8307475022585287e-6 8.862658018131908e-8 8.853689658123974e-8 6.619447393428916e-8 6.612777722101073e-8 
3.5  0.4976187439088068 0.4971795534959373 0.002520960761403517 0.0025187364114038764 7.911042419813021e-5 7.904060356596038e-5 1.7780671873910328e-6 1.7764903977281818e-6 8.411276343626824e-8 8.404591806844522e-8 6.587107550467794e-8 6.580734204623275e-8 
3.6  0.49762240440734196 0.4971863768743252 0.002517521769741616 0.0025153159756916513 7.735235836379884e-5 7.728456672908021e-5 1.7272631967194737e-6 1.725741815007174e-6 8.00166058432056e-8 7.99427643934136e-8 6.557461270031761e-8 6.550881155587704e-8 
3.7  0.4976250593702663 0.4971936742704514 0.0025142379266291973 0.0025120589735192845 7.569759231466966e-5 7.563203814622301e-5 1.6792542687080087e-6 1.677797137818595e-6 7.618434045175781e-8 7.610417274623785e-8 6.527530257386692e-8 6.521345113565978e-8 
3.8  0.4976308533005134 0.4971973394634628 0.002511120571539978 0.002508932916604181 7.413774782468127e-5 7.407314109406276e-5 1.634448180700671e-6 1.633019863980846e-6 7.2763391380439e-8 7.267557434913977e-8 6.500430538313222e-8 6.494764383676944e-8 
3.9  0.4976343715070943 0.4972028290506939 0.002508129256838305 0.002505954259646789 7.266386854310565e-5 7.260083979397799e-5 1.5920561394118795e-6 1.590671859233139e-6 6.956987488672187e-8 6.94846852092465e-8 6.474542321135911e-8 6.468940849040573e-8 
4.0  0.4976396916877644 0.49720609703184787 0.002505276282432942 0.0025030934234293333 7.126942493846435e-5 7.120731420320889e-5 1.5520397939133945e-6 1.5506840783152937e-6 6.662401796221566e-8 6.654695803069456e-8 6.449837170373884e-8 6.444216329308982e-8 
4.1  0.49764298338493607 0.49721100539759133 0.0025025330067955658 0.0025003607658477933 6.994750789398379e-5 6.988678116491353e-5 1.5141548702441638e-6 1.512837345428024e-6 6.426101794728461e-8 6.42054074936174e-8 6.388475346173518e-8 6.381237591879893e-8 
4.2  0.4976479067860535 0.49721392077673876 0.0024999103660189185 0.0024977302313933607 6.8692958930685e-5 6.863303950592572e-5 1.4782580920818743e-6 1.4769652038517256e-6 6.403426831726021e-8 6.397832377361026e-8 6.1334923352257e-8 6.127054662304653e-8 
4.3  0.49765065385933416 0.4972186761331446 0.0024973817726334294 0.0024952139842675278 6.750010624375888e-5 6.744150187750226e-5 1.444223162014179e-6 1.4429656531325209e-6 6.381761646380821e-8 6.37624162434592e-8 5.896849047583803e-8 5.890516049736144e-8 
4.4  0.49765538347314314 0.49722113598517775 0.002494961341761004 0.0024927842111927925 6.636486402154104e-5 6.630693934239288e-5 1.411899657854431e-6 1.4106643573926136e-6 6.361018885716363e-8 6.355454101220325e-8 5.676312302246868e-8 5.6693493929284973e-8 
4.5  0.4976579443756645 0.49722547115524474 0.0024926224634117655 0.002490456381355787 6.528260890694249e-5 6.522586757744558e-5 1.3811285110774567e-6 1.3799249586264525e-6 6.340947331291605e-8 6.33545581355798e-8 5.469501986180145e-8 5.463531908102376e-8 
4.6  0.4976611911472707 0.4972288479293486 0.0024903725702833165 0.002488210046438235 6.424986536665334e-5 6.41940664150661e-5 1.3518498093369263e-6 1.350673751313478e-6 6.321900714730646e-8 6.316314724920364e-8 5.276613564210852e-8 5.270302773905764e-8 
4.7  0.4976645845339928 0.49723181991259474 0.002488206260787866 0.0024860431986010773 6.326326591887643e-5 6.320825627176006e-5 1.3239316523392193e-6 1.3227779144354431e-6 6.303686487214862e-8 6.297976372074532e-8 5.0954056170592686e-8 5.0891580839112086e-8 
4.8  0.49766789111616544 0.4972346369561749 0.002486116887998617 0.0024839525947465617 6.231960855041084e-5 6.22653471628776e-5 1.2972649754185926e-6 1.2961329801131854e-6 6.285564341940567e-8 6.280096336399146e-8 4.9247609983379037e-8 4.9187028970707246e-8 
4.9  0.49767105073386514 0.4972373757732958 0.0024840979239614106 0.0024819339666337314 6.14160444525369e-5 6.136253446375589e-5 1.271793433494452e-6 1.2706831285747853e-6 6.268674226617963e-8 6.262986543778218e-8 4.764389378458693e-8 4.75862640673744e-8 
5.0  0.4976738712034145 0.497240239483422 0.002482146585758295 0.0024799844977284775 6.055000876340829e-5 6.0497257488757984e-5 1.2474285974297856e-6 1.2463396090023813e-6 6.252153137950234e-8 6.246485023111476e-8 4.6132151752868014e-8 4.6076684896535745e-8 
