#mmax= 3
#m-states: all states (FBR)
#Nr. of sites: 10
 
0.0  1.0 
0.1  0.9968285034115123 0.002555896532428692 0.0006153263377560507 1.5723550255362173e-7 9.958850393939521e-8 1.68942965203146e-8 
0.2  0.9866735867650203 0.010980528815548658 0.00234003982892312 2.7821861967254487e-6 1.7045180853231738e-6 1.3383776294344943e-6 1.3315912803394551e-8 6.1926828154063665e-9 
0.3  0.9667588273552942 0.02842233343806783 0.004767759832439501 2.288429465471215e-5 1.7491673956974913e-5 1.0174249193019107e-5 2.243042881829885e-7 1.7961483173975014e-7 1.1234884994775052e-7 1.2888423224995062e-8 
0.4  0.9276121129618691 0.06498124178435057 0.007059984567979008 0.00020575803168627988 8.64297840940499e-5 4.849122810325291e-5 2.944189658660505e-6 2.2087643038549456e-6 4.6008627469274957e-7 2.684242487930058e-7 3.641381919751035e-8 3.616099942556144e-8 2.1848178780482778e-8 5.754434469305839e-9 
0.41  0.9217801865463807 0.0705761605442872 0.007230693879656693 0.00024729848328478276 0.00010139682567514007 5.7019886954730924e-5 3.596549801106424e-6 2.6762597912148576e-6 5.10232395204638e-7 3.372063220395139e-7 4.5809540787087245e-8 4.5527037576973787e-8 2.509182257256554e-8 7.157050369016044e-9 
0.42  0.9154509061750671 0.07667563341246766 0.0073839386171692546 0.00029472449378839944 0.0001189396924134278 6.717672440434313e-5 4.338551021948829e-6 3.2084217644766714e-6 5.656274633170068e-7 4.153776463047353e-7 5.7325971959446945e-8 5.6049715567059515e-8 2.8644450538956076e-8 8.583935294581484e-9 2.302720347432244e-9 
0.43  0.9085795084849734 0.08332537049548924 0.007517945545090137 0.00034817334278719795 0.00013944483018541948 7.927261686067895e-5 5.169847278699635e-6 3.7863587550232463e-6 6.283219515206512e-7 5.113206966248732e-7 7.063692966357139e-8 6.94010232155033e-8 3.240461998238934e-8 1.0630356749707916e-8 5.763002034868163e-9 
0.44  0.9011207040808523 0.09057183572121127 0.00763092220591478 0.0004075061792239295 0.0001632886046943722 9.367838109626703e-5 6.088917115311538e-6 4.433724035003628e-6 6.881389378651621e-7 6.251774545588e-7 8.727064810741402e-8 8.489255805971846e-8 3.638038093378556e-8 1.2781333806719844e-8 4.314045543829109e-9 3.2304983101934445e-9 
0.45  0.8930322939005207 0.09845859470939458 0.007721325848181778 0.0004721692343548673 0.00019085716900898804 0.00011078926089069526 7.073754691767364e-6 5.107478079044242e-6 7.649312552727712e-7 7.481093983464343e-7 1.0676828387750729e-7 1.0071886974436854e-7 4.062268776629274e-8 1.543086034080961e-8 8.343751358996178e-9 3.7197702112454037e-9 
0.46  0.8842770864618947 0.10702435140865808 0.007787637155776648 0.0005414127065930127 0.0002224485589448906 0.00013104631498443966 8.118775277104622e-6 5.8200606171824595e-6 9.02409499996468e-7 8.434842800428964e-7 1.2696379658835994e-7 1.2190977686555456e-7 4.488710088375184e-8 1.836354170427369e-8 9.762577964554815e-9 5.991457801513361e-9 4.785221433564876e-9 
0.47  0.8748236889034683 0.11630230472291683 0.007828663242600292 0.0006139825765083473 0.0002583161908337578 0.00015491237152044255 9.193734022421272e-6 6.546557704774869e-6 1.072214899341174e-6 9.319087625336909e-7 1.5075738027186725e-7 1.4226006868563393e-7 4.926138689441372e-8 2.1614766950148922e-8 1.132865098758714e-8 6.894489686387637e-9 5.460019652003554e-9 
0.48  0.8646543677558692 0.12631207953370238 0.007843559472913604 0.000688297304824319 0.00029853953432566874 0.00018285139718036874 1.0281773171983028e-5 7.2802930879416605e-6 1.2662504706708357e-6 1.0318394098024232e-6 1.756892570928678e-7 1.632843845249905e-7 5.363187704363194e-8 2.518482473432082e-8 1.3019415988719502e-8 7.843622171313733e-9 6.191661276941651e-9 
0.49  0.8537633693799005 0.13706140613937923 0.007831860240083267 0.0007625121714975723 0.00034305037305353686 0.0002153125635873462 1.1356298345975398e-5 7.99905943404897e-6 1.4848414865242616e-6 1.146316967185611e-6 2.0147358338614098e-7 1.8366513947214834e-7 5.797605810267436e-8 2.9078770948973288e-8 1.4776370298856792e-8 8.707566102320538e-9 6.938775710604919e-9 
0.5  0.8421646113842116 0.14853830189207848 0.007793622660100716 0.0008345763825553526 0.00039154325759797166 0.00025269590204245385 1.2392657107519159e-5 8.68942356080481e-6 1.7299295320629434e-6 1.2777611145141584e-6 2.2690815752355863e-7 2.0259330444371152e-7 6.224786848209703e-8 3.3261459475928126e-8 1.6570111200750982e-8 9.462769290182917e-9 7.706427236873828e-9 
0.51  0.8298929838239021 0.16070949602226323 0.007729468253023018 0.0009024744890866084 0.0004434592262379855 0.0002953274865120791 1.337780460154571e-5 9.35519229865406e-6 2.005849049588393e-6 1.4289584860332517e-6 2.5326936373313874e-7 2.2023676426843242e-7 6.660699234874441e-8 3.785764226097254e-8 1.843484258578813e-8 1.0315304239839405e-8 8.512696024194464e-9 7.660933615919157e-9 
0.52  0.8170043253263238 0.17352069295916112 0.007640528085528136 0.0009642415405731862 0.0004979888348469061 0.0003434112534678901 1.4269099980836447e-5 9.954887433215724e-6 2.3136329569017147e-6 1.601028997857557e-6 2.7485267559523003e-7 2.362756790525997e-7 7.056605496544166e-8 4.26533859006526e-8 2.0176891290766794e-8 1.1151420502132649e-8 9.312155827566103e-9 8.362467671546124e-9 
0.53  0.8035810123762167 0.1868908044160572 0.007528622875669199 0.0010178428788465929 0.0005540297432530375 0.0003969928106483245 1.504989277706542e-5 1.0488171901273432e-5 2.6463975130193284e-6 1.7951756690270393e-6 2.9285900701276324e-7 2.4805386785663057e-7 7.418928689091064e-8 4.7426243601856745e-8 2.1807272944679883e-8 1.1776456461547856e-8 1.0100857123593222e-8 9.048454596311035e-9 
0.54  0.7897186150214975 0.20072449690227606 0.007395976115481489 0.0010621015271649586 0.0006103782403008408 0.00045600659044892945 1.570923728084157e-5 1.0950321851063936e-5 3.004917396420317e-6 2.011921019626369e-6 3.071045445098259e-7 2.562076389519419e-7 7.752272395428802e-8 5.219750882496869e-8 2.329051726948881e-8 1.230672601600204e-8 1.0859404816830564e-8 9.716217261115691e-9 
0.55  0.7755349550962117 0.21490377802896993 0.007245340920870713 0.00109609104296143 0.0006656631072600457 0.0005201883614204164 1.6236292888788403e-5 1.1336911128519096e-5 3.3852226650814974e-6 2.2503670478027243e-6 3.174563812565061e-7 2.605610382869144e-7 8.054544637805164e-8 5.682713499318643e-8 2.4591686536035032e-8 1.2736947319112901e-8 1.1577187217429195e-8 1.0352754188444834e-8 
0.56  0.7611602492999652 0.22929760265561075 0.007079803414388381 0.0011193999636094105 0.0007184845702630166 0.0005891061164310534 1.6625409226288257e-5 1.1646534216450753e-5 3.7818531128981085e-6 2.508606942535367e-6 3.240420160143466e-7 2.611554471999764e-7 8.325098726673859e-8 6.117634081639403e-8 2.568756420839502e-8 1.3068863503735932e-8 1.224410793522485e-8 1.0950906394915063e-8 
0.57  0.7467173327331936 0.24378158410917092 0.006902370342598026 0.0011322994362710948 0.0007676198341863976 0.0006622593822337949 1.6878964120201196e-5 1.1881100655444275e-5 4.189346365373514e-6 2.784130293214451e-6 3.271662296911012e-7 2.583736972011301e-7 8.564589925691525e-8 6.516879080281587e-8 2.657842900234207e-8 1.3327561868134109e-8 1.2853164466069843e-8 1.1507139665584136e-8 
0.58  0.7323717759247741 0.25818834296461524 0.00671693679456409 0.0011349631323478533 0.0008116972539075251 0.0007387721785592393 1.6995588097233224e-5 1.2043009029421757e-5 4.598129206967813e-6 3.0729312367274277e-6 3.2725395935464696e-7 2.5238905299039677e-7 8.774381390505233e-8 6.859252189954542e-8 2.722897606664895e-8 1.3478377283232862e-8 1.3389824463099832e-8 1.201713515904665e-8 
0.59  0.718220780135782 0.27241808634535153 0.006526071692383375 0.00112867904171984 0.0008500293754777422 0.0008180541461395974 1.698916962539331e-5 1.2139036712208879e-5 5.002451806719854e-6 3.371627196725906e-6 3.247237704196829e-7 2.4379258969268693e-7 8.955388630053563e-8 7.136299514037158e-8 2.7662636239690774e-8 1.3842071801724017e-8 1.3562097660180542e-8 1.247775828798085e-8 
0.6  0.7043902093386145 0.2863423337848908 0.006332920315921818 0.00111448256605 0.0008992332915494908 0.00088191946563829 1.6869287041163242e-5 1.217560244743231e-5 5.393991452070767e-6 3.6759252477097963e-6 3.200999850528981e-7 2.331574932027807e-7 9.111409641727055e-8 7.34554625482955e-8 2.7898421166647778e-8 1.4217719800139528e-8 1.3598478960048729e-8 1.2889488680728463e-8 
0.7  0.5970713203778676 0.3948798838826346 0.004670291008693335 0.0016667180418943066 0.0008802921156797684 0.0007939167009733029 1.238016476010397e-5 1.081667423516358e-5 7.51856046171889e-6 6.290354153400731e-6 2.347263104229485e-7 1.091279460794227e-7 9.818863342563796e-8 6.292963834899975e-8 2.3863211649891658e-8 1.5108812594454998e-8 1.4403742672264889e-8 1.3770351085410671e-8 
0.8  0.544022236889782 0.44883866976837405 0.0037479723754166665 0.0021631107814677896 0.0006589345345362273 0.000538097626160731 9.07526961079364e-6 7.682611855612458e-6 7.356843474947447e-6 6.449411835773872e-6 1.700206070920873e-7 9.881985933857589e-8 4.638312482076543e-8 3.731454382213477e-8 1.8226184746465185e-8 1.5969506126098832e-8 1.5145007489351448e-8 1.200865289232387e-8 
0.9  0.5200459309916011 0.4733307321989537 0.0032857345333086856 0.0024263857958693445 0.00048594806523791256 0.0004004203106745462 7.836910781610118e-6 7.367849839264264e-6 4.743873009275945e-6 4.563692287630115e-6 1.348232077834776e-7 9.736625725272537e-8 2.4655528492968723e-8 2.2866890003592006e-8 1.6141970659312096e-8 1.5803195933711733e-8 1.4358156513895637e-8 9.763230331370898e-9 
1.0  0.5088762962271085 0.4848056184429472 0.0030414566581448378 0.0025580416070631463 0.0003760466345447527 0.00032227591208415897 6.943974611920217e-6 6.938249055697591e-6 3.0614454013404364e-6 3.029516455263443e-6 1.1506656442666775e-7 9.467468065613235e-8 1.5864421166878247e-8 1.5559747400478028e-8 1.555556628916609e-8 1.5390626440400224e-8 1.1240742264313117e-8 7.980235115790122e-9 
1.1  0.503418286429012 0.4904628574078916 0.002902318186250963 0.002621032269273424 0.0003058302512282085 0.0002727255397840043 6.388523086780384e-6 6.2329119962375554e-6 2.0623795131284132e-6 2.0130047399394645e-6 1.0314962333820769e-7 8.986925601123048e-8 1.4588562643856248e-8 1.4503221613483044e-8 1.12497476915078e-8 1.115453916618471e-8 8.582274325228546e-9 
1.2  0.5006313693944329 0.4933915887399275 0.0028171017421169705 0.002648526352953178 0.00025869662459089327 0.00023819478345523946 5.824794966487387e-6 5.646555995429157e-6 1.425853048308946e-6 1.3921872229447427e-6 9.567110198382525e-8 8.735268835380766e-8 1.3309144841654314e-8 1.325555198201806e-8 8.401060450863966e-9 8.22548418339727e-9 6.756258942617821e-9 
1.3  0.49915483065721306 0.49497579740598474 0.002761332640588368 0.0026576688075547017 0.00022528705263417841 0.00021241319569553573 5.2978576688074866e-6 5.139767636673277e-6 1.017312655177708e-6 9.978088557584238e-7 9.057517029898606e-8 8.523586431586836e-8 1.1929384894310178e-8 1.1891660479609157e-8 6.4292665907032756e-9 5.9965968544490046e-9 5.435569650909924e-9 
1.4  0.4983488599171082 0.495867370767961 0.0027225989926563834 0.002657401311906565 0.00020039917185432282 0.0001921875352537088 4.818171844257359e-6 4.691379140646288e-6 7.397958834431532e-7 7.293086140151701e-7 8.72400152576533e-8 8.509858247645188e-8 1.0523312793703799e-8 1.049145489424217e-8 5.487929426218519e-9 4.8064837065719645e-9 
1.5  0.49789821674149487 0.4963881634849447 0.002694279834235668 0.0026524475762823027 0.00018110424373768264 0.00017578229641893733 4.39490525562468e-6 4.2972917198236485e-6 5.616455357396279e-7 5.56162490501385e-7 8.464503143750827e-8 8.340234624003306e-8 9.216591843480722e-9 9.188986194510136e-9 4.897780990099647e-9 4.467148076397538e-9 
1.6  0.49764251043961005 0.4967030086037568 0.002672558937697443 0.0026452120279446363 0.0001656013031615463 0.00016209276206426504 4.0182188655196234e-6 3.943486004465386e-6 4.3784972193949513e-7 4.352155841682554e-7 8.178014697216176e-8 7.959811299146725e-8 8.018072030440181e-9 7.983052447121139e-9 3.7762057731857555e-9 
1.7  0.49749619671687445 0.49689982121826726 0.0026553455312763453 0.0026371804491150804 0.0001528071175470478 0.0001504646911681191 3.6842136620425617e-6 3.6283570782779206e-6 3.488066728863547e-7 3.475798121278222e-7 7.993434172803177e-8 7.816187043813313e-8 6.945101891358116e-9 6.914480213386635e-9 3.362731773476337e-9 
1.8  0.4974127123220163 0.49702716509925693 0.002641239307109684 0.002629010054807528 0.0001419948074356935 0.00014041604998566915 3.3860949101852444e-6 3.3455109436387268e-6 2.83139603898361e-7 2.8251237168496746e-7 7.66731423650151e-8 7.646208868901384e-8 5.9912197114087995e-9 5.975107996240602e-9 
1.9  0.49736598688845884 0.4971123088938172 0.002629440545972064 0.002621090264061155 0.0001327064859748544 0.0001316264650510418 3.1214305142912665e-6 3.0914377028854073e-6 2.3339581968442519e-7 2.3316282709528498e-7 7.540549238459823e-8 7.529142537698154e-8 5.173070492955801e-9 5.159811603219864e-9 
2.0  0.4973411098437422 0.4971711735101832 0.0026193689700297505 0.0026135967766215107 0.00012460159190726957 0.00012385442704935742 2.8848109896822607e-6 2.862631592218502e-6 1.9500263624214292e-7 1.949635693135329e-7 7.430068231514017e-8 7.424238393725525e-8 4.469728693292513e-9 4.458885184614367e-9 
2.1  0.49732936792622884 0.4972132030832565 0.002610643720016096 0.0026066067277069685 0.00011744408576742082 0.00011692154002540346 2.6726490978950497e-6 2.6561943582565673e-6 1.648857151134238e-7 1.6483212170642388e-7 7.332615668895095e-8 7.329976238442179e-8 3.869472771336844e-9 3.860313504038913e-9 
2.2  0.49732566811295265 0.4972441133370467 0.0026029838880483537 0.0026001224718944223 0.00011105472129892987 0.00011068569333986377 2.477951332013419e-6 2.466424807465491e-6 1.4050932513192487e-7 1.3926420490252337e-7 7.241781448912334e-8 7.239401284111533e-8 2.813923514311238e-9 
2.3  0.497326781280621 0.4972674734712548 0.0025962126250804636 0.002594173166758504 0.00010531500225611602 0.00010505186858262311 2.307896572400372e-6 2.297426770886652e-6 1.2120927795456474e-7 1.199737062675271e-7 7.161505206701361e-8 7.158044740266225e-8 2.8836205162762557e-9 
2.4  0.4973304704134954 0.4972859595715867 0.002590170987443168 0.0025887051208686317 0.00010011681757458522 9.992736172171449e-5 2.151784326260219e-6 2.144838521700935e-6 1.0506586033712926e-7 1.042427784372818e-7 7.085431511584296e-8 7.082196294488678e-8 2.119543797838178e-9 
2.5  0.49733617713843725 0.4973004259456775 0.002584753545447724 0.0025836834027868397 9.537995218122605e-5 9.524299377892815e-5 2.0099298710137915e-6 2.004804315314356e-6 9.110418209335045e-8 9.10277154889597e-8 7.008362843095781e-8 7.007197815868978e-8 
2.6  0.49734278555840605 0.4973121951248403 0.002579875628508469 0.0025790880805654256 9.104763885085194e-5 9.094763237821222e-5 1.8825246131410846e-6 1.8786557246708632e-6 8.020475413965737e-8 8.0139395246526e-8 6.941196547856968e-8 6.939999769163913e-8 
2.7  0.49734973021882756 0.49732206783224536 0.0025754607311665443 0.0025748742504122612 8.706536798443114e-5 8.699181794602063e-5 1.766580021400396e-6 1.7636483988855208e-6 7.103885813267387e-8 7.09843910837232e-8 6.87705745004009e-8 6.875917407370248e-8 
2.8  0.4973566402664349 0.49733058479303116 0.002571453748890344 0.0025710104900463554 8.339141527577305e-5 8.33369149789029e-5 1.660888752738982e-6 1.6586556528005808e-6 6.816269597278676e-8 6.815225644361715e-8 6.327843261133324e-8 6.323355204951114e-8 
2.9  0.4973633004704962 0.49733811213706125 0.002567806139980439 0.002567464748459156 7.999083817760382e-5 7.99501605487129e-5 1.564383256083049e-6 1.562674296843576e-6 6.757905571046809e-8 6.75697141468904e-8 5.6667809045487956e-8 5.6631144689750356e-8 
3.0  0.49736960581139134 0.49734488297665397 0.002564477897455017 0.0025642084294457204 7.683425738995197e-5 7.680367680072018e-5 1.4761317506717322e-6 1.474818074083589e-6 6.701391724525462e-8 6.700566863572676e-8 5.1005618687538083e-8 5.09758343161348e-8 
