#mmax= 10
#m-states: all states (FBR)
#Nr. of sites: 21

0.0  -0.0  0.0
0.1  -20.789659845093286  0.9999997829088486
0.2  -23.573092423139276  0.24726058472376286
0.3  -80.9165876390668  0.8888148448219141
0.4  -114.78965962802383  0.9999999999999949
0.41  -119.48280680858376  0.707071421427496
0.42  -121.0292043942457  0.8012482159384327
0.43  -162.78965962802383  1.0000000000000004
0.44  -123.23729902467355  0.6621985310048935
0.45  -154.78965962802383  0.9999999999999994
0.46  -121.32213602275856  0.6134940048670346
0.47  -162.9165876390668  0.8888148448219262
0.48  -123.5513892933806  0.6632133858964548
0.49  -212.78965962802383  1.0000000000000002
0.5  -170.7896657722173  0.9999938552297952
0.51  -168.82595948385944  0.9646709899866569
0.52  -172.8130383225187  0.9770600478861193
0.53  -168.79251516389326  0.997151372501634
0.54  -171.49456441908504  0.6988657526454058
0.55  -220.78965962802383  1.0000000000000004
0.56  -210.78965962802383  1.0000000000000002
0.57  -348.7896596280238  Inf
0.58  -224.93288199773272  0.8745917875146281
0.59  -221.48280680858377  0.7070714214274958
0.6  -226.8126660815462  0.9774237994801727
0.7  -434.7896596280238  Inf
0.8  -344.7896596280238  0.999999999999999
0.9  -356.7899950343967  Inf
1.0  -604.7896596280239  Inf
1.1  -434.9165876390668  Inf
1.2  -438.79000200777415  Inf
1.3  -360.7897112857069  Inf
1.4  -524.7896596432538  Inf
1.5  -605.4828068085837  Inf
1.6  -514.7896596280239  Inf
1.7  -596.7896596280239  Inf
1.8  -618.7896596280239  Inf
1.9  -606.7921475711265  Inf
2.0  -606.7896596280239  Inf
2.1  -Inf  NaN
2.2  -696.7896596280239  Inf
2.3  -Inf  NaN
2.4  -588.7896596280239  Inf
2.5  -568.7896596280239  Inf
2.6  -Inf  NaN
2.7  -686.7896596280239  Inf
2.8  -Inf  NaN
2.9  -Inf  NaN
3.0  -Inf  NaN
3.1  -Inf  NaN
3.2  -Inf  NaN
3.3  -Inf  NaN
3.4  -Inf  NaN
3.5  -Inf  NaN
3.6  -Inf  NaN
3.7  -Inf  NaN
3.8  -Inf  NaN
3.9  -Inf  NaN
4.0  -Inf  NaN
4.1  -Inf  NaN
4.2  -Inf  NaN
4.3  -Inf  NaN
4.4  -Inf  NaN
4.5  -Inf  NaN
4.6  -Inf  NaN
4.7  -Inf  NaN
4.8  -Inf  NaN
4.9  -Inf  NaN
5.0  -Inf  NaN
