#mmax= 10
#m-states: all states (FBR)
#Nr. of sites: 21
 
0.0  1.0 
0.1  0.9968288064468771 0.002555612768698913 0.0006153240798861053 1.5715060297119423e-7 9.955393511655866e-8 
0.2  0.986674575901793 0.010979802581982029 0.002339836540298458 2.776750600068775e-6 1.7038594868838792e-6 1.3043658407225188e-6 
0.3  0.9667266734743649 0.028454626022838735 0.004766763118419998 2.3671712743663488e-5 1.754470553567322e-5 1.0195015941304866e-5 2.3054609505337131e-7 1.8487585431109505e-7 1.1052820601341432e-7 
0.4  0.9255463275288011 0.06695804235608162 0.007013217299094218 0.00032169427665861136 9.80401277206198e-5 5.309864773666382e-5 4.91866443914024e-6 3.024750059881436e-6 1.0573929708438699e-6 4.526714141016178e-7 6.119841431469251e-8 4.129350967904769e-8 2.3793098553106547e-8 
0.41  0.9187516479638957 0.07346140318213629 0.007164257411560207 0.0004244610691075237 0.00012050477564661588 6.458636685713505e-5 6.711077687961681e-6 3.870046787498412e-6 1.8290036309942274e-6 5.037222145704026e-7 9.05251296047996e-8 5.4368498020750925e-8 5.063655785242082e-8 2.9850290169784623e-8 
0.42  0.9110328899204186 0.08087039647474932 0.007289735871175984 0.0005597779004606832 0.00015007828588478099 7.9521144991516e-5 8.939571371142293e-6 4.9205408328704894e-6 2.8146810502748516e-6 5.727322464931152e-7 1.3278092765423915e-7 8.39002892783246e-8 7.25610710544277e-8 4.030122080229585e-8 1.8405440831903062e-8 4.927867407465888e-9 
0.43  0.9021828114047283 0.08938351622358577 0.0073854303840088075 0.0007364264268569785 0.00018961424344173422 9.921729874351508e-5 1.1703004431236526e-5 6.141881239309943e-6 4.006648161513066e-6 6.406146516127522e-7 1.8849108420975795e-7 1.2549806446124086e-7 9.511585294254009e-8 5.401322642870195e-8 2.2651878021006984e-8 6.100043948745498e-9 
0.44  0.8919366646123047 0.0992564748492999 0.007446102697310905 0.0009628629706405271 0.00024308177853534283 0.0001255267102934973 1.5002788052008796e-5 7.536820933223607e-6 5.350607236795072e-6 7.2985779272484e-7 2.613462194786146e-7 1.7599671819200084e-7 1.241414856094103e-7 7.093903096884997e-8 2.6297184110695e-8 7.586959885340099e-9 
0.45  0.8799475432830484 0.11082119692355778 0.007465313151588839 0.0012513751909704514 0.00031637637283994706 0.00016110469907855266 1.895513433885255e-5 9.11090693914923e-6 7.213647794435966e-6 8.540621326551001e-7 3.6895782083023996e-7 2.586012952387184e-7 1.6499736551573415e-7 9.499193919536251e-8 3.017212487797933e-8 2.066372973883739e-8 1.0208201620030373e-8 8.035234078765436e-9 
0.46  0.8657800535289402 0.12450339039452098 0.007435802472337035 0.0016083195879415904 0.0004168858460700963 0.00020957921298043122 2.3405611005370025e-5 1.0779395145333685e-5 9.469685493118005e-6 1.0132849506801896e-6 5.189361234858377e-7 3.65650995380225e-7 2.0417249280400356e-7 1.234619343758273e-7 3.360885280962339e-8 3.128738054611199e-8 1.3627571745216604e-8 1.0235264945977472e-8 
0.47  0.8490987863645397 0.1406501339713669 0.007351864218671521 0.002018345577968289 0.0005507984825618253 0.0002748356903392465 2.7994841022131108e-5 1.2431652206908159e-5 1.1850824813329468e-5 1.2393495150459372e-6 7.175506961234375e-7 4.928878770414188e-7 2.4165766902044496e-7 1.52801335632722e-7 4.577567222571563e-8 3.671829701163771e-8 1.8443210916166207e-8 1.3192238178745606e-8 
0.48  0.829504087610903 0.15967386097548883 0.0072077699063610706 0.0024628163999625263 0.0007249208232791044 0.0003617373808012102 3.255692952941777e-5 1.4480287702306315e-5 1.396922523422438e-5 1.5594892832589255e-6 9.78816320334244e-7 6.611919223697704e-7 2.725455059896992e-7 1.8253392403747152e-7 6.444405829117254e-8 3.968034066227667e-8 2.4986229118978244e-8 1.6773156006824922e-8 
0.49  0.8068060908280777 0.18180375354999478 0.0070010913482323345 0.0029000050244176127 0.0009404660921046346 0.000474601983167038 3.671317017191634e-5 1.712967178043718e-5 1.526681427912633e-5 1.997221963032847e-6 1.2992950926984826e-6 8.776783695460837e-7 2.9316264108680644e-7 2.085212106379763e-7 8.575120635950798e-8 4.377614499506409e-8 4.258930991998292e-8 2.1171625941819033e-8 1.2350209146671034e-8 
0.5  0.7811184433047793 0.20698045689328248 0.00673445515845679 0.0032782118571190347 0.001190446435363948 0.0006161684771859963 4.009954314752377e-5 1.9429257345681653e-5 1.6217958125858936e-5 2.5669886874708206e-6 1.6427933632063388e-6 1.0859976648056745e-6 3.025337076359394e-7 2.258286286286489e-7 1.0663677735709807e-7 5.560919052507988e-8 4.525218693922087e-8 2.6581500645754846e-8 1.2893487826260094e-8 
0.51  0.7531073972670539 0.23460255680014525 0.006418596371369386 0.003543446094365152 0.0014550636726287994 0.0007851138459731892 4.241839479225165e-5 2.129131009041919e-5 1.6759243344445604e-5 3.2628290389198e-6 1.965736574322998e-6 1.2945186101112601e-6 3.0179123513161276e-7 2.3232770938098985e-7 1.245337116233601e-7 6.708054273340547e-8 4.784119777992196e-8 4.001190803454603e-8 1.2927966382944236e-8 7.401745453502145e-9 
0.52  0.7237487456819544 0.2637357448681618 0.006069007712610156 0.0036696757573017116 0.001708286028514815 0.0009768218048591586 4.3534072394183096e-5 2.2724697204090364e-5 1.6888811573796703e-5 4.047474759457505e-6 2.2196006350779615e-6 1.4530031743137115e-6 2.9283660322705743e-7 2.2860400011253876e-7 1.3356869743861908e-7 7.671522491347023e-8 5.035869221798432e-8 4.735982461674226e-8 1.2725174308848216e-8 8.318640637626298e-9 
0.53  0.6943975664787932 0.29304419566389533 0.005706485593731799 0.0036550850440813013 0.001921052864309427 0.0011821686915206749 4.346657333396492e-5 2.3686626042218317e-5 1.6667780472908647e-5 4.874792553357286e-6 2.35725818215075e-6 1.5517410847878868e-6 2.790779563534262e-7 2.165012134270833e-7 1.3481858731732392e-7 8.331963387646608e-8 5.318065107823345e-8 5.2728386931696595e-8 1.2314486355217714e-8 8.951085852737536e-9 
0.54  0.6661885482061793 0.3213736172065041 0.005348759695356056 0.0035284188025935842 0.0020751759839434084 0.0013920211653499317 4.2443771531594316e-5 2.4313845218279575e-5 1.6200429616564716e-5 5.701537701213414e-6 2.381005623867113e-6 1.5951836945516693e-6 2.6246712258047087e-7 2.0050737623147483e-7 1.3045274886433613e-7 8.702081150419107e-8 5.8012316651931076e-8 5.686443432996309e-8 1.19980679829218e-8 9.533538186557137e-9 6.310272020249707e-9 
0.55  0.6402733155883571 0.34754274720954825 0.005013425164888484 0.0033233929934887237 0.002160264239323036 0.0015950240562307128 4.064933031300797e-5 2.4510714333031167e-5 1.557602357337386e-5 6.46126449742977e-6 2.2813518118130048e-6 1.5701319100864864e-6 2.4635118900842264e-7 1.8231313350589438e-7 1.210809618310374e-7 8.684108879803233e-8 5.970943941041674e-8 5.7776252598088556e-8 1.1454258015621151e-8 9.705196918150242e-9 6.700206464893851e-9 
0.56  0.6171545309243578 0.37100232331662725 0.004709094479280117 0.0030784980573000087 0.0021817081963692885 0.0017847223162419533 3.836948579514297e-5 2.4401349350929975e-5 1.4891735537387696e-5 7.131614528318577e-6 2.102268217065949e-6 1.4917919794834316e-6 2.3122032219458838e-7 1.6567113479338277e-7 1.0938893005030232e-7 8.374686837556852e-8 6.053302618172312e-8 5.627368975350348e-8 1.0642497636554556e-8 9.755370914294182e-9 7.232575858307245e-9 
0.57  0.597128682369382 0.3914166408706466 0.004441210296827028 0.0028217135890043657 0.002150554016315381 0.001955512619305207 3.584060868589614e-5 2.4006017735543157e-5 1.4205935151069957e-5 7.69291838431776e-6 1.8772929309674226e-6 1.3788388745818636e-6 2.176254110580454e-7 1.5192851246439742e-7 9.703460656731367e-8 7.869565997682293e-8 5.911539617652702e-8 5.305419538876852e-8 9.952461005322782e-9 9.629967659977586e-9 7.590547293281199e-9 
0.58  0.5800109945685054 0.40893733405069627 0.0042085168827387075 0.0025724476149140024 0.0021066001664925213 0.002082225033896873 3.3245542282913735e-5 2.340728878563966e-5 1.355686040756846e-5 8.148990620009608e-6 1.6398512725780358e-6 1.2464574560694039e-6 2.053907471842384e-7 1.4199636903405762e-7 8.502316091427649e-8 7.264656584661274e-8 5.58524011708566e-8 4.890326400883543e-8 9.694203728005185e-9 9.442537693733664e-9 7.742682830819894e-9 
0.59  0.5656554908283244 0.42368933384082336 0.0040100240686387545 0.002340666835419768 0.002236924814996619 0.001989632541751817 3.07099568618442e-5 2.264215984160513e-5 1.2965529057562649e-5 8.504902434448638e-6 1.4067600842087388e-6 1.1060729581248252e-6 1.9455355753170986e-7 1.3539310169074756e-7 7.403485867069167e-8 6.616158982378349e-8 5.1250201625111824e-8 4.437732786575248e-8 9.132229758414033e-9 8.979518087936717e-9 7.806422790376623e-9 
0.6  0.5537212184358853 0.4359998065816986 0.003841926912567135 0.0023477832573096697 0.002131092750432495 0.0018841300010846852 2.8327665922998617e-5 2.177819432015807e-5 1.2438247316767999e-5 8.773752195090317e-6 1.1983187578984118e-6 9.73347194724196e-7 1.8501870033675208e-7 1.3132831806076102e-7 6.484355464437796e-8 5.998547227644107e-8 4.60604840626218e-8 4.0181805329473426e-8 8.814170443907045e-9 8.618705321081085e-9 7.684101953618379e-9 
0.7  0.5055716116080302 0.486484058204622 0.003086880929998953 0.0028069938471170335 0.0010047479666349954 0.0009995994980972 1.3628264590446079e-5 1.3000440683046079e-5 9.626849789511461e-6 9.130449826368217e-6 1.9724684496608164e-7 1.8751461024900054e-7 1.3119701782007593e-7 1.1885470796204891e-7 2.364048688188333e-8 2.2726950162341686e-8 2.0500508348774993e-8 2.0259483628816228e-8 
0.8  0.49831361174038524 0.49466140919131574 0.002905151171926195 0.0028448192349096206 0.0006233899907578655 0.000618746160398566 8.50154226111014e-6 8.432046424710701e-6 7.79542308304891e-6 7.742604152019717e-6 1.135979370766605e-7 1.1088687246980888e-7 5.256415752265365e-8 5.202653298005673e-8 1.9273958052387993e-8 1.9247125145636844e-8 1.6775947348302086e-8 1.652185699890524e-8 
0.9  0.4972980304886526 0.4961372543314988 0.0028319856641123835 0.002816460103532265 0.000446286383001022 0.00044464887851403513 7.704850776049107e-6 7.691882846601971e-6 4.809428030094508e-6 4.8047372158170394e-6 1.0432893735355529e-7 1.0360622392910052e-7 2.5930791125151337e-8 2.5688489853439883e-8 1.911352370330967e-8 1.9022183979928504e-8 1.2868548960553353e-8 1.2693121681991503e-8 
1.0  0.4971541754602687 0.49655716472878586 0.0027873397189847734 0.0027822346678278887 0.00034958343596289604 0.0003489793047598926 7.019262075394063e-6 7.010635761655375e-6 3.1105596489842155e-6 3.1071151317394646e-6 9.758976534144487e-8 9.434664784749176e-8 1.8855940095295532e-8 1.8819461293434172e-8 1.8158484290215466e-8 1.7688370823347224e-8 9.652122511370847e-9 
1.1  0.4974460656309322 0.49645132005698894 0.0027556328141615676 0.0027500224123664842 0.00029014977139882623 0.00028955700371984243 6.412793067466675e-6 6.4001438837946744e-6 2.0993135036139476e-6 2.095346881135683e-6 9.006575100664527e-8 8.989111736108086e-8 1.8349876001988402e-8 1.8315503238509917e-8 1.4082617220067855e-8 1.400823121262226e-8 
1.2  0.4976112550216231 0.49642190332842157 0.002729444939382451 0.002722917855427898 0.0002500789413654305 0.00024948304622208204 5.874070623574973e-6 5.860153988517259e-6 1.4773013255071856e-6 1.4740860396079573e-6 8.686464628372171e-8 8.6668985808701e-8 1.7628560985375385e-8 1.7564176567124445e-8 1.1317879452706303e-8 1.121133314008676e-8 
1.3  0.49759266645169936 0.4965452418130028 0.002706381457562306 0.002700684619970612 0.00022116433819554051 0.00022069865300749085 5.395961292265878e-6 5.384630809602085e-6 1.0823540482902038e-6 1.0800608430599644e-6 8.423391555885297e-8 8.406294254315968e-8 1.6694252257154234e-8 1.6661916425070928e-8 9.062038087928557e-9 8.944503501501423e-9 
1.4  0.49754858740350616 0.49667348404982276 0.002686324662704086 0.0026816006802707856 0.00019928001159376542 0.00019892895812132172 4.974516356693568e-6 4.965756543917269e-6 8.22968509189068e-7 8.214264141165926e-7 8.203003455220017e-8 8.188884712871695e-8 1.5654705530122262e-8 1.563478524262366e-8 7.183339866571869e-9 7.174446418016897e-9 
1.5  0.4980615620440129 0.49623022220608864 0.0026717564843319 0.0026619290095518766 0.0001822710297033606 0.0001815944092252844 4.607839699108014e-6 4.589380972563527e-6 6.405849185448268e-7 6.334294141273648e-7 8.022407048222625e-8 7.992130408981901e-8 1.4563113572013533e-8 1.4472877920597911e-8 4.400715696489989e-9 
1.6  0.4985571568196588 0.4957934957965663 0.0026591033642175683 0.002644376428421695 0.00016851749296664643 0.00016758369867061405 4.285254642275741e-6 4.261581208274448e-6 5.194402459029204e-7 5.129495504472055e-7 7.868732625396924e-8 7.825098969214403e-8 1.3478612512103623e-8 1.3360138816363947e-8 3.3967856398793923e-9 
1.7  0.4985352150404283 0.49586615229867 0.0026453668638040267 0.0026312062895155804 0.00015695219821277708 0.00015611203303385156 3.9959814947583075e-6 3.974606757461058e-6 4.2411816838078296e-7 4.218496479699405e-7 7.726279965856197e-8 7.684977005291758e-8 1.2340355613991898e-8 1.2267343881917761e-8 
1.8  0.4984935536489187 0.4959519978328837 0.0026329409324421077 0.0026195177188752675 0.00014719198671366284 0.00014644159129411193 3.74112384997791e-6 3.7220446360838938e-6 3.603416724752225e-7 3.585044439516868e-7 7.602426313397682e-8 7.563766401955442e-8 1.134359107032592e-8 1.1268753407659101e-8 
1.9  0.4986110959695021 0.49587346864497567 0.0026225324894855392 0.002608133501540463 0.00013886375721692374 0.00013810132929289247 3.5159090871932918e-6 3.49659421761419e-6 3.116347547814176e-7 3.099225319422683e-7 7.494607262140204e-8 7.45349046504361e-8 1.0422650581152079e-8 1.0343767853667315e-8 
2.0  0.49866272032316405 0.49585660510022816 0.0026127860060140306 0.002598082108832579 0.00013161224395226418 0.00013087155983312933 3.3147165232592794e-6 3.2960448643024517e-6 2.7342971444057985e-7 2.7188879373263506e-7 7.397581089420798e-8 7.355854439671327e-8 9.57420072337164e-9 9.469523987905392e-9 
2.1  0.49886062812232257 0.49568987713891377 0.0026046928917900264 0.0025881334443964205 0.00012528303920393452 0.00012448661268145357 3.1356280485726974e-6 3.1156888345544e-6 2.428722427977372e-7 2.4133069854658247e-7 7.312574965581466e-8 7.265810017720069e-8 8.803701711017217e-9 8.643316496022156e-9 
2.2  0.4989004827865316 0.49567829327634744 0.0025964864952588685 0.002579714417230241 0.00011963657898713782 0.00011886377786420534 2.973783062016017e-6 2.954561310718124e-6 2.1773300355325195e-7 2.1632512513160923e-7 7.23148267342326e-8 7.184500513532551e-8 8.082595772959365e-9 8.022853113008758e-9 
2.3  0.4988932608528827 0.49571117481390925 0.002588725435010271 0.0025722128835920306 0.00011458480307318654 0.00011385401454121133 2.827498041297986e-6 2.8094769803862554e-6 1.9696765131903387e-7 1.957154653154374e-7 7.158443189049113e-8 7.112891146090898e-8 7.453183811370591e-9 7.3723262200581905e-9 
2.4  0.4988709308398641 0.49575700680357737 0.002581447105401474 0.002565338177811008 0.00011003889998369166 0.00010935221599362069 2.694992034257023e-6 2.6781703769168904e-6 1.7942902092150046e-7 1.7830964975156745e-7 7.091094262773604e-8 7.04653072554079e-8 6.8679711787714375e-9 6.812066003650025e-9 
2.5  0.4989353269283482 0.4957142079248638 0.002575127957645806 0.0025585184117315547 0.0001059437869477429 0.00010526122533794011 2.574692075394577e-6 2.558226726413968e-6 1.645520222247785e-7 1.6351682154073012e-7 7.031078717609707e-8 6.985513390043139e-8 6.338348152900926e-9 6.273210289583195e-9 
2.6  0.49890537463280543 0.49576412029488226 0.0025687903912831153 0.0025526191341741634 0.00010219826616469301 0.00010155432200863746 2.4588134983148605e-6 2.4400411250762126e-6 1.509606076595928e-7 1.4883660291173497e-7 6.970314354912719e-8 6.928045116677961e-8 5.323253576419724e-9 
2.7  0.4989194498555492 0.49576851408552336 0.0025630690771510888 0.0025468939517196494 9.878787002039334e-5 9.81655609800831e-5 2.3559647977057488e-6 2.3433323850307157e-6 1.3901625456268198e-7 1.3850437107979254e-7 6.918394403433371e-8 6.872553853394037e-8 4.8717658257171564e-9 
2.8  0.49893562905030475 0.49576947202889515 0.0025577492052303967 0.0025415161892632793 9.566279888255063e-5 9.505414260005347e-5 2.264865293242784e-6 2.2519063949474768e-6 1.2947160443004588e-7 1.287775634488395e-7 6.870977290620575e-8 6.825512453059511e-8 4.599071217277632e-9 
2.9  0.4989618034752275 0.49575927466060515 0.0025527993062538744 0.002536420710224191 9.278412394956739e-5 9.218835052762577e-5 2.1807218344390163e-6 2.1673093134589773e-6 1.2095849616790095e-7 1.2010270047740648e-7 6.824039582406988e-8 6.779075155191787e-8 4.249720532143319e-9 
3.0  0.4989540692127342 0.49578194476299503 0.0025479805905766566 0.002531784800348608 9.011825613769959e-5 8.954492631145593e-5 2.1024227271533277e-6 2.0899987185975713e-6 1.1331666825240307e-7 1.1256712654067098e-7 6.780728793175534e-8 6.736368382020953e-8 3.974684196273921e-9 
3.1  0.49896985158349894 0.4957801830827208 0.0025435443548208806 0.0025272834595039305 8.764974637100657e-5 8.708923713934805e-5 2.0292703122287845e-6 2.0188493356398033e-6 1.0641290903019146e-7 1.0589812445563748e-7 6.741062135057177e-8 6.696760002875612e-8 3.727044023259246e-9 
3.2  0.4989705095005639 0.49579270751717963 0.0025392819881782454 0.0025231122285063958 8.534794054862822e-5 8.480538040813888e-5 1.9578306184224086e-6 1.945982047299432e-6 9.931085146695067e-8 9.872452481971394e-8 6.700738069706996e-8 6.658919124116453e-8 
3.3  0.4989838834035289 0.4957917476365351 0.0025352996380789204 0.0025190914826679674 8.32057698109318e-5 8.26738997802606e-5 1.8952309370986238e-6 1.883131469434952e-6 9.377906015480376e-8 9.317629111758286e-8 6.664434739378227e-8 6.62074936762052e-8 
3.4  0.49899962969339906 0.495787694658072 0.0025315540806055015 0.002515261579233477 8.120521691653249e-5 8.068262489143311e-5 1.8373267229929612e-6 1.8255069733051262e-6 8.883025934992416e-8 8.828728153278502e-8 6.631321075602647e-8 6.588243442891714e-8 
3.5  0.49901640893278915 0.4957819785576795 0.002527997360902658 0.0025116144036279936 7.933033359106269e-5 7.881626041496307e-5 1.7829947348892193e-6 1.7714455054764398e-6 8.43378747215395e-8 8.380686542190717e-8 6.599932914996735e-8 6.556668610723833e-8 
3.6  0.49902246206523443 0.4957864075294019 0.002524561496161753 0.0025081925364579694 7.7567835828762e-5 7.706492800861823e-5 1.7319794034723179e-6 1.7207551893226934e-6 8.020642397835447e-8 7.970206261829686e-8 6.56985416178085e-8 6.526728422347189e-8 
3.7  0.4990289181500801 0.4957899002651764 0.002521289252544412 0.0025049266496331587 7.590913358525995e-5 7.541653591911224e-5 1.684080636555056e-6 1.6731576646743317e-6 7.643037141807782e-8 7.59473920175756e-8 6.541337450396635e-8 6.498362278991525e-8 
3.8  0.49903158347719656 0.49579669090206857 0.002518149533083137 0.002501826203183223 7.434456134903535e-5 7.38626607197577e-5 1.6389903455972297e-6 1.6283705724915615e-6 7.295486436745953e-8 7.24962214094189e-8 6.51363066664362e-8 6.471409020085527e-8 
3.9  0.4990363012588986 0.4958009780634192 0.002515157192305026 0.0024988512142773067 7.286678874024795e-5 7.239440651387403e-5 1.5965044936643963e-6 1.5861582835366527e-6 6.975597321602617e-8 6.93206092652798e-8 6.48785430999715e-8 6.445794276024654e-8 
4.0  0.49904120239997896 0.4958046628911976 0.002512295042281382 0.002496001622843054 7.146845806516924e-5 7.100496985772408e-5 1.556348075963348e-6 1.546258368378632e-6 6.67907419873761e-8 6.637521355203918e-8 6.463127106467505e-8 6.42121059069988e-8 
4.1  0.49904552440567584 0.495808538249843 0.002509550465853418 0.0024932727174265656 7.014305464140034e-5 6.968810162701187e-5 1.5183870632384247e-6 1.5085419327714025e-6 6.439625953131358e-8 6.404904315213018e-8 6.397855201205208e-8 6.365208161843596e-8 
4.2  0.49905087641643775 0.49581102278738426 0.002506923510489348 0.002490648565210907 6.888508630025328e-5 6.843790100691556e-5 1.4824070096491289e-6 1.4727868037405715e-6 6.417028105220699e-8 6.375366753934959e-8 6.149887208354721e-8 6.111653520175687e-8 
4.3  0.49905634561641443 0.49581305427642997 0.002504402274999824 0.0024881266177485322 6.768929169886154e-5 6.724940738972605e-5 1.4482760186762836e-6 1.4388674738630124e-6 6.395387818200043e-8 6.3538234116252e-8 5.9123488447009736e-8 5.8756226328842264e-8 
4.4  0.49905760755979894 0.4958189797389155 0.0025019584645043016 0.0024857221005133703 6.655046105335088e-5 6.611859970482415e-5 1.4158555287125503e-6 1.4066707033227451e-6 6.374632250913849e-8 6.3332625314271e-8 5.691127226729114e-8 5.6559055411218314e-8 
4.5  0.4990618434795967 0.4958216385559762 0.002499622032326824 0.0024833930724317116 6.546541836800187e-5 6.504039493237558e-5 1.3850082128171662e-6 1.3760193012393883e-6 6.354642093623671e-8 6.31338265617744e-8 5.483858594169913e-8 5.450001939483295e-8 
4.6  0.4990653073854733 0.49582479556787745 0.002497368586635911 0.0024811528311976376 6.442987135519469e-5 6.401153409533441e-5 1.3556282169891895e-6 1.346829248534241e-6 6.335374395235433e-8 6.294236996545045e-8 5.289752498137467e-8 5.257226060943103e-8 
4.7  0.49906860344498566 0.49582786365734066 0.002495196091966816 0.002478993348153901 6.344050735606335e-5 6.302856414129202e-5 1.3276183350725707e-6 1.3190003519257338e-6 6.316917609093086e-8 6.275892761090142e-8 5.1075875609858895e-8 5.07633899798967e-8 
4.8  0.499071854591445 0.49583071075156443 0.0024931124067471013 0.002476921206011103 6.249477368937997e-5 6.20889120273536e-5 1.3009052390056194e-6 1.29245886194689e-6 6.298424646753659e-8 6.257485097909587e-8 4.9369402262551606e-8 4.906591571775588e-8 
4.9  0.4990756397080956 0.49583282372581394 0.002491092307833051 0.0024749040214544853 6.158887685446776e-5 6.118850088914396e-5 1.2753555589939314e-6 1.2670520427198603e-6 6.282104712597878e-8 6.240365717501606e-8 4.7765776662242433e-8 4.7460976510973204e-8 
5.0  0.4990791022657198 0.4958350535212783 0.0024891314245880413 0.0024729562596454598 6.072022676417967e-5 6.032554695684476e-5 1.2508995827501812e-6 1.2427627638078449e-6 6.265691878180725e-8 6.223731331194368e-8 4.624556593427176e-8 4.595290320587979e-8 
