#mmax= 10
#m-states: all states (FBR)
#Nr. of sites: 47
 
0.0  1.0 
0.1  0.9968287952907309 0.002555623289978037 0.0006153246984634213 1.5715883807378648e-7 9.95619904705402e-8 
0.2  0.9866742204038007 0.01098009664250698 0.0023398822190829846 2.776813815149435e-6 1.703764489246629e-6 1.3075367971441173e-6 1.2619509229916428e-8 
0.3  0.9667269265604814 0.028454394381178017 0.004766760126223503 2.3654837342758862e-5 1.7543947232335955e-5 1.0194737428736828e-5 2.3021333781663056e-7 1.8476152344774091e-7 1.104352535922637e-7 
0.4  0.9254189454913225 0.06707204261126198 0.007010905260343109 0.000335102386390882 9.909051425616227e-5 5.343469734560164e-5 5.270422653121588e-6 3.108088459426825e-6 1.4741887411540468e-6 4.5185349891033955e-7 6.825425003856482e-8 4.1894936108705725e-8 3.916872315487367e-8 2.516781921864049e-8 
0.41  0.9184935146363236 0.07369207271649184 0.007159488804849918 0.0004519892659744656 0.00012289778725892644 6.535958228049857e-5 7.313219220555913e-6 4.041089049234471e-6 2.5527280474935203e-6 4.982045232508243e-7 1.0343154062331778e-7 7.566778186469987e-8 5.6368051290662524e-8 3.4065786894724264e-8 2.4328246711115275e-9 
0.42  0.9105129453828888 0.08133004838607494 0.00728098598114188 0.0006181804200570254 0.0001556933579859455 8.129760277691226e-5 1.016691554648159e-5 5.247724045025913e-6 4.410593378226343e-6 5.719780106838241e-7 1.5514458823824945e-7 1.3907691395989312e-7 7.533743022929321e-8 5.478886669349759e-8 2.1544509584647443e-8 5.765788054966305e-9 
0.43  0.9011132298530131 0.09032014710313165 0.007368261785385763 0.0008618291803880376 0.00020326859536315094 0.00010336940610498774 1.4249802623402504e-5 7.481863032402275e-6 6.774756493323236e-6 6.557969249294937e-7 2.585030540849982e-7 2.345224688319492e-7 1.025105259218255e-7 9.019429322873115e-8 2.5946243868537222e-8 1.2407543349023378e-8 7.773412149118471e-9 
0.44  0.8897212493722155 0.10118211174021569 0.007411719888318601 0.0012301039307554625 0.00027642503880229505 0.00013529439843459168 2.0085424479708383e-5 1.2330476002951933e-5 8.74571019074866e-6 7.584552217314674e-7 4.517233381781706e-7 3.5616615582528084e-7 1.505106365719483e-7 1.4398887338020108e-7 2.976712632584432e-8 2.4144867029718217e-8 1.0897110383532102e-8 8.367259967525099e-9 
0.45  0.8752937455059799 0.11483119590781725 0.007396050680383224 0.0018272726683542099 0.00039984338101856494 0.00018433130943615084 2.9199840740278296e-5 2.3814090074113234e-5 1.132777914509024e-5 1.009685667854471e-6 9.157051102559291e-7 6.253454836454911e-7 2.847620487480118e-7 1.9445064011289048e-7 6.656750725719006e-8 5.735258261668607e-8 3.406478343235598e-8 1.7288984716781788e-8 1.3614244923494201e-8 
0.46  0.8561276214464796 0.13279654432426757 0.007297782265408043 0.002788777962633496 0.00062165927087912 0.0002639482977396043 4.206108033036992e-5 4.17337889779865e-5 1.4588289066170324e-5 1.8862521591319513e-6 1.2022348863753642e-6 1.0739473375473341e-6 5.009034587499698e-7 2.5384880311480845e-7 1.4045644733142973e-7 1.3455987022834384e-7 3.797556915888032e-8 2.8543883407394472e-8 2.4551804056005115e-8 
0.47  0.8292222535154041 0.15780579649155954 0.007079056244673142 0.0042931443979860985 0.0010427498464897064 0.0004003100875517487 6.921901214383383e-5 5.970879250709357e-5 1.8451979992539704e-5 3.524595853167416e-6 1.9678200728871057e-6 1.7906493069732817e-6 8.244699348837124e-7 3.8007562607935117e-7 3.107129585030675e-7 2.9949243415259005e-7 7.173193008964641e-8 6.330121254340546e-8 4.255605134989921e-8 1.7860563611427553e-8 8.347719788978301e-9 8.018029096163226e-9 
0.48  0.7904649251155683 0.19390439599806977 0.006691051530169037 0.006278190733574139 0.0018084958181234258 0.0006353104742854126 9.974959081727603e-5 8.001669232995006e-5 2.2117392003205207e-5 5.995909074123221e-6 3.504911054306417e-6 2.95680141954297e-6 1.1578499500019095e-6 7.968158729466397e-7 5.659635438618012e-7 3.481727238404639e-7 1.3450264035241832e-7 1.331198974132865e-7 5.466379134668896e-8 4.9337843473120306e-8 1.4446915750757508e-8 1.3122348197590969e-8 1.1951091472514631e-8 9.086896276124163e-9 
0.49  0.7373623858006609 0.24425962543698473 0.008032625370025954 0.006107673350937902 0.0029656536664534098 0.001007789136617279 0.00011936364951185014 9.737768274278567e-5 2.4051038283126425e-5 8.529221432942568e-6 5.67800099927685e-6 4.951517580315019e-6 1.3221181895100551e-6 1.2055771680614678e-6 7.723146273470963e-7 3.504880302808489e-7 2.386356020518979e-7 1.9688629588188834e-7 8.653971765948429e-8 5.996134005442819e-8 2.0421384600631355e-8 1.6637788085756552e-8 1.3414074857021443e-8 1.3133552835280257e-8 
0.5  0.675456770317738 0.30464379795688135 0.008559482656130619 0.005399144850530492 0.004170388954003585 0.0014916018964287133 0.00012000481612303548 0.00010546944146802082 2.3307048229075202e-5 1.0118459229320361e-5 7.805957670323758e-6 7.49852330712035e-6 1.313806637345326e-6 1.2348804105521589e-6 8.828762401338875e-7 3.90777042900149e-7 2.9350650995564997e-7 2.196124498650787e-7 1.102420385895385e-7 7.892948044176397e-8 2.2608993053186312e-8 1.7853383856921657e-8 1.7288706835625603e-8 1.5849240632481886e-8 5.828621883517407e-9 5.062505248090531e-9 
0.51  0.617788070803949 0.36252624036815156 0.00784614482177582 0.004877199131991424 0.004721771615626447 0.0019785902198305 0.00010661323057600431 0.00010187000882439819 2.0832367557699927e-5 1.0035193397186642e-5 9.739200109657326e-6 8.76283850029011e-6 1.1202835819291642e-6 9.84882522368409e-7 8.422627788705312e-7 4.425697502385003e-7 2.6155789839949956e-7 1.860785946794598e-7 1.1246625026260444e-7 9.841013594149079e-8 2.037141213450264e-8 1.692053089865825e-8 1.670913169782598e-8 1.5759725826258196e-8 6.4676850649676124e-9 5.4597134052569605e-9 
0.52  0.573741347343169 0.4078624620743808 0.006659977090110995 0.004947013162800098 0.0041895696903966615 0.002370625596654029 9.021042294263379e-5 8.904147988733983e-5 1.8159503489724078e-5 1.1131354885632083e-5 8.799474551809e-6 8.361256861776445e-6 8.334613652053443e-7 7.216642573922821e-7 6.928510670722029e-7 4.2717503639629896e-7 2.1867210195825516e-7 1.3056093411128226e-7 1.1279202702181261e-7 9.39912601436102e-8 1.6880453000061018e-8 1.52080543961723e-8 1.4586578461081714e-8 1.2978072492877065e-8 6.0394146535874e-9 3.1528968316162223e-9 1.5363484171116962e-9 
0.53  0.5441812486359926 0.43899520671953474 0.0055439025985304135 0.004625237543821251 0.0038183623164112107 0.00264148808483745 7.639114971013428e-5 7.332905892224615e-5 1.603329691318442e-5 1.175796840706759e-5 7.275947518187757e-6 7.235781281940696e-6 5.890811334267089e-7 5.273636641049685e-7 5.156587520021065e-7 3.707505155662742e-7 1.8875848658560392e-7 1.2044858712749136e-7 8.924252752880056e-8 7.156797930637941e-8 1.4603427873604395e-8 1.3754201189571004e-8 1.306059193840917e-8 1.1103443677429349e-8 5.504810500431479e-9 
0.54  0.5250924646062791 0.45954281198612695 0.004645929124554947 0.004170120911304706 0.0035658950074831113 0.002818110451373798 6.375436939728048e-5 6.084277144582298e-5 1.4475654785408981e-5 1.1931427674860556e-5 5.923599098173281e-6 5.831873745830821e-6 4.1225625742659463e-7 3.856912932027891e-7 3.729214659046256e-7 3.0663143902557697e-7 1.5648457038827981e-7 1.215320699098111e-7 5.8054935740639516e-8 5.0485427778407065e-8 1.2516135364922175e-8 1.1452757299136783e-8 1.0684363700162693e-8 9.506016595831754e-9 
0.55  0.5134655312149983 0.47240629381759064 0.003955055639795878 0.0037083005707781967 0.003400580459099845 0.002923112561248604 5.361582883405623e-5 5.13970799830377e-5 1.339289044447006e-5 1.1862216402174798e-5 4.73729879236973e-6 4.639173312287423e-6 2.9494474989005236e-7 2.8323111701215535e-7 2.8132020246464233e-7 2.540636996099079e-7 1.35279899266157e-7 1.172800892366284e-7 3.9441735500899413e-8 3.5869537759022086e-8 1.1880146379543226e-8 1.1281919918179258e-8 8.602211208780801e-9 8.053412063055682e-9 
0.56  0.5063027780982928 0.48059158225006937 0.003419137108832645 0.0032912120942151304 0.0032886064453192753 0.0029841772897286406 4.560856946660837e-5 4.4135400369729594e-5 1.261146330028242e-5 1.1685939016395384e-5 3.7278489617859083e-6 3.5883945978647025e-6 2.24705492355846e-7 2.1569248761119755e-7 2.1503151532600647e-7 2.0166989999567578e-7 1.1446795553240657e-7 1.075369776670925e-7 2.6126672448797295e-8 1.4570379961761129e-8 1.1449872100431109e-8 1.1170812094367794e-8 6.675767496602927e-9 
0.57  0.5019258428980363 0.48581245122634564 0.003211264119032657 0.0030170792052940628 0.00299598795781134 0.002929512930477502 3.9400197987434446e-5 3.841395296141315e-5 1.2032062868296555e-5 1.1470470747027687e-5 2.8385530434795704e-6 2.787837548556277e-6 1.9158665123423292e-7 1.912501312351518e-7 1.5410563417702405e-7 1.5137629226100642e-7 9.434359629353708e-8 9.240831593556727e-8 1.1612868535850518e-8 1.0928833165793191e-8 1.0681909187217778e-8 1.0293614666457881e-8 
0.58  0.4993166476013963 0.48911941847408785 0.0031568738399652854 0.003031875720345651 0.0026565499901550216 0.002621655335532181 3.4743471079501345e-5 3.411783018473819e-5 1.1593405940150988e-5 1.1247849222316948e-5 2.259111879560444e-6 2.2290633326930055e-6 1.7621892384663962e-7 1.743051958467241e-7 1.2126584112514663e-7 1.198740406602893e-7 7.77816855111806e-8 7.755077436376356e-8 1.0444958594028076e-8 1.044122350321932e-8 1.0323045121522345e-8 1.0101188649267378e-8 
0.59  0.49775448042518833 0.491266980985068 0.0031168721892518773 0.003036014018520168 0.0023778963497312496 0.002359510884671801 3.103324539065281e-5 3.06425976525175e-5 1.124540490586677e-5 1.1030954961863124e-5 1.8089606501185333e-6 1.7915004133258907e-6 1.659188253764638e-7 1.638617178295233e-7 9.795815254914494e-8 9.721420258781169e-8 6.440165363014874e-8 6.421922476773308e-8 1.0011452393957338e-8 9.939621851955438e-9 9.59829498153638e-9 9.360450047851608e-9 
0.6  0.4968450210488202 0.4926722415910364 0.0030864750868368753 0.0030335764977333546 0.002145662697653323 0.002135983756864605 2.8002148174607303e-5 2.7754176145992048e-5 1.0961118774837337e-5 1.0826502726514758e-5 1.4505454713652931e-6 1.426066482162043e-6 1.5839130522808832e-7 1.566943669433485e-7 8.07186938266576e-8 7.95511567212377e-8 5.3664822780342166e-8 5.335813561999543e-8 9.543563737742783e-9 9.493493816063084e-9 8.889738108346662e-9 8.45800623331965e-9 
0.7  0.5015958660374105 0.49045813672223837 0.002978346164792577 0.002912237443255493 0.0010158191796176505 0.0009932286580794517 1.3555979795400717e-5 1.3263808952853529e-5 9.496073651763005e-6 9.28591230762561e-6 2.1264130336564508e-7 2.0451905014781644e-7 1.262687755481467e-7 1.2473280342414983e-7 2.6313146179458342e-8 2.3574854564027888e-8 2.07843178077894e-8 2.0331327773328538e-8 4.854321310093012e-9 
0.8  0.5002432465188058 0.49273183561467393 0.0028966322718487567 0.00285313513656457 0.000625832222743022 0.000616435052686795 8.531469228623674e-6 8.40331217179803e-6 7.83225080894609e-6 7.71438061967429e-6 1.1305414355729182e-7 1.1132957981866039e-7 5.3173332186379775e-8 5.231244268936975e-8 1.9444756182336248e-8 1.916630719060138e-8 1.6782482295670538e-8 1.6506806365416318e-8 
0.9  0.5019150405491214 0.49152036149438944 0.0028538076185118007 0.0027945831940055527 0.00045016731084249667 0.0004407282460218649 7.780602533197164e-6 7.6126124046813485e-6 4.860773516579498e-6 4.752657519987542e-6 1.0531235321042712e-7 9.880353248235674e-8 2.6293374907698912e-8 2.3320942843108232e-8 1.933627315822692e-8 1.8881313458531055e-8 1.2993346681918557e-8 
1.0  0.5007683738771789 0.4929430974943545 0.002806637402031421 0.002762857880115117 0.0003520041451780375 0.00034652426993910917 7.067957661174733e-6 6.959057121778583e-6 3.1321380566233735e-6 3.0843541485138574e-6 9.482135879964969e-8 9.358720094448762e-8 1.8976593945351444e-8 1.8676384400891163e-8 1.780146925536328e-8 1.7561210011163006e-8 
1.1  0.4986175248351096 0.49527985406587577 0.0027620560206851274 0.0027436002230517035 0.00029082355653634414 0.0002888881693350083 6.428067517644974e-6 6.385717166512207e-6 2.1038315982855244e-6 2.0905864590763215e-6 9.036835509129376e-8 8.985570972301221e-8 1.83754392248294e-8 1.818538828080441e-8 1.4091679946984848e-8 1.4050091997943205e-8 
1.2  0.5013063279275615 0.49272669748965736 0.002749792904628557 0.0027026982298430586 0.000251943676248532 0.0002476235835855443 5.918124163314235e-6 5.816388508762625e-6 1.4882603578436532e-6 1.4621494396776105e-6 8.75441256749818e-8 8.599428128374889e-8 1.773519428676125e-8 1.7404241685084925e-8 1.139957390575154e-8 1.1188589404427868e-8 
1.3  0.5011022491536311 0.49303566043367825 0.0027254673561544285 0.002681597117552742 0.00022272425482439703 0.00021913912613383618 5.434067547865107e-6 5.346517662090394e-6 1.0899411440052513e-6 1.0724567350920538e-6 8.483394203977182e-8 8.347155507643125e-8 1.6768338155996715e-8 1.644544240485578e-8 9.086775807231713e-9 8.968884953539181e-9 
1.4  0.5000633082072018 0.4941588103897697 0.002699897530613633 0.0026680088174497597 0.00020028423611172854 0.0001979012704766184 4.999593868705521e-6 4.939900074978783e-6 8.265717518724584e-7 8.141271152147695e-7 8.246411975595427e-8 8.148887277338978e-8 1.573711369074322e-8 1.5505502316826745e-8 7.185213955586664e-9 6.974745490800742e-9 
1.5  0.5009019216332817 0.4933899086843785 0.0026869637769918486 0.0026466796261893004 0.00018331017603314144 0.00018055160086575506 4.633796609268954e-6 4.5632411358030665e-6 6.44701598936013e-7 6.291321344892008e-7 8.067355933123976e-8 7.946229134820652e-8 1.4643386155779758e-8 1.4388562545036107e-8 4.462983956336486e-9 
1.6  0.5003628247890084 0.4939878290542687 0.0026687284754753557 0.0026347501012643267 0.00016912824015491093 0.00016697288308178157 4.301056411478682e-6 4.245748998321531e-6 5.207630312000136e-7 5.116763939984352e-7 7.89743243273835e-8 7.797220107147402e-8 1.3512588652163946e-8 1.3315438724437549e-8 3.4373625625018504e-9 
1.7  0.5018261207941901 0.4925752360233758 0.00266281408778696 0.0026137710875947717 0.00015798802086643355 0.00015507501035188256 4.0222633675445535e-6 3.948064257326717e-6 4.2704546415489365e-7 4.189744654639554e-7 7.774481659367189e-8 7.627920020445708e-8 1.2421093820135855e-8 1.2183169787609217e-8 
1.8  0.5023505861724625 0.49209496586258145 0.002653312610301905 0.0025991451288179053 0.0001483308963487058 0.00014530274142056675 3.7700000291902024e-6 3.6930593015482297e-6 3.6339286787294056e-7 3.559769814982766e-7 7.663019628037527e-8 7.506660052556261e-8 1.1337981325158491e-8 1.1124112663552164e-8 
1.9  0.5021530849497509 0.49233141836463473 0.002641191932917231 0.002589531038541816 0.00013985237690740285 0.0001371167602782339 3.5410287388664003e-6 3.4717382825460473e-6 3.138451949082297e-7 3.0769979996950406e-7 7.548574254971411e-8 7.400645303554903e-8 1.0489974328471186e-8 1.0282786202032998e-8 
2.0  0.5021821631300634 0.4923371018233336 0.0026312535032376387 0.002579671600575862 0.0001325426872315618 0.00012994445344462948 3.3382068198014375e-6 3.2727879005473256e-6 2.753086025610182e-7 2.699164772046216e-7 7.448998099775477e-8 7.303318851850316e-8 9.617938102476705e-9 9.4412089914182e-9 
2.1  0.5034167537460775 0.4911337535331162 0.00262847938438144 0.0025643443386172866 0.00012642739739368762 0.00012334244178674241 3.1642409267345336e-6 3.087017450819287e-6 2.452954411684049e-7 2.3930552778472464e-7 7.38182289228949e-8 7.201397135570599e-8 8.822673386273352e-9 8.644408121124008e-9 
2.2  0.5034257977954874 0.4911529158004243 0.0026200650426334644 0.00255619572686347 0.00012072286571115908 0.00011777998931590224 3.0007936945195953e-6 2.927647652043181e-6 2.1970912394681152e-7 2.1435244652480532e-7 7.296985715399261e-8 7.119400327983308e-8 8.15085681676486e-9 7.961932007370668e-9 
2.3  0.5034060403483824 0.49119838933784216 0.002612143039752838 0.002548801023757815 0.00011562133997893001 0.00011281768909295204 2.8530850436720947e-6 2.7839166372422585e-6 1.9874784758802136e-7 1.9393058577304234e-7 7.223789535536186e-8 7.048211608608166e-8 7.493010133381437e-9 7.3280617783785396e-9 
2.4  0.5027081139244883 0.4919197835756873 0.002601322888839859 0.0025455008679767755 0.0001108860681430428 0.00010850660773591961 2.7157499953961995e-6 2.6574829484383763e-6 1.8083540783299625e-7 1.769556211577434e-7 7.145680573711609e-8 6.992792597843936e-8 6.89789068559904e-9 6.760535956347062e-9 
2.5  0.502857045596651 0.491792546870637 0.0025953621623525246 0.002538265358478023 0.00010677194994851553 0.00010442144316604322 2.5887564676451298e-6 2.5270520901493857e-6 1.65141109606462e-7 1.599461582454142e-7 7.081033174382248e-8 6.926851585742464e-8 5.644095517820509e-9 
2.6  0.5029382542784129 0.49173125972474596 0.0025895502026721043 0.0025318424123697537 0.0001030250737823539 0.00010072593295507438 2.479483624667373e-6 2.41886652347759e-6 1.5224584247618954e-7 1.474150315642832e-7 7.026692667191409e-8 6.86950249750327e-8 5.4020914706526364e-9 
2.7  0.5027671315433291 0.49192084751438064 0.002582836222476418 0.002527112718046308 9.95506150087214e-5 9.740206462972433e-5 2.3741786223292792e-6 2.324921033981299e-6 1.3985009322687983e-7 1.3762278356345761e-7 6.971704609317557e-8 6.819580761555396e-8 4.836743361350336e-9 
2.8  0.5027567161167613 0.49194838981538547 0.002577334968769833 0.002521926292887013 9.639466008235557e-5 9.43221210364989e-5 2.282909981392687e-6 2.2335161411519788e-6 1.3039108689763738e-7 1.2774720012405409e-7 6.921827077967982e-8 6.771482018350415e-8 4.527578019654608e-9 
2.9  0.5028286521681206 0.4918924303837876 0.002572584602066869 0.002516630781941652 9.350405934181551e-5 9.146855311124642e-5 2.199749142259368e-6 2.1483188013044357e-6 1.2239703444929137e-7 1.18674490222564e-7 6.876478701095146e-8 6.726409172392166e-8 4.283286241583428e-9 
3.0  0.502825841264276 0.49191018852829066 0.0025677494596589084 0.00251200080941363 9.081757912326626e-5 8.884487651185961e-5 2.119253196031825e-6 2.0732079959792e-6 1.1412779638292116e-7 1.1171868632224301e-7 6.834218537892652e-8 6.684424445330658e-8 3.988624265275294e-9 
3.1  0.5028234776948518 0.4919265420856578 0.002563198508879316 0.0025076429523446632 8.832767506241037e-5 8.641213169025877e-5 2.047683186945046e-6 2.000771478981912e-6 1.0759748341084229e-7 1.0470209589943327e-7 6.794002681661873e-8 6.645293570672962e-8 3.804308851327771e-9 
3.2  0.5027353594596796 0.49202785449804803 0.0025584400612099715 0.0025039501962704305 8.599343055932924e-5 8.416252939149544e-5 1.9742076743308407e-6 1.933444826479755e-6 1.0029536041842896e-7 9.825376758831064e-8 6.752795704619089e-8 6.609525751478642e-8 
3.3  0.5027476273087322 0.49202796689410966 0.0025544236580698704 0.002499999242308823 8.383519788564653e-5 8.20487861360385e-5 1.9098546666206005e-6 1.8691833065648855e-6 9.452990407486204e-8 9.247595608022696e-8 6.715744376126662e-8 6.571148310620261e-8 
3.4  0.5027561906852778 0.49203110634615227 0.0025506037481172776 0.0024962354151638754 8.181775951091349e-5 8.007347689741363e-5 1.8513420489377047e-6 1.8118938439964917e-6 8.953545368818206e-8 8.75893081239157e-8 6.682464015979754e-8 6.538358587981945e-8 
3.5  0.5027808107372339 0.4920175786782244 0.0025470658625291014 0.002492544031455402 7.992877116493258e-5 7.82178137817774e-5 1.7964418923904462e-6 1.7579878630559864e-6 8.497246148236734e-8 8.313874984074126e-8 6.649544914988077e-8 6.506919482268763e-8 
3.6  0.5028198559111964 0.49198899691467796 0.002543759488062579 0.0024890078707148137 7.815910766416161e-5 7.64765907005076e-5 1.7453703371459958e-6 1.707813460843728e-6 8.085104714263508e-8 7.909409819732627e-8 6.621476266640514e-8 6.477327704196776e-8 
3.7  0.5028340749209509 0.4919847023821618 0.002540528774400164 0.0024857239732287736 7.648955612085308e-5 7.483956935297302e-5 1.697263885452249e-6 1.6606434556158766e-6 7.706772571649816e-8 7.536516019329346e-8 6.598562708836889e-8 6.44979327101165e-8 
3.8  0.5028427554483501 0.4919855059479868 0.002537369390460561 0.0024826176709708426 7.491268438125412e-5 7.32960746482493e-5 1.6515475985979911e-6 1.6159188226285359e-6 7.353303654574818e-8 7.193073244790773e-8 6.56422477762659e-8 6.421076453834396e-8 
3.9  0.5028531139462155 0.49198415392932354 0.0025343823702040653 0.0024796359394538858 7.342446275921198e-5 7.183825702365102e-5 1.6087158817302551e-6 1.5739721772606865e-6 7.030194985447642e-8 6.877203830970863e-8 6.538047030717116e-8 6.395250113387407e-8 
4.0  0.5028776507686235 0.49196817391757636 0.002531628380711372 0.002476706758175834 7.201898189875368e-5 7.045655002412267e-5 1.568342326996994e-6 1.5343094826226092e-6 6.731808071193085e-8 6.58476210135826e-8 6.511915718833152e-8 6.37063214363702e-8 
4.1  0.5028784938383183 0.49197553323465953 0.0025288426792475205 0.00247401416551576 7.06828122240855e-5 6.915028248042776e-5 1.5300612139599117e-6 1.4968764440228236e-6 6.488273996751238e-8 6.454953253877057e-8 6.347595200515822e-8 6.314167157965263e-8 
4.2  0.5028841131095454 0.49197775394131976 0.0025261950824766095 0.002471407467387541 6.941509879068987e-5 6.790960403797807e-5 1.4937968339979023e-6 1.461389070510639e-6 6.465500301059412e-8 6.325272589399518e-8 6.197750065687905e-8 6.062531085754696e-8 
4.3  0.5028878961718543 0.49198147348964455 0.0025236449250932475 0.0024689126782002106 6.820980924804406e-5 6.673045324383483e-5 1.4593957562979422e-6 1.4277341342330087e-6 6.443588370465508e-8 6.30383759585243e-8 5.958463386388471e-8 5.828393362722044e-8 
4.4  0.5029058904971019 0.4919706690221993 0.0025212654236516376 0.0024664416091972037 6.706442879584468e-5 6.560601162450817e-5 1.4267703765600005e-6 1.3957199464051115e-6 6.422924594898042e-8 6.283250468632849e-8 5.735671864350574e-8 5.6098637176666474e-8 
4.5  0.5029082630208911 0.491975198963782 0.0025188954774010347 0.0024641382179545236 6.597064227905612e-5 6.453652115911056e-5 1.3957228644801855e-6 1.3653732248044917e-6 6.40761446103515e-8 6.264356457499938e-8 5.527489338087655e-8 5.4065842193069936e-8 
4.6  0.5029143953998011 0.4919756891080383 0.0025166372490421224 0.00246190111881925 6.492745058778305e-5 6.351529771040977e-5 1.3661402296264138e-6 1.3364198577737019e-6 6.388095225646782e-8 6.245515426953323e-8 5.33229338495397e-8 5.21568748534317e-8 
4.7  0.5029184818733946 0.4919779677505504 0.0025144514723350725 0.002459753944740162 6.393052833846578e-5 6.253983042404208e-5 1.3379397481861951e-6 1.308828256796183e-6 6.369397863905966e-8 6.227454895629465e-8 5.149554725449521e-8 5.036814040387955e-8 
4.8  0.5029219264442585 0.49198064654420554 0.0025123404868475615 0.002457684824476007 6.297709444746973e-5 6.160698418355484e-5 1.3110346106144978e-6 1.2825051294902738e-6 6.351781957564509e-8 6.210313148613448e-8 4.9774287153697796e-8 4.8686603473733094e-8 
4.9  0.5029271423491506 0.49198132575002396 0.0025103118526950503 0.0024556795021878643 6.206409027338806e-5 6.071335868606376e-5 1.285269674062783e-6 1.2572930140656096e-6 6.335004339395226e-8 6.192979075140006e-8 4.815528971001845e-8 4.709917202268547e-8 
5.0  0.5029309462542918 0.49198320500612597 0.002508346002773441 0.0024537456760256276 6.118908488801274e-5 5.9857065338362324e-5 1.2606042586841363e-6 1.2331507457607547e-6 6.318863630733206e-8 6.176060352559375e-8 4.6616241297246095e-8 4.559007141670231e-8 
