#mmax= 5
#m-states: all states (FBR)
#Nr. of sites: 45
 
0.0  1.0 
0.1  0.9968294406506756 0.0025549305622241843 0.000615372153477059 1.5709777081539365e-7 9.953585245808313e-8 
0.2  0.9867309602876154 0.01092048846121729 0.0023431073876551962 2.749717974716325e-6 1.6934916164804166e-6 9.87497925172454e-7 1.3155995784832751e-8 
0.3  0.967593373636232 0.027562040236364268 0.004806715592892812 1.6345670357413666e-5 1.1523055255993352e-5 9.688342902040553e-6 1.1181275437502343e-7 1.0267166417689823e-7 9.898157724990871e-8 
0.4  0.934020566319013 0.05850209746550689 0.007302508488582544 6.743991147074684e-5 6.639336464962928e-5 3.860259368349395e-5 9.222706445000401e-7 9.218409947205716e-7 4.529009334437823e-7 5.0413856017215565e-8 2.3202961021619944e-8 2.122770362205658e-8 
0.41  0.9294192603593273 0.06286631478536187 0.0075129972860062495 7.885370728935808e-5 7.568058527158866e-5 4.405099775343757e-5 1.1119969124649327e-6 1.1112378576438698e-6 5.025882150072729e-7 6.371511085271806e-8 2.8245393239482044e-8 2.4495501321372125e-8 
0.42  0.9244998653665888 0.06755780679380882 0.007710451149225389 9.199116451949457e-5 8.622289394070701e-5 5.028744442636892e-5 1.338015389822616e-6 1.331667863271986e-6 5.544497766999105e-7 8.125774812816969e-8 3.4431462644155435e-8 2.80888555370908e-8 7.276394062359891e-9 
0.43  0.9192232111192307 0.07261711669028295 0.007892922947626406 0.000107105174452039 9.82108898804345e-5 5.7452016193356394e-5 1.5999693500800646e-6 1.586723888031889e-6 6.1038876938665e-7 1.017136020250344e-7 4.1977776571079376e-8 3.197348966843315e-8 8.415458382422146e-9 
0.44  0.9135391812372431 0.07809596235897898 0.008057992946393908 0.00012455363778967314 0.00011189903418224668 6.573120570644305e-5 1.9064465397599662e-6 1.880971452956264e-6 6.683008458262539e-7 1.272859391310369e-7 5.0723243821712206e-8 3.6087088185808144e-8 9.764595933271681e-9 
0.45  0.907381012815418 0.08406276685818141 0.008202936137292538 0.00014480999051626883 0.00012761579664943035 7.536998456312801e-5 2.266193205959605e-6 2.2198117024716794e-6 7.297518514739171e-7 1.5952157168130915e-7 6.136028127820559e-8 4.0490030971994034e-8 1.1288735376213723e-8 
0.46  0.9006567036685807 0.09061165188183208 0.00832424028350592 0.00016847193397566288 0.00014580471426043032 8.670325151163294e-5 2.6888037984934014e-6 2.6086513898088397e-6 7.943701637976684e-7 2.003259754733008e-7 7.408168664340918e-8 4.506041902262499e-8 1.2972900492703161e-8 
0.47  0.8932316395786378 0.09787972898988351 0.008417281722412394 0.00019645565111533754 0.0001671306151549302 0.00010021702975346753 3.1958317149942003e-6 3.0544141223807702e-6 8.774796322368631e-7 2.532778381187042e-7 8.938226513748554e-8 5.007996648767382e-8 1.5282429235852898e-8 1.0665074202854809e-8 
0.48  0.8849248791841879 0.10605202261556025 0.008475782842237512 0.00022954932585503494 0.0001923708089184639 0.00011658514647705989 3.7819635917108704e-6 3.561457905255343e-6 9.541416862137493e-7 3.2071543260329776e-7 1.0725244876199302e-7 5.4910175866318875e-8 1.742477633105272e-8 1.2210746950455977e-8 
0.49  0.8755661480168404 0.11530322722050126 0.008493950423994378 0.00026763023115441704 0.00022225258503281967 0.00013656371973251176 4.4404664190565135e-6 4.120882718282759e-6 1.0384308344548102e-6 4.0660874372067157e-7 1.2811214812470377e-7 5.965751630308682e-8 1.9630058844055937e-8 1.4014305308951966e-8 
0.5  0.8652170962129259 0.12557489551126982 0.008472464169292258 0.00030722043675719896 0.00025624879726046575 0.0001603919651972232 5.0999542558981565e-6 4.6886108098769595e-6 1.1319917757662733e-6 5.098021265730488e-7 1.507771134406864e-7 6.418710240489767e-8 2.155737054063355e-8 1.6026742992545643e-8 
0.51  0.8542684560238993 0.13647448184969807 0.008421700129824164 0.0003427553762294042 0.000292223584816958 0.0001873613005877628 5.670968308734055e-6 5.207917933037482e-6 1.2345466642496497e-6 6.246773787361133e-7 1.7389454165771646e-7 6.854154823494748e-8 2.3042104713707856e-8 1.8146464515918846e-8 
0.52  0.8431836113370189 0.14753282182362698 0.00835468032242568 0.0003705875269156438 0.0003277969546260146 0.00021634404675387588 6.109332733481269e-6 5.647843070605819e-6 1.3434783045122245e-6 7.449117346904385e-7 1.955422766275806e-7 7.267283196654134e-8 2.4014886648126603e-8 2.019279429829334e-8 
0.53  0.8322747335807851 0.1584315929178335 0.008280547253715426 0.0003901321805094404 0.00036145938122468074 0.0002464443393018801 6.419801693990681e-6 6.008129441790757e-6 1.457056513453078e-6 8.664414753452438e-7 2.1540700583094566e-7 7.673222306307234e-8 2.466301927469555e-8 2.2115257206254666e-8 
0.54  0.8216214674056708 0.16908756713392298 0.008201995926213583 0.00040289728075250706 0.0003928513071059496 0.0002773596850340108 6.631382160110521e-6 6.304131769260988e-6 1.5745012379388169e-6 9.883276547546107e-7 2.3331051445261169e-7 8.071508556400281e-8 2.5018608714392367e-8 2.3874268997898788e-8 
0.55  0.811272330029805 0.17944933175606417 0.008120856745241533 0.00042179890827757303 0.0004102792172780551 0.00030886632804221615 6.7727203975194546e-6 6.561664169488193e-6 1.696314307360167e-6 1.1102125703570263e-6 2.5410762255330584e-7 8.520493579599064e-8 2.5606887983009627e-8 2.5314961462990303e-8 5.869438944353384e-9 
