#mmax= 10
#m-states: all states (FBR)
#Nr. of sites: 23

0.0  -0.0  0.0
0.1  -21.482807092448365  0.7070712206748281
0.2  -47.54828330377139  0.6652748720706235
0.3  -80.79213531316157  0.9975301940623369
0.4  -122.82564185484972  0.9649774248262843
0.41  -166.78965962802383  0.9999999999999999
0.42  -162.78965962802383  1.0000000000000002
0.43  -122.18113912085028  0.4973597263808978
0.44  -162.78965962802383  1.0000000000000004
0.45  -167.54828330370333  0.6652748721159129
0.46  -172.7924698903396  0.9971965216227091
0.47  -220.78965962802383  1.0000000000000002
0.48  -166.7896657722173  0.9999938552297944
0.49  -170.92135824923088  0.8845896065284318
0.5  -224.78965962802383  1.0000000000000002
0.51  -169.68287520047193  0.5868285960375572
0.52  -216.78965962802383  0.9999999999999998
0.53  -223.48280680860265  0.7070714214141465
0.54  -280.7896596280238  1.0000000000000004
0.55  -217.49192294946292  0.7007124307595848
0.56  -286.7896596280238  0.9999999999999989
0.57  -290.8078095559416  0.9821766921887769
0.58  -222.79213531316154  0.997530194062359
0.59  -356.7899950343967  Inf
0.6  -276.7896596280238  1.0000000000000004
0.7  -346.7896596280238  Inf
0.8  -426.7896596280238  Inf
0.9  -424.7896596280238  Inf
1.0  -356.81024158156066  Inf
1.1  -426.7896596280238  Inf
1.2  -436.789750423762  Inf
1.3  -518.7921353131616  Inf
1.4  -530.7896596280239  Inf
1.5  -602.7896596280239  Inf
1.6  -610.7896596280239  Inf
1.7  -Inf  NaN
1.8  -Inf  NaN
1.9  -510.7899950343967  Inf
2.0  -597.4828068085837  Inf
2.1  -Inf  NaN
2.2  -Inf  NaN
2.3  -Inf  NaN
2.4  -608.9347822466814  Inf
2.5  -Inf  NaN
2.6  -Inf  NaN
2.7  -Inf  NaN
2.8  -Inf  NaN
2.9  -Inf  NaN
3.0  -Inf  NaN
3.1  -Inf  NaN
3.2  -Inf  NaN
3.3  -Inf  NaN
3.4  -Inf  NaN
3.5  -Inf  NaN
3.6  -Inf  NaN
3.7  -Inf  NaN
3.8  -Inf  NaN
3.9  -Inf  NaN
4.0  -Inf  NaN
4.1  -Inf  NaN
4.2  -Inf  NaN
4.3  -Inf  NaN
4.4  -Inf  NaN
4.5  -Inf  NaN
4.6  -Inf  NaN
4.7  -Inf  NaN
4.8  -Inf  NaN
4.9  -Inf  NaN
5.0  -Inf  NaN
