#mmax= 10
#m-states: all states (FBR)
#Nr. of sites: 23
 
0.0  1.0 
0.1  0.9968288257487877 0.0025555945791993573 0.000615322967350201 1.5713001447301846e-7 9.957464890902766e-8 
0.2  0.9866739892681274 0.010980316446015883 0.002339901942144384 2.7768853840333337e-6 1.7040777942231276e-6 1.311380533422936e-6 
0.3  0.9667273993990656 0.028454004308539935 0.004766761766838577 2.3574953864523644e-5 1.7541595268550144e-5 1.0194347635702743e-5 2.2886480127389382e-7 1.8438773632401063e-7 1.1037624907717051e-7 
0.4  0.9254933361754928 0.06700507533581307 0.007012268308994515 0.0003275017038046048 9.849373740518986e-5 5.3237389717052024e-5 5.11011328767759e-6 3.060109069789351e-6 1.2986606352148838e-6 4.528688387169273e-7 6.557751869103184e-8 4.157354603051409e-8 3.4001002870240083e-8 2.4444873407193967e-8 
0.41  0.9186674399199074 0.07353736728127211 0.007162737828744484 0.0004327841208023637 0.0001212551234822134 6.483658155313825e-5 6.890613134927561e-6 3.926706556172595e-6 2.0154665619170162e-6 5.036371001125338e-7 9.484447225973061e-8 5.684250214441394e-8 5.6581358968767355e-8 3.09420466593819e-8 3.5105057597853547e-9 
0.42  0.9108643739053738 0.08102152175097671 0.007286806214072805 0.0005769911288015509 0.0001517822669334468 8.008243517141633e-5 9.280180868878029e-6 5.016443093509125e-6 3.203012054014338e-6 5.702649858970728e-7 1.396334613040804e-7 9.660163938692213e-8 7.315251482004822e-8 4.352776319936165e-8 1.9482289575211463e-8 
0.43  0.9018920945753027 0.08964406058106292 0.007380616888930038 0.0007657316234653092 0.00019295519021047833 0.00010031243810406453 1.2244672023182255e-5 6.293596823616021e-6 4.521859723259233e-6 6.428005299092222e-7 1.9643833717688434e-7 1.4333723857348635e-7 9.688900770156212e-8 5.930089488407536e-8 2.3463985863094918e-8 6.344362421899038e-9 
0.44  0.8913812031360648 0.09975131874966259 0.007437131389793275 0.0010201241234879244 0.0002505322143163214 0.00012787128209698598 1.603356659714763e-5 7.800806600070752e-6 6.474884562473799e-6 7.42848652194803e-7 2.8181016511998785e-7 2.2240069056657623e-7 1.2813895000520103e-7 8.324202450151808e-8 2.752127252348799e-8 1.5429268613438606e-8 8.455795951546924e-9 
0.45  0.8789658123212715 0.11169771647611035 0.0074498209755842724 0.001349009206639795 0.0003310400040248725 0.0001657290867787983 2.0532777307522807e-5 9.507980634612407e-6 8.875213017089898e-6 8.651552774567484e-7 4.0321199815770834e-7 3.271592234932696e-7 1.7051228777719518e-7 1.1443883346628151e-7 3.112102915125364e-8 2.428821527995892e-8 1.1339237301686419e-8 8.73252956137697e-9 
0.46  0.8641514692781934 0.12596459424129616 0.0074105406651338405 0.001760411655336693 0.00044373728896366743 0.00021809659268583155 2.5574677957663647e-5 1.1721366784820203e-5 1.1315319530438573e-5 1.0384773569176555e-6 5.753842322593883e-7 4.635289177996837e-7 2.1165081849299596e-7 1.5074532207778724e-7 3.813572532753607e-8 3.443731168570736e-8 1.5044660371443053e-8 1.15097728123401e-8 
0.47  0.8463805993947215 0.14310429761751106 0.007310849514654892 0.0022511151818702044 0.0005998429332222216 0.0002904606383753901 3.104834995936074e-5 1.5278552055967978e-5 1.3136812672848117e-5 1.294134915217737e-6 8.256779735049169e-7 6.732144057043151e-7 2.5064091932747e-7 1.9355332326099313e-7 5.896670414543874e-8 3.76978531536411e-8 2.1875994884069623e-8 1.5242869684940693e-8 
0.48  0.8251626741166668 0.16363295424552327 0.007143726322015633 0.002788947519779181 0.0008081443054204882 0.00038896512915574183 3.6413191923816614e-5 1.8884924572910617e-5 1.4816504364906788e-5 1.666837168982901e-6 1.1556066111213918e-6 9.295738734419618e-7 2.8138148985384923e-7 2.34636810227085e-7 8.606009293581973e-8 4.519420162480591e-8 4.082388431422841e-8 2.0064112201835937e-8 1.3562334143553092e-8 
0.49  0.800263915368024 0.18784127705505638 0.006906437724333189 0.003313736651536144 0.001070314054022229 0.0005190220505894174 4.118757975029622e-5 2.21578595802606e-5 1.6184283638857857e-5 2.1869169420547154e-6 1.552632995598825e-6 1.19940990363579e-6 2.9993638047848666e-7 2.6722475686238666e-7 1.164278681242072e-7 6.009533348656483e-8 4.3727948428578895e-8 2.6493294956811827e-8 1.4508046505480422e-8 
0.5  0.7718463771131857 0.21564468631226966 0.006602502052706374 0.0037523403600013857 0.0013758703670931943 0.0006838521064295847 4.4973453710687704e-5 2.498565501691682e-5 1.7118369057875024e-5 2.8730443094236985e-6 1.9910387319477033e-6 1.5015532598204485e-6 3.057367102055562e-7 2.875674888522899e-7 1.4692236271984694e-7 7.666797838429557e-8 4.672246279571148e-8 4.250824188710707e-8 1.503660178044678e-8 7.41238234399513e-9 
0.51  0.7408033404726413 0.24623926734166238 0.0062458987002582435 0.004033801537251066 0.0016956867157490573 0.0008810977122452842 4.737126308357949e-5 2.712408925476347e-5 1.7543895600076124e-5 3.702715688501884e-6 2.40431921880192e-6 1.7735650112551992e-6 3.002229953964181e-7 2.9189179928596665e-7 1.674943586966176e-7 9.261720263036697e-8 5.3991049656190676e-8 5.108579796042189e-8 1.5044450869476627e-8 8.825833244499353e-9 6.498847116228075e-9 
0.52  0.7086697469520256 0.2781528561603073 0.005859581196184781 0.004123459340789871 0.0019881628411738575 0.0011017946559971445 4.8183474101754684e-5 2.8445314741283796e-5 1.747461555244364e-5 4.622008488985895e-6 2.7081255933100453e-6 1.96704556585178e-6 2.868198858061834e-7 2.8069323789271163e-7 1.7549518747583798e-7 1.0441672842340503e-7 6.405289334139117e-8 5.535714729391857e-8 1.4490056034493293e-8 9.698733122039103e-9 7.245608070401499e-9 
0.53  0.6771350524742857 0.30970319639985555 0.005468651405539923 0.004038093178088682 0.0022165565353859996 0.0013333288606417497 4.756138226561262e-5 2.9082337891461308e-5 1.702115890118055e-5 5.5600337955133655e-6 2.8535933207468522e-6 2.0685724184414538e-6 2.6961556660039396e-7 2.5894887262431295e-7 1.724746646470438e-7 1.1119214851382035e-7 7.119808557022793e-8 5.966617312868456e-8 1.3756398334413095e-8 1.0028491635483726e-8 7.187208915775945e-9 
0.54  0.6476994848387987 0.33935412519847313 0.005095456067562044 0.003825369181993005 0.002359622840968414 0.0015623540350942378 4.5806937682518845e-5 2.915888107773318e-5 1.6334200300538674e-5 6.44928626388618e-6 2.8338488561362898e-6 2.0744111710315532e-6 2.5202580345343816e-7 2.3234678781412858e-7 1.6396066852094028e-7 1.1268144921470557e-7 7.438865587113842e-8 6.36914099732481e-8 1.314311530919843e-8 1.0457146809140772e-8 7.576722309932889e-9 
0.55  0.6212535337604898 0.3661553725718738 0.004753867876260968 0.003541296555910104 0.002416786687795591 0.0017787273969828569 4.327527227620947e-5 2.8812039043498365e-5 1.5536883247244767e-5 7.240243378393181e-6 2.679000940604445e-6 1.9966373377466412e-6 2.3561324151796537e-7 2.057414385185063e-7 1.487898109565909e-7 1.0927953144678816e-7 7.341987273936072e-8 6.64012649100085e-8 1.2032212021776494e-8 1.0417052522472922e-8 8.023307064282381e-9 5.356733078954946e-9 
0.56  0.5985687384009526 0.38928084025397935 0.004455842481472299 0.0032291438471682052 0.0023973782250148986 0.0019720702389789046 4.028201505167187e-5 2.8047540388410497e-5 1.4726136989635128e-5 7.885719771136603e-6 2.4055959933827493e-6 1.8422812543807687e-6 2.2068353106432293e-7 1.8182647894373932e-7 1.2678961445825355e-7 1.0195882929304396e-7 6.909337835185401e-8 6.694277777388619e-8 1.1437686318682086e-8 1.0421276515805668e-8 8.109413727269438e-9 
0.57  0.5795754958122793 0.4087467627026727 0.004201971182140078 0.002921944717715753 0.0023231690146700203 0.002139586354079163 3.716318600578103e-5 2.7048818789448524e-5 1.3965445354439376e-5 8.397075342793313e-6 2.105806038122627e-6 1.6596364612940405e-6 2.0790959147581865e-7 1.6335689262325855e-7 1.0890807183241435e-7 9.29256558663858e-8 6.502299404502085e-8 6.302169140651447e-8 1.0516903635332336e-8 1.021417552661887e-8 8.372474787738028e-9 
0.58  0.5638127977830719 0.4249782036622335 0.0039873910507747246 0.0026373094406858546 0.002282795535313326 0.0022154565611734863 3.410259539291308e-5 2.590454358849806e-5 1.3279859122772546e-5 8.79153050210048e-6 1.8176039108439527e-6 1.4688245001224813e-6 1.970203789448681e-7 1.506727645071654e-7 9.785037182065456e-8 8.337839056689937e-8 6.071147214124675e-8 5.634725785944246e-8 1.0057569547193329e-8 9.983391828922162e-9 8.57191069114622e-9 6.4162212353530595e-9 
0.59  0.5509394830167523 0.4382968229995659 0.0038085044679895728 0.0024024384559868076 0.00238196139121368 0.0020897499581597613 3.1218503302709105e-5 2.4662648428047373e-5 1.2676551918693863e-5 9.071350284979914e-6 1.52475138900206e-6 1.272124524882559e-6 1.8645397740773432e-7 1.4240618462365891e-7 7.934017720885183e-8 7.401775588411117e-8 5.4888678017806875e-8 4.9762571676805986e-8 9.458914096963127e-9 8.990644715537198e-9 8.461582320349e-9 
0.6  0.5405495760231875 0.4490980145901267 0.003660734278918619 0.0025005576042630277 0.0021571276097269013 0.0019576364330149308 2.859115252094557e-5 2.3396853580496776e-5 1.2156109501187714e-5 9.265813918297411e-6 1.2795318743633987e-6 1.0975267052549907e-6 1.7784873637779667e-7 1.3739621543361965e-7 6.995725313531646e-8 6.569232294846789e-8 4.6159339037660285e-8 4.3982464412329874e-8 9.072196522322357e-9 8.790672007563525e-9 7.573463498754086e-9 
0.7  0.5021644207635163 0.48989057623159105 0.0030359620931188504 0.002855981217699931 0.001005069031643856 0.001001754312156955 1.3562533051414808e-5 1.3153069013434029e-5 9.545039299702093e-6 9.226260344501038e-6 2.0691183247924096e-7 1.9595096504463748e-7 1.30061927013672e-7 1.211871410596853e-7 2.6793676525815324e-8 2.293797309678611e-8 2.053887571476052e-8 2.039927902838887e-8 4.666894078145474e-9 
0.8  0.49752246430911784 0.4954526079803784 0.002891506217414361 0.0028583406096200294 0.0006224168068411006 0.000619786289852342 8.486809708211406e-6 8.447800630843577e-6 7.7860201293436e-6 7.755829744783401e-6 1.1300723455072613e-7 1.1152470395869069e-7 5.26293007794836e-8 5.233481394976187e-8 1.9286242424637402e-8 1.925175733388079e-8 1.671531230793683e-8 1.6577197378862882e-8 
0.9  0.49694631094067354 0.4964891029441879 0.002827806762659392 0.002820587258643188 0.00044584301976014526 0.00044504042307460894 7.700057129528189e-6 7.69281655547083e-6 4.8087323170817205e-6 4.80280351136133e-6 1.0394270844307369e-7 9.995042851658627e-8 2.596310970505037e-8 2.3636218213931506e-8 1.9133737361548715e-8 1.9087323952331313e-8 1.2527960509098497e-8 
1.0  0.49700771441568586 0.49670361484203496 0.0027858885570295373 0.002783686848041647 0.00034939615564986076 0.0003491753786978696 7.017748563864423e-6 7.013324130536562e-6 3.1091895863636727e-6 3.108397712494548e-6 9.766388057542117e-8 9.447371969353617e-8 1.884135729653754e-8 1.8755422210785678e-8 1.8199642676222016e-8 1.7666226588903836e-8 9.542618927229403e-9 
1.1  0.49768140990173326 0.496215964769278 0.002756907058905862 0.0027487693882835597 0.0002902746449145608 0.0002894237271993233 6.415815640231522e-6 6.396904813790108e-6 2.0994110652780906e-6 2.0938608270323523e-6 9.010579601832003e-8 8.981748793065823e-8 1.830178134725905e-8 1.8202134412275426e-8 1.407940907154554e-8 1.4010728037792957e-8 
1.2  0.4986087224452247 0.4954244251384617 0.0027349217529531885 0.0027174513833019883 0.0002505819204983608 0.0002489807561479923 5.885899081158553e-6 5.848228783485145e-6 1.4804809607686816e-6 1.4709230836507904e-6 8.702810335526369e-8 8.64675003035593e-8 1.764151958185727e-8 1.7431494361952813e-8 1.1355347029928711e-8 1.114753973395006e-8 
1.3  0.49967862719312184 0.4944592990334363 0.002717719654630833 0.0026893302126253906 0.00022209078434662152 0.00021977094581088617 5.418545072722671e-6 5.361935993699327e-6 1.086827178775693e-6 1.075522157730122e-6 8.457964329672208e-8 8.369443514501105e-8 1.6718777634203125e-8 1.6477625052356026e-8 9.019597909024764e-9 8.855546319667252e-9 
1.4  0.49894720926979186 0.4952748836968475 0.002693870131758752 0.002674047972252686 0.00019983149443272412 0.00019836580221161654 4.988192413230682e-6 4.9516947527800606e-6 8.237408294107029e-7 8.185398428022428e-7 8.225689040837452e-8 8.16533714376796e-8 1.5685310379344437e-8 1.555264158088745e-8 7.226868224783621e-9 7.0897840330707205e-9 
1.5  0.498961278423558 0.495330570841582 0.002676550785105995 0.00265707508272703 0.00018259766007925967 0.00018126281010007474 4.615273961859255e-6 4.5816167664504635e-6 6.421865346266003e-7 6.318105497606058e-7 8.036767825410637e-8 7.977947645065993e-8 1.455209810385458e-8 1.434514573118399e-8 4.464637399789631e-9 
1.6  0.4988536906692278 0.49549694801773164 0.0026606934191244842 0.0026427998448431372 0.00016861910187301218 0.00016748253137623725 4.288265914976647e-6 4.258634796052328e-6 5.19603248711834e-7 5.127401291247892e-7 7.873702121037799e-8 7.820979899883992e-8 1.3465390582037178e-8 1.3357298472224419e-8 3.402226810167211e-9 
1.7  0.4989482825299026 0.495453088606673 0.0026475482745404065 0.0026290208330851006 0.0001570818195000979 0.00015598264847948063 3.999274504886149e-6 3.971339968112748e-6 4.244731353143534e-7 4.2151261579939415e-7 7.732614001757211e-8 7.67894132036484e-8 1.2338499813533376e-8 1.2233543181855972e-8 
1.8  0.49856094104553556 0.4958846110513504 0.0026332964637424713 0.0026191616031217206 0.0001472118145657144 0.00014642165011239844 3.74162207983519e-6 3.7215336873534086e-6 3.604256880307345e-7 3.5849131693211395e-7 7.603583581013651e-8 7.562820905952987e-8 1.1347451744877866e-8 1.1287303081106288e-8 
1.9  0.498501875453786 0.4959826901725481 0.002621957841898228 0.002608707152361614 0.00013883336807911763 0.0001381317269201589 3.5151369139877908e-6 3.4973757486848442e-6 3.115472405482461e-7 3.0997268040602196e-7 7.492856293209863e-8 7.454905751366507e-8 1.0408962023608408e-8 1.0365242875458392e-8 
2.0  0.4986824228341844 0.4958368970043947 0.002612889548896235 0.002597983494598863 0.00013161759901180424 0.00013086687661549172 3.3148457739567046e-6 3.2959633401469165e-6 2.733923799093829e-7 2.718385103105296e-7 7.397451680286042e-8 7.355639844361401e-8 9.557032121627004e-9 9.514348516006102e-9 
2.1  0.4986858434386233 0.49586469985535075 0.002603760091081484 0.0025890300453988665 0.00012523820975047562 0.0001245297189437449 3.134496546835898e-6 3.116786281203497e-6 2.427333493967035e-7 2.4136038913720607e-7 7.309136740017288e-8 7.267749793756527e-8 8.757034718194269e-9 8.738384888939762e-9 
2.2  0.49864328844030537 0.49593544333706385 0.002595167181848686 0.002581076451696669 0.00011957555622148823 0.00011892636489128565 2.9722358009015623e-6 2.9561154197955025e-6 2.1762999546348656e-7 2.164509452036462e-7 7.226793113355684e-8 7.187988572698671e-8 8.049917133675182e-9 8.038077739949396e-9 
2.3  0.4986713395023728 0.4959331009038606 0.0025875676926202253 0.002573366207314384 0.00011453349408854771 0.00011390504641051738 2.8262332538934207e-6 2.8107542519561397e-6 1.9685926756368176e-7 1.957829158592619e-7 7.155395590974408e-8 7.115872464040842e-8 7.4103330753972904e-9 7.400630066623144e-9 
2.4  0.4987192511837607 0.49590869280878075 0.002580661252946128 0.00256611808113446 0.00011000533948892729 0.00010938540736499757 2.694153269930457e-6 2.6789822854691865e-6 1.7937296186704557e-7 1.783630532385501e-7 7.088386371519316e-8 7.048426395305838e-8 6.858596645333538e-9 6.828229851395358e-9 
2.5  0.4986029509727222 0.4960465631976838 0.0025734286577349386 0.0025602373317616606 0.00010587400825541338 0.00010533208042451439 2.5730356084184772e-6 2.5599980686199043e-6 1.6437116311426034e-7 1.6356225040650286e-7 7.025470248021295e-8 6.989584910283427e-8 6.329114236074455e-9 6.304661332120203e-9 
2.6  0.49861533625499865 0.49605418317848693 0.0025672802587007196 0.002554107109662543 0.00010213820682911009 0.00010161283107937553 2.457225082494385e-6 2.441032486065572e-6 1.5084510087531712e-7 1.488095095943288e-7 6.964723029778441e-8 6.930530871220718e-8 5.295525968843453e-9 
2.7  0.4987333532921304 0.4959546121440583 0.0025621216167880383 0.002547840117480766 9.875148580746766e-5 9.820193330523346e-5 2.354657652673207e-6 2.344505824103579e-6 1.389300228043781e-7 1.385684339092091e-7 6.915701234618737e-8 6.874855106247656e-8 4.8429337394476275e-9 
2.8  0.4988359430417739 0.4958691571210883 0.0025572372480777107 0.0025420293206586384 9.564301203854686e-5 9.507392185153527e-5 2.2667841245570966e-6 2.24982369175195e-6 1.2987789922874664e-7 1.283239771909734e-7 6.867711493876598e-8 6.825983411805184e-8 4.587869826105238e-9 
2.9  0.4988665517671049 0.49585452990236456 0.0025523150121430174 0.0025369011074209695 9.276703562111678e-5 9.220573658245504e-5 2.1793543075077782e-6 2.1687552708420397e-6 1.2073217526585892e-7 1.20326913405768e-7 6.82354171507543e-8 6.78006211867126e-8 4.234057960088462e-9 
3.0  0.49885775374500235 0.49587826759578635 0.002547488093962056 0.0025322701235586938 9.010102409143719e-5 8.956191993828964e-5 2.1040899685481094e-6 2.088358710475957e-6 1.1377035376322338e-7 1.1212102547343975e-7 6.779001885993953e-8 6.738439443664512e-8 3.983190097670615e-9 
3.1  0.4988561519335658 0.4958938693876977 0.0025429744263273657 0.002527865862576707 8.763079310464255e-5 8.710888726354715e-5 2.030328123757724e-6 2.0179527731318535e-6 1.0658969677759042e-7 1.0572770145906093e-7 6.73976978524818e-8 6.698037129290441e-8 3.7331003163473495e-9 
3.2  0.4988633718155883 0.4958998498697256 0.0025387366408390383 0.002523652415778707 8.532999691556835e-5 8.48231162072555e-5 1.957958922391701e-6 1.9463452847587715e-6 9.940532844547921e-8 9.881529261172254e-8 6.701245794972573e-8 6.660765968207019e-8 
3.3  0.4988940410753627 0.4958815844022509 0.0025348492723958303 0.0025195465090843885 8.319117863671556e-5 8.268911140640768e-5 1.8950035824789913e-6 1.8835907819581738e-6 9.377534493371497e-8 9.321708121098029e-8 6.663646350975069e-8 6.622760971855893e-8 
3.4  0.49888943238381867 0.4958978949179064 0.00253099211468497 0.002515820564267611 8.118734346423923e-5 8.070070688184068e-5 1.8368428443382208e-6 1.8258438582983591e-6 8.88050109543649e-8 8.828469663127314e-8 6.629644316314857e-8 6.589612451826792e-8 
3.5  0.4989028942465545 0.4958954957095884 0.0025274198227026286 0.002512189558227131 7.931231435106162e-5 7.883440043826437e-5 1.7825149026651914e-6 1.7717826139394136e-6 8.428525152942638e-8 8.380418368483693e-8 6.598069359564094e-8 6.558049214465586e-8 
3.6  0.4989088581723299 0.4959000133735011 0.002523984685348926 0.002508767462587593 7.755015820571913e-5 7.708262437386719e-5 1.7315591775980344e-6 1.7211271079768383e-6 8.01605734060619e-8 7.971367309611319e-8 6.568084405670512e-8 6.52822772681596e-8 
3.7  0.49891934814189937 0.49589947177542787 0.002520733899027063 0.0025054805239095577 7.589246925050439e-5 7.543324989425989e-5 1.6836898412697761e-6 1.6735086780178714e-6 7.63897353914553e-8 7.595772178154195e-8 6.53965304560317e-8 6.499808510529835e-8 
3.8  0.49892307280088777 0.4959052009424731 0.0025176023287439577 0.002502373981556482 7.432846417129702e-5 7.387889017528372e-5 1.6386149952217392e-6 1.6287073545853306e-6 7.291405808027673e-8 7.25042684079952e-8 6.512259395590744e-8 6.472872132748544e-8 
3.9  0.49892712861532457 0.49591015025870067 0.002514607248185802 0.002499401637020827 7.28508732307914e-5 7.241037053758208e-5 1.5961282174380605e-6 1.5864807228797557e-6 6.972479846025484e-8 6.932822928479115e-8 6.486361219551982e-8 6.447141745574297e-8 
4.0  0.4989309749060623 0.49591488973175235 0.0025117404426857107 0.0024965567884411705 7.145277236696197e-5 7.102085329967835e-5 1.5559710817560786e-6 1.5465685891974612e-6 6.674547760571878e-8 6.63764657492132e-8 6.461718013969868e-8 6.422659724647074e-8 
4.1  0.49893446028276434 0.49591960133146 0.0025089922684910083 0.0024938314905918425 7.012770272870559e-5 6.970396785791384e-5 1.5180412936114143e-6 1.5088717868422862e-6 6.43852170768262e-8 6.400929101741488e-8 6.39961972547805e-8 6.36523198967479e-8 
4.2  0.4989331546432207 0.4959287443172894 0.002506332354002085 0.0024912401204030023 6.886880412800159e-5 6.845411958637295e-5 1.4820230694654589e-6 1.4731027980459061e-6 6.415166022189369e-8 6.376539083685905e-8 6.147360548173138e-8 6.112484586278789e-8 
4.3  0.49893805689146775 0.49593134284131696 0.0025038088252082066 0.0024887203687437823 6.767321208196838e-5 6.726541746873581e-5 1.4479051392166611e-6 1.4391836817911812e-6 6.393529674315906e-8 6.355002837259557e-8 5.910353408134592e-8 5.876603184137683e-8 
4.4  0.4989378727634285 0.4959386784378525 0.0025013752598436263 0.0024863391854690613 6.653556276994908e-5 6.613564313711286e-5 1.415555324111212e-6 1.4070553044530842e-6 6.372575968078658e-8 6.334275906203411e-8 5.690141086593862e-8 5.656694122967096e-8 
4.5  0.49894526775508696 0.4959381927364381 0.0024990464810378094 0.002483988049401053 6.545099781959819e-5 6.505661905733699e-5 1.3847996090161328e-6 1.3764590164425096e-6 6.358517926859082e-8 6.315568295849367e-8 5.4842253303496524e-8 5.4519418782322027e-8 
4.6  0.49894682598491485 0.4959432534439741 0.0024967846129208327 0.0024817581842302015 6.441542842623032e-5 6.402780074674054e-5 1.3554216488292289e-6 1.3472691330420613e-6 6.339979559425733e-8 6.296394370363608e-8 5.289737940352613e-8 5.2592886968880076e-8 
4.7  0.4989518555938585 0.49594458810677006 0.002494622539671051 0.002479587760151644 6.34266707844656e-5 6.304439804670622e-5 1.3275209021293544e-6 1.3195204183636854e-6 6.322032842634046e-8 6.279201024795735e-8 5.10736208981253e-8 5.0803437098147374e-8 
4.8  0.4989531615827416 0.4959494033072901 0.002492517915469237 0.0024775150023262408 6.248028310193436e-5 6.210424138692667e-5 1.3007199297026006e-6 1.2928968762429511e-6 6.29834158380599e-8 6.26065157693395e-8 4.9369132753311014e-8 4.909181280681646e-8 
4.9  0.49895691520113616 0.49595154887089987 0.0024904974255604575 0.002475497343410986 6.157447161700656e-5 6.120353346335708e-5 1.2751743577053698e-6 1.2674842393774652e-6 6.281149570898519e-8 6.24344928284757e-8 4.775932836045448e-8 4.7489999351595436e-8 
5.0  0.49895894439140476 0.49595520591636216 0.0024885350016900076 0.0024735568800510707 6.07060012545231e-5 6.034063671681204e-5 1.2507492705248853e-6 1.2432233857330901e-6 6.269998500333608e-8 6.227444965615291e-8 4.6238243010920255e-8 4.59871883910872e-8 
