#mmax= 10
#m-states: all states (FBR)
#Nr. of sites: 40
 
0.0  1.0 
0.1  0.9968287906241082 0.0025556279735619554 0.0006153247292606717 1.5713275284324968e-7 9.954031675397176e-8 
0.2  0.9866740338278697 0.010980272197614903 0.0023398893080824844 2.7770331107591417e-6 1.7039908080104516e-6 1.310956062795524e-6 1.2686453102772922e-8 
0.3  0.9667259966580488 0.02845521950177014 0.004766763981374314 2.374946608586595e-5 1.754703069765039e-5 1.0195758380845801e-5 2.316948356698549e-7 1.853242453763283e-7 1.1058456185734266e-7 
0.4  0.9254215751458471 0.06706973000582969 0.007010968133278144 0.00033477263429329665 9.90681548721727e-5 5.3427336199876385e-5 5.264353916476005e-6 3.105811020046066e-6 1.46254819822754e-6 4.5222993369502033e-7 6.801422127128955e-8 4.1793060778801176e-8 3.8771494915402187e-8 2.5067836386638648e-8 
0.41  0.9185104680422842 0.07367744376438652 0.007159988096953597 0.0004496107666464457 0.00012271554396849703 6.531035498441241e-5 7.250047390691205e-6 4.025433657612622e-6 2.421569894728594e-6 5.018931656222668e-7 1.0156740599831116e-7 7.017807419759521e-8 5.544661107276176e-8 3.342698041858867e-8 3.867598169884153e-9 
0.42  0.9105252726488068 0.08131976321102295 0.0072811971328599215 0.0006163063873246844 0.00015553467504616483 8.125309707880485e-5 1.0120453385626329e-5 5.2374542431634574e-6 4.297445000547526e-6 5.728827672566715e-7 1.5340518350404865e-7 1.3516703803951182e-7 7.52755004336886e-8 5.372314333569883e-8 2.1426565592931534e-8 5.615033725609677e-9 
0.43  0.9011535500454279 0.0902874308179663 0.007368849217886123 0.0008551536865512223 0.00020262371625231533 0.00010320382203607337 1.4079118071920966e-5 7.03172858330191e-6 6.742150304477567e-6 6.500924662936525e-7 2.3680608536667715e-7 2.2838705596851214e-7 1.0186056673770365e-7 8.578870774274695e-8 2.5629269814477547e-8 7.132768191474965e-9 
0.44  0.8898174671986592 0.10109931158875944 0.00741318986580581 0.0012172400103642623 0.00027485685334507546 0.0001348372984151187 1.9898764641656705e-5 1.2537332598531053e-5 8.67336919193122e-6 7.573699051023754e-7 4.844793785993647e-7 3.6689365317267597e-7 1.5010553376941956e-7 1.388396131017365e-7 2.9950871013127015e-8 2.4931494053438712e-8 2.428283855219767e-8 1.0864933466215211e-8 
0.45  0.8756560418292912 0.11453805202543853 0.007400983908310242 0.0017677131384592473 0.0003916215383094367 0.00018239501200842392 2.7995147187748608e-5 2.108719916325236e-5 1.1107378289200848e-5 9.099461632657748e-7 8.873109115633059e-7 5.914565821577923e-7 2.5398709053197903e-7 1.916811033235748e-7 5.4468686962442684e-8 5.129730707632331e-8 3.37802556096258e-8 1.6080618218383008e-8 1.2814823673527995e-8 
0.46  0.8572477177407669 0.13189527983733748 0.007312318204278339 0.002605634043869018 0.0005906348840121669 0.0002571585890872547 3.8783573881882185e-5 3.3844552105733666e-5 1.4027512717047026e-5 1.516705950109737e-6 1.1742290449754866e-6 9.637779508692833e-7 4.104362334512109e-7 2.4693795940821596e-7 1.119525942527726e-7 9.476000040577114e-8 3.742957872551965e-8 2.35820208592253e-8 2.125060828155065e-8 
0.47  0.832478629553724 0.15515231403783156 0.007119664154057123 0.0038082347330527593 0.0009358688902636385 0.00037813647313343586 5.2034351867865455e-5 5.0664186927278704e-5 1.7254293377087324e-5 2.4816318516252803e-6 1.6719210009957279e-6 1.6018488024421394e-6 6.136085249587722e-7 2.974906877249664e-7 2.4180899913497395e-7 1.6110869220018558e-7 4.6846372182295533e-8 4.1367403760886985e-8 3.5074383801047264e-8 6.619047493184649e-9 
0.48  0.7983719231539871 0.18721806324901782 0.006787032453323466 0.0053515174228652975 0.0015233243942055885 0.000575515085992882 7.262469320270768e-5 6.764334155821421e-5 2.0337073191790663e-5 4.289246409101337e-6 2.7996175646170254e-6 2.589511948769343e-6 8.582770487246041e-7 5.123676918655157e-7 3.4844603356512554e-7 3.327714534397598e-7 9.322007724532013e-8 8.97031334271113e-8 4.6365625336746315e-8 2.9024156888806285e-8 1.0712201502669876e-8 1.0687854948567668e-8 9.18145777662489e-9 
0.49  0.7537889117794083 0.22972631462588947 0.006741375034444412 0.006302620478631328 0.002362170378383185 0.0008720435025414906 8.66322265382446e-5 8.034155875174596e-5 2.217402776625594e-5 6.026743602975555e-6 4.331403104633758e-6 4.065229743232281e-6 9.844251672499427e-7 7.624896708308141e-7 4.745506923229573e-7 3.341403470967353e-7 1.6156572804841598e-7 1.2322953248365353e-7 5.4545588052510304e-8 4.797663138598142e-8 1.4942363604524952e-8 1.4040488975942015e-8 1.1238464301638868e-8 9.866521129036881e-9 
0.5  0.7012707622988928 0.2808349553641319 0.007413216438295686 0.005701274037905114 0.0032950860186072334 0.0012615862795057337 9.087213031479583e-5 8.747261530192125e-5 2.2182431361854834e-5 7.363097965245534e-6 6.015082679201585e-6 5.939457582147121e-6 9.657796593752089e-7 8.802407326173544e-7 5.566516400610801e-7 3.102589919596726e-7 2.3997129013231445e-7 1.3461779501905892e-7 6.666453577853913e-8 6.147886806430644e-8 1.7332974108466402e-8 1.51702734318945e-8 1.3610015731366043e-8 9.772517668876368e-9 3.1981627973008754e-9 
0.51  0.6486178468704373 0.3332166666239224 0.0071793114742326105 0.005080773254000962 0.003999642602284136 0.0016857563690898577 8.730078001874908e-5 8.609237412998767e-5 2.0689479762987867e-5 7.994561791202288e-6 7.803049597239457e-6 6.978942080436206e-6 8.309480923616177e-7 8.275027384790956e-7 5.755569165806461e-7 3.028829933605578e-7 2.7159578969249824e-7 1.2298058636851258e-7 8.280651844920531e-8 6.673042769135964e-8 1.7006762068877938e-8 1.568312060901748e-8 1.4959478547659762e-8 1.0135417879143794e-8 4.829810834803735e-9 
0.52  0.6034834764002375 0.37902408637759666 0.006396102547702156 0.004536173943797989 0.004284837776043791 0.0020723947736585326 8.103334846277282e-5 7.657409122586817e-5 1.861003803940661e-5 9.547036415009888e-6 7.3527415582825635e-6 7.0894403108507855e-6 6.775147561691328e-7 6.533223986947269e-7 5.248784231920643e-7 3.2069885572214433e-7 2.3455555927704504e-7 9.673163710636773e-8 9.661099905728996e-8 6.226911727596401e-8 1.5028133968511226e-8 1.4938166545150548e-8 1.4797304534150186e-8 1.0139601196869188e-8 
0.53  0.569124070957475 0.4145155553479654 0.005483821930856976 0.004206333892732707 0.004110299716044517 0.0023797851453535705 7.16378945782595e-5 6.621250132345692e-5 1.6633251350653847e-5 1.053404779194941e-5 6.483262974903324e-6 6.417221496083106e-6 5.158577759416831e-7 4.914666644717424e-7 4.3555064339925333e-7 3.046337005177482e-7 1.921493729423899e-7 1.0624410720549373e-7 7.053348480271038e-8 5.2046452550567856e-8 1.3504974675926355e-8 1.2576636039682027e-8 1.0692591263186236e-8 9.573654771020327e-9 
0.54  0.5448458260499722 0.44000903437841826 0.004661734772401445 0.003924199243049723 0.0037989737593206313 0.002602757922307586 6.180572858567779e-5 5.689451139180366e-5 1.505150780013341e-5 1.1043470772264812e-5 5.545186700518941e-6 5.361671641098274e-6 3.8217478978446347e-7 3.677358928005501e-7 3.422581265941774e-7 2.720048246176818e-7 1.6336296228345097e-7 1.1055288534495471e-7 5.0563811898627006e-8 4.056635869709212e-8 1.2633813712343675e-8 1.0885589383926938e-8 1.0374473747477407e-8 8.684112785504778e-9 
0.55  0.5283792576466633 0.4575942794269851 0.003986844608183477 0.0035782474265959527 0.0035688619377048005 0.0027552228747010563 5.288956622031157e-5 4.9047586037459e-5 1.3856479989879624e-5 1.1239174877978992e-5 4.536621220471305e-6 4.314146411364656e-6 2.8084628280714436e-7 2.806065665566929e-7 2.573764461320099e-7 2.3762319530560541e-7 1.3783917981346935e-7 1.0937894094108593e-7 3.443938943573285e-8 2.5951597540354773e-8 1.1952475870131949e-8 1.0926880191635297e-8 8.215835367789308e-9 7.347621705642491e-9 
0.56  0.5173018461331244 0.46963887048108155 0.0034478603559442273 0.003421187553134861 0.003212874651875418 0.002856851172216052 4.546740516721768e-5 4.269479605941424e-5 1.2963434468373819e-5 1.1255724658607063e-5 3.599329805552061e-6 3.4082410408507565e-6 2.242308531194913e-7 2.1014253229977634e-7 2.064302274984279e-7 1.9246360049534362e-7 1.1431879249161203e-7 1.0254489104652859e-7 2.0567991851814504e-8 1.5604710193225867e-8 1.1448704538483993e-8 1.0865476356779381e-8 6.491916787745414e-9 5.61172819237481e-9 
0.57  0.5100289632620525 0.47772840631008706 0.0033102313711227626 0.0030183987944014173 0.00292097495395492 0.002886000462013114 3.958292236279546e-5 3.7569594106569515e-5 1.2294900371859644e-5 1.1172251064388017e-5 2.792107014467342e-6 2.7060771662784115e-6 1.90921877021233e-7 1.9053121423712863e-7 1.5175401181793838e-7 1.4710237969036712e-7 9.387841938117348e-8 8.997664945519013e-8 1.1100716378296801e-8 1.0934692318528422e-8 1.0518978910886284e-8 1.0275344626545187e-8 
0.58  0.5052024264852977 0.48323999450313404 0.003229813988949217 0.0029605285997473954 0.0026726145399961414 0.0025978091437336673 3.5039599772372834e-5 3.368399585037861e-5 1.1785584882373404e-5 1.104270065849531e-5 2.267141933293719e-6 2.2065337422205934e-6 1.7754894880919204e-7 1.7319061952469795e-7 1.2160231667573042e-7 1.1880843418061745e-7 7.763737245420471e-8 7.706431487961708e-8 1.0643045097899741e-8 1.0510193147369834e-8 1.0284372552635057e-8 9.892687052860296e-9 
0.59  0.5019482360526399 0.4870769916783127 0.0031694921825588715 0.002984153053031885 0.002387550469325733 0.0023454775494496137 3.122617926065182e-5 3.0330771917472348e-5 1.1379330561230221e-5 1.0888205435485377e-5 1.811640040559489e-6 1.771623091753207e-6 1.6724800872804037e-7 1.6248898664144367e-7 9.806819430987004e-8 9.636422913081448e-8 6.426938380773577e-8 6.3835402026841e-8 1.0054614668251603e-8 9.890373344947813e-9 9.753514305355882e-9 9.291668497799767e-9 
0.6  0.49984970149894503 0.4896702400307791 0.003124658161391794 0.002995774611793065 0.002151230869808529 0.0021274809219264785 2.81255076803454e-5 2.752767492808968e-5 1.1054458811775371e-5 1.0726307615473166e-5 1.444229633237742e-6 1.4180897424014414e-6 1.595969738672918e-7 1.5540120484978258e-7 8.025557807160965e-8 7.945237951367688e-8 5.359339044587876e-8 5.302818504886431e-8 9.52516536751326e-9 9.41614943080917e-9 8.89104021572243e-9 8.476878583301738e-9 
0.7  0.5009393429687461 0.4911150771499685 0.00297451676196238 0.0029160259484741816 0.001014350408369043 0.0009943754467088423 1.353737456256922e-5 1.3238779863757611e-5 9.484137140667521e-6 9.29648811335229e-6 2.1460774258842296e-7 1.9292493204698815e-7 1.2747026170053583e-7 1.2359178503442048e-7 2.6815791877971047e-8 2.3115869745842435e-8 2.0789923920297216e-8 2.033654364421507e-8 4.883241081894269e-9 
0.8  0.4991643403947669 0.4938107716342419 0.0028903836554764963 0.0028593858428419866 0.0006244717716914481 0.0006177683662778414 8.512953148135826e-6 8.421638578299957e-6 7.81403668541545e-6 7.72886750301106e-6 1.1273717850162613e-7 1.1156851280413385e-7 5.275349366377496e-8 5.205627159592843e-8 1.938428523555895e-8 1.9179314001959498e-8 1.6604644870438566e-8 1.6555090958507414e-8 
0.9  0.501452083468269 0.49198331559141356 0.0028510702860168797 0.0027973261827741896 0.00044964914593377856 0.00044124508477213993 7.766601347325385e-6 7.626255550733782e-6 4.849932688022137e-6 4.763106009242532e-6 1.0318038902065638e-7 1.0079937107296964e-7 2.5695267432585677e-8 2.3802700092739876e-8 1.919437944857053e-8 1.8940901098908215e-8 1.2732221147878573e-8 
1.0  0.4995665786523931 0.49414486272709573 0.002799910646881279 0.0027695971936047737 0.0003511474917677232 0.000347385009846515 7.050792163030397e-6 6.977923252387566e-6 3.123321289424503e-6 3.091272539945398e-6 9.725757293427052e-8 9.459875536223705e-8 1.889568961288306e-8 1.8746098915108597e-8 1.804501986627566e-8 1.771572764388127e-8 9.710303108876395e-9 
1.1  0.49926255847740314 0.4946348326552547 0.002765641079241435 0.002740012861891819 0.0002911996158155886 0.0002885039703752705 6.436088684306408e-6 6.37660379166742e-6 2.1066342794530303e-6 2.0874506587088195e-6 9.03896226505165e-8 8.956470120252703e-8 1.8404635769971754e-8 1.8147361784856407e-8 1.4142938589484916e-8 1.391334494095623e-8 
1.2  0.5007617766654321 0.49327132924272205 0.0027467442611209263 0.002705664082145674 0.00025166597631822064 0.00024790222397052175 5.911446155299669e-6 5.823058079972409e-6 1.486992943117187e-6 1.4647553387915e-6 8.741400958230931e-8 8.610867866758361e-8 1.7719827369723393e-8 1.7449897375168033e-8 1.1406735292062225e-8 1.1196623828143396e-8 
1.3  0.4993262034558921 0.4948117990928862 0.002715761566485048 0.002691220642825525 0.0002219294115824044 0.00021992418694199962 5.414446687988105e-6 5.3655777977040756e-6 1.0859301140907958e-6 1.0761191020459166e-6 8.448615215402028e-8 8.373879360187445e-8 1.673332905028587e-8 1.6586526779904312e-8 9.08088840713479e-9 8.943994085166116e-9 
1.4  0.5004253056785172 0.4937967613440179 0.0027018584140847584 0.002666069277799269 0.0002004328737369685 0.00019777784052282357 5.003409832006609e-6 4.937180707818306e-6 8.277787368502519e-7 8.168241022232392e-7 8.251619785993042e-8 8.142139017435826e-8 1.5693514159327402e-8 1.5479319673990424e-8 7.234618586404977e-9 7.032902832650316e-9 
1.5  0.5017078218340119 0.4925840259050533 0.0026912856029024258 0.002642341425929721 0.00018359903689048023 0.00018026173156754306 4.640419910823619e-6 4.5564846711440755e-6 6.43690787570252e-7 6.303009213430546e-7 8.079652136760444e-8 7.932895894529792e-8 1.4642700020612937e-8 1.4356125369803469e-8 4.443048584514784e-9 
1.6  0.502237305127309 0.4921133459013625 0.0026787245608287176 0.0026247560172254483 0.00016976301960064014 0.00016633874583074358 4.317891283045604e-6 4.2289333845752025e-6 5.221289224243612e-7 5.10492208554851e-7 7.928308133418098e-8 7.768292717724349e-8 1.354100659764061e-8 1.3234837398328228e-8 3.440191501998148e-9 
1.7  0.5021757639241737 0.49222558590764814 0.0026646004881159422 0.0026119874960614624 0.00015809102734863688 0.00015497563690561054 4.024578659280829e-6 3.945953980683652e-6 4.271043377336993e-7 4.192180460863529e-7 7.77575505790883e-8 7.629825162492693e-8 1.2423906708403144e-8 1.2185017198729252e-8 
1.8  0.5033719278190605 0.4910736224236522 0.002658708897180099 0.0025937509981826387 0.00014863249842586568 0.0001450010493826792 3.777723441114777e-6 3.685425372343843e-6 3.6391562616638004e-7 3.550220857916362e-7 7.677053060080724e-8 7.489442734682196e-8 1.1408961838279048e-8 1.1153673303184464e-8 
1.9  0.5029781167550904 0.4915064463806913 0.0026455027367531785 0.002585164493220798 0.0001400800543947457 0.00013688508983863287 3.5466750576439287e-6 3.465767449135441e-6 3.144986232711037e-7 3.0732304056039143e-7 7.561382403253603e-8 7.388762630864343e-8 1.0503465896921556e-8 1.0220926255192196e-8 
2.0  0.5024935812874273 0.4920256623651829 0.0026328973000458765 0.002578047809070989 0.00013262575821540586 0.00012986262614995747 3.340316586718206e-6 3.270717717749857e-6 2.754848381639983e-7 2.697400704440555e-7 7.454452478303489e-8 7.298674736595015e-8 9.627387781474887e-9 9.43603747741571e-9 
2.1  0.5016398281542821 0.4929106742118146 0.002619203288652257 0.002573625952594424 0.00012598097633505448 0.00012378872655328414 3.1531284473358e-6 3.0982589437366005e-6 2.441414860674823e-7 2.3989174179473367e-7 7.352428103347794e-8 7.22440296966906e-8 8.813462314656033e-9 8.6873784814585e-9 
2.2  0.5018864772772246 0.4926922576803314 0.002612044346713013 0.002564195323279242 0.00012035363941952603 0.00011814890900619811 2.991621073407695e-6 2.9368375194220026e-6 2.1904742448511355e-7 2.1503671518877037e-7 7.275352448661807e-8 7.142063323664942e-8 8.123416652894823e-9 7.983720635688376e-9 
2.3  0.5011962702098416 0.4934081608381601 0.0026006769697603936 0.0025602657311506725 0.00011511390536226729 0.00011332504590717527 2.840562433522108e-6 2.7963962135284687e-6 1.9792286201306347e-7 1.948411170974336e-7 7.192081258940922e-8 7.08023797305654e-8 7.479781883334441e-9 7.374220213235574e-9 
2.4  0.5010355805190388 0.49359234484415865 0.00259265231975611 0.0025541449915178547 0.00011051636178022054 0.00010887500519913263 2.706657761101338e-6 2.6664832888917433e-6 1.8022131425056705e-7 1.775473102803078e-7 7.121994569550516e-8 7.015891935389799e-8 6.871678778839855e-9 6.798332682273982e-9 
2.5  0.5008557226134951 0.4937937987159097 0.0025850492476715567 0.0025486101481560267 0.0001063518851915455 0.0001048536106967737 2.5846330384182543e-6 2.548347794662221e-6 1.6514587199506363e-7 1.6284772316340097e-7 7.057290929751219e-8 6.957706734545031e-8 6.367841039091891e-9 6.286636651538359e-9 
2.6  0.5006014138620716 0.49406811146027424 0.002577506000118318 0.002543875527993199 0.00010254636994230222 0.00010120437933369088 2.4676547832094192e-6 2.4307466731551973e-6 1.5151598726176912e-7 1.4818476743944496e-7 6.992933845062465e-8 6.902676573767249e-8 5.341953107399092e-9 
2.7  0.5002976999241189 0.4943902499623107 0.0025701593232668584 0.002539817264663221 9.90623719242322e-5 9.78915772625691e-5 2.365330011384386e-6 2.333960452012151e-6 1.4012127246516103e-7 1.3734350895385739e-7 6.936077093171323e-8 6.854726586258503e-8 4.913173568957431e-9 
2.8  0.5001966374302089 0.49450846483061417 0.0025642115439818824 0.0025350532266506113 9.590305928747096e-5 9.481370345458679e-5 2.2726318668093343e-6 2.2439292748269506e-6 1.3027885389197474e-7 1.2783545655617604e-7 6.885730815398392e-8 6.80816552543334e-8 4.591388969745661e-9 
2.9  0.5001448667315316 0.4945762109378253 0.002558855773118843 0.002530364202274467 9.300354571296804e-5 9.196909478433817e-5 2.184754332166354e-6 2.163541925593377e-6 1.206180651135029e-7 1.2047719600626299e-7 6.841450462737352e-8 6.763423026580062e-8 4.274500593977741e-9 
3.0  0.5000572489541769 0.4946787679122935 0.002553618186233902 0.0025261445420734258 9.031745594547279e-5 8.934563179938585e-5 2.105974185666189e-6 2.0863782768509916e-6 1.1297632737390771e-7 1.1285370758415549e-7 6.796316273317535e-8 6.721960201802723e-8 3.952216730149621e-9 
3.1  0.5000242154857588 0.4947257999752518 0.0025489305340083788 0.0025219156360731234 8.78356531639672e-5 8.690414412820178e-5 2.033588980031584e-6 2.0145899186328202e-6 1.0621757380126873e-7 1.060973325703298e-7 6.75526176723819e-8 6.682384214066499e-8 3.7013526023421146e-9 
3.2  0.5000477660037104 0.49471542126113904 0.0025447799856378344 0.0025176416976276325 8.553317890998167e-5 8.46218214112069e-5 1.962273035497557e-6 1.9419561332701834e-6 9.952756151355106e-8 9.859926414864395e-8 6.720214305516118e-8 6.649342732013139e-8 
3.3  0.5000093557045052 0.4947662597628286 0.002540538694790124 0.0025138639341121924 8.337912251221359e-5 8.250403239004565e-5 1.8994201890076642e-6 1.8794745747199563e-6 9.396511864033314e-8 9.302509375397952e-8 6.678048478087973e-8 6.608340059405058e-8 
3.4  0.4999106290690852 0.4948766960477002 0.002536175582449629 0.0025106394433372864 8.135340562281185e-5 8.053431803435333e-5 1.8406686650702942e-6 1.8221419212959089e-6 8.899910620137168e-8 8.81301886381485e-8 6.643446736855118e-8 6.575942308334205e-8 
3.5  0.4998857469967089 0.49491262214971754 0.0025323870613309005 0.002507239043884817 7.946961536433016e-5 7.868032325642659e-5 1.786355714268262e-6 1.7686524816792126e-6 8.450654922924361e-8 8.369928074494744e-8 6.613434299276593e-8 6.546136680047487e-8 
3.6  0.49988423547551464 0.4949245933391368 0.0025289349090970633 0.002503857431257211 7.770265343079998e-5 7.693237803720633e-5 1.7350347120189357e-6 1.717853692507147e-6 8.034634685247584e-8 7.957580215482392e-8 6.585628784131947e-8 6.514668271348528e-8 
3.7  0.4998775002931551 0.4949413183319829 0.0025255766204305575 0.0025006391242590005 7.603819793455367e-5 7.528743546891735e-5 1.6869414444197987e-6 1.670290799305516e-6 7.655127110883404e-8 7.581757542838146e-8 6.552394935893884e-8 6.487172980863799e-8 
3.8  0.49987287205161934 0.49495535693851 0.0025224162669840104 0.0024976024226656033 7.447103584988088e-5 7.373850458810072e-5 1.6418131356853996e-6 1.6256748644132316e-6 7.307521800775916e-8 7.238125924266923e-8 6.523854616348292e-8 6.459675978957319e-8 
3.9  0.4998740851249006 0.49496315106412403 0.0025194001477216637 0.002494649117193791 7.29902201260061e-5 7.22732088102699e-5 1.5992126716514287e-6 1.5835135134728112e-6 6.98698581700585e-8 6.92023535521618e-8 6.497854199783419e-8 6.434018118360783e-8 
4.0  0.49987025368397536 0.4949755696910988 0.0025164884637311423 0.0024918475806390396 7.158839159832193e-5 7.088746195142163e-5 1.5589884343147915e-6 1.5437352967451201e-6 6.690997949553911e-8 6.626449063173781e-8 6.473129457763947e-8 6.409750927065539e-8 
4.1  0.49987160518211854 0.49498242439059476 0.002513720411726636 0.0024891341664867173 7.02600688147008e-5 6.957288759879673e-5 1.520864632801771e-6 1.5059974827365877e-6 6.449270407496063e-8 6.414921326129074e-8 6.386190260521347e-8 6.352672270072407e-8 
4.2  0.49986393096871934 0.4949979324964855 0.0025110246353077102 0.002486581438359717 6.899817090242067e-5 6.832657723625479e-5 1.4848227702809574e-6 1.4703808827131361e-6 6.426541679644075e-8 6.363981055833206e-8 6.159381578445884e-8 6.101029483652962e-8 
4.3  0.49986471645336644 0.4950046492628114 0.0025084751051726636 0.0024840861689669883 6.779980742938925e-5 6.714065892943232e-5 1.4506407994035987e-6 1.4365465653058642e-6 6.404883298783381e-8 6.342611436519642e-8 5.92234333889301e-8 5.865757980125837e-8 
4.4  0.49986032801880415 0.49501624194604277 0.0025059864079161475 0.0024817102269252458 6.665803617709265e-5 6.601228920079573e-5 1.418131170898979e-6 1.4044029781173918e-6 6.385425604450188e-8 6.32235255573685e-8 5.700309906400745e-8 5.645990669684053e-8 
4.5  0.4998656596753098 0.49501780544011753 0.0025036515941423204 0.002479379405237834 6.557128807376428e-5 6.493558781471562e-5 1.3872225587640584e-6 1.3737823899260955e-6 6.365168523744948e-8 6.30221429013773e-8 5.4926533418729314e-8 5.4403995394879246e-8 
4.6  0.49986235239143556 0.49502773450382653 0.002501360694954651 0.0024771756254769657 6.45332608390088e-5 6.390929333841787e-5 1.3577939387410649e-6 1.344674459675808e-6 6.346032874719227e-8 6.283482477523018e-8 5.298579683728257e-8 5.248078218499942e-8 
4.7  0.49986898318077677 0.49502746778418855 0.0024992009692918317 0.0024750024270073345 6.354308393361193e-5 6.292780102485764e-5 1.3298951063337903e-6 1.3170238418192003e-6 6.329029907186086e-8 6.266615461847466e-8 5.118173931715213e-8 5.069663647169419e-8 
4.8  0.4998676124998417 0.4950349632980348 0.0024970789988754583 0.002472943735397772 6.259449496782976e-5 6.198945668609566e-5 1.3030337952706793e-6 1.2904452295268664e-6 6.310405135661533e-8 6.248341585687875e-8 4.94585890826704e-8 4.89911149449321e-8 
4.9  0.49986859308671067 0.4950398788909684 0.002495042033736815 0.0024709453548785974 6.168673336321154e-5 6.109087376100153e-5 1.277440927828018e-6 1.2650971487404633e-6 6.293282482967058e-8 6.231260274593015e-8 4.785032967635302e-8 4.739274908139166e-8 
5.0  0.4998695549675425 0.49504460089751523 0.0024930735646957773 0.0024690131481432103 6.081672150303723e-5 6.022968839708223e-5 1.252982914980581e-6 1.2408850830584307e-6 6.276825526520318e-8 6.215128877650334e-8 4.6332554789497624e-8 4.589210826730021e-8 
