#mmax= 5
#m-states: all states (FBR)
#Nr. of sites: 4

0.0  1.0 
0.1  0.9968300599051203 0.0025542505940705494 0.0006154182183840127 1.570705604475692e-7 9.953263411287937e-8 1.4679230561645654e-8 
0.2  0.9867871148514482 0.01086153362468954 0.002346181332569747 2.7233130181249978e-6 1.683116790969575e-6 7.507492884583286e-7 1.3012195103096119e-8 
0.3  0.9683664789531501 0.026756247636337705 0.00484623880455014 1.5424126252532266e-5 9.293299456515822e-6 6.098237792780208e-6 1.118264505371017e-7 5.6858537044592236e-8 5.0257472254189455e-8 
0.4  0.9396366136227389 0.052687476088328744 0.007567124235793244 5.4019156585286125e-5 3.2504130380916715e-5 2.1123663756307212e-5 4.628376119906707e-7 3.5538724912605564e-7 2.58860876867044e-7 2.4263472124220735e-8 2.1221891672871414e-8 1.6531314642203872e-8 
0.41  0.9361417609935268 0.05591074767004263 0.00782669882839828 6.009258079200948e-5 3.622908843641035e-5 2.318029002275613e-5 5.154158496010336e-7 4.099468484223743e-7 2.9245038070470256e-7 2.8650767529901345e-8 2.4619004082806184e-8 1.9465931254959526e-8 
0.42  0.9325317034155459 0.05925315423813275 0.008081438676678447 6.664879607977892e-5 4.0277945166696666e-5 2.5320666423281957e-5 5.718787997095023e-7 4.7028624660461386e-7 3.287541772377622e-7 3.3950232790767795e-8 2.84178500647202e-8 2.2974666798870427e-8 
0.43  0.9288076696156501 0.06271402436758897 0.008330767001051046 7.370312746706271e-5 4.466835423692679e-5 2.753275167430767e-5 6.317923587943131e-7 5.362847151819103e-7 3.672802558398537e-7 3.989972631400613e-8 3.261200777642298e-8 2.6913267165934065e-8 
0.44  0.9249702780045651 0.06629329132367011 0.008574106779477147 8.127006021492021e-5 4.941825684453104e-5 2.980866648201995e-5 6.952453022309155e-7 6.081948863668296e-7 4.08092962752544e-7 4.672995628783306e-8 3.722811951386262e-8 3.1417518071814467e-8 
0.45  0.9210203837064729 0.06999064633650609 0.008810888051016388 8.936235113532691e-5 5.4545690774291155e-5 3.214046919096404e-5 7.623666899573757e-7 6.862261416190735e-7 4.512501856304765e-7 5.4642429878322e-8 4.229428974496736e-8 3.6615168520696446e-8 
0.46  0.9169605674871101 0.07380396769850393 0.009040643831464034 9.798808702236533e-5 6.006757775162038e-5 3.4513006296386785e-5 8.326177793318793e-7 7.700749034802747e-7 4.96108266776921e-7 6.337815583264058e-8 4.77904242630589e-8 4.2342323711551314e-8 
0.47  0.9127919929958492 0.07773259451353971 0.009262850685907905 0.00010715561806119971 6.600161727892838e-5 3.691943404142143e-5 9.063148516081598e-7 8.600141952957032e-7 5.429013500484219e-7 7.331441737676521e-8 5.3755855414917665e-8 4.8834653152380955e-8 
0.48  0.9085161215840903 0.08177547532496911 0.009477053992542816 0.00011687773334292875 7.236588593193934e-5 3.935282723239127e-5 9.958902046884304e-7 9.555615816406827e-7 5.90697215725349e-7 8.40675096301827e-8 6.035540549938048e-8 5.591872668702336e-8 1.0161246655441119e-8 
0.49  0.9041404279273962 0.08592540989064273 0.00968306129669037 0.0001271331801057792 7.91708598705823e-5 4.1782087525938246e-5 1.0786395056007511e-6 1.0570227881318062e-6 6.401505396221789e-7 9.633397768855058e-8 6.734555156038994e-8 6.391301205575223e-8 1.1352394729728343e-8 
0.5  0.8996621889160842 0.09018584841312523 0.00988007944218406 0.00013793733311464487 8.643794099136997e-5 4.4219309739334636e-5 1.1642924111645066e-6 1.1631020438334154e-6 6.910154735354841e-7 1.1007083930446156e-7 7.475485777071915e-8 7.281985253595599e-8 1.2589283471682394e-8 
0.51  0.895087211136827 0.09455114775571365 0.010067962709960701 0.0001492799162264509 9.417920481240199e-5 4.664447807229978e-5 1.276997016130425e-6 1.2504898224220457e-6 7.428168435096802e-7 1.252946705663792e-7 8.26569380753132e-8 8.2641665579895e-8 1.390143184091899e-8 
0.52  0.8904193101585754 0.09901780456285722 0.010246405814660402 0.00016115185016371628 0.00010240802943577292 4.904689207743111e-5 1.3948731616403606e-6 1.3406422613648184e-6 7.953147529974879e-7 1.4209758624189439e-7 9.347586278211733e-8 9.100155363449044e-8 1.5287050746135983e-8 
0.53  0.8856625968220825 0.10358198664452979 0.01041514098669291 0.0001735405854983535 0.00011113671501505826 5.141629870245533e-5 1.5176200776914334e-6 1.4335659965125121e-6 8.482666189125918e-7 1.6057646347554214e-7 1.053331144458997e-7 9.983870206126707e-8 1.6746506960544186e-8 
0.54  0.8808217709128763 0.10823921485948405 0.01057396480394948 0.0001864295344910119 0.00012037597692413755 5.374238930030322e-5 1.644864696879212e-6 1.528786502025178e-6 9.014034368549578e-7 1.8081078185102704e-7 1.1826359730284983e-7 1.0912244861393374e-7 1.8271510154266387e-8 
0.55  0.8759016080685167 0.11298491437261769 0.01072269626229102 0.00019979901242959464 0.00013013545235631593 5.601593210550451e-5 1.7762222784032588e-6 1.6262848618048808e-6 9.544788918235154e-7 2.0288859112480502e-7 1.3231477021869643e-7 1.1884951908032111e-7 1.986077080550756e-8 
0.56  0.8709070865350426 0.11781426928854696 0.010861195620014337 0.00021362632067570717 0.00014042353839918483 5.8229276668025994e-5 1.911285731390462e-6 1.725914217979448e-6 1.00727908732101e-6 2.2689547855231615e-7 1.475287952985494e-7 1.2900650248886653e-7 2.1510840676457e-8 
0.57  0.865844000615052 0.12272158426058809 0.010989397226360859 0.0002278836014902637 0.0001512460565885675 6.0372144734667154e-5 2.0495504164006122e-6 1.8274693030371195e-6 1.0594822269127249e-6 2.5288456130098363e-7 1.6392364372911697e-7 1.3957023631528068e-7 2.321479892560193e-8 
0.58  0.8607178146433686 0.12770148055924252 0.011107246199755798 0.00024254169227476142 0.00016260823844395223 6.243846193156724e-5 2.1905562639203895e-6 1.9308092807612323e-6 1.110891519324023e-6 2.809276629637356e-7 1.8152953399230618e-7 1.5052244898622964e-7 2.4968271549364148e-8 
0.59  0.8555343295733523 0.13274812834545316 0.011214760792420373 0.00025757359311176926 0.00017451454861898996 6.444418520812548e-5 2.3367166225919913e-6 2.035901742322282e-6 1.1684208308979844e-6 3.123838211544626e-7 2.002277752063774e-7 1.6187807625252662e-7 2.7204517671647446e-8 6.228450200601491e-9 
0.6  0.8502995317745851 0.1378556830305476 0.011311930450873451 0.000272933265519264 0.00018696439399708297 6.634048822348756e-5 2.4819058927055773e-6 2.1424036653766896e-6 1.2180222951327503e-6 3.4480479750999806e-7 2.2028579000161153e-7 1.7354325930981346e-7 2.907501732075432e-8 6.555536097890047e-9 
0.7  0.7965213047780105 0.19086230104833993 0.011749901195574045 0.0004357352159109153 0.0003405030451447175 7.983158063149724e-5 3.914732080408636e-6 3.264022762251012e-6 1.6116193635443364e-6 7.882417617770772e-7 4.83896673939956e-7 3.0268364421015596e-7 4.831830142930008e-8 9.621800357908636e-9 
0.8  0.7442677023187716 0.24309568297947357 0.011414526640500137 0.0005855508613338061 0.0005384015717434214 8.412299013946427e-5 5.033164059155489e-6 4.4601483586791995e-6 1.780099326280993e-6 1.3981067916128232e-6 8.203633066891258e-7 4.369350003960959e-7 6.471417650732989e-8 1.1701774888124837e-8 7.4052439968277425e-9 
0.9  0.6978079598530961 0.28999406336624395 0.010644497458011718 0.0007621586072689578 0.0006914822786170186 8.294242379896693e-5 5.713745264702204e-6 5.626960103353139e-6 2.0248270761932e-6 1.759796615693964e-6 1.1211108909343572e-6 5.538325269090892e-7 7.231784792129982e-8 1.2491577497988293e-8 8.55921542300887e-9 2.37184563911595e-9 
1.0  0.6589029567834487 0.32954080245534195 0.0097193325080163 0.0009927388152054125 0.000745158296225589 8.003437460401865e-5 7.010004521222558e-6 5.756296829617181e-6 2.496968766211837e-6 1.63924117533349e-6 1.320993512335177e-6 6.500221978813357e-7 7.297605008969319e-8 1.2327811922924557e-8 9.196340876523942e-9 4.669676066832818e-9 4.0702765363413305e-9 
1.1  0.6274206621824105 0.36170853383757173 0.008802286431028362 0.0012162443183489722 0.0007544615614880115 7.752012321589962e-5 8.278923127922145e-6 5.568947303461821e-6 2.7188121020040516e-6 1.4837703815402206e-6 1.420898958009752e-6 7.206043220620238e-7 6.53464083773324e-8 1.1511686940294949e-8 9.651834145596471e-9 6.902182658138986e-9 6.177628754179601e-9 
1.2  0.6024066313745045 0.3873658416910857 0.007972864174326353 0.001424430320507316 0.0007331282884859222 7.611315064070028e-5 9.431509045524227e-6 5.211964639033365e-6 2.696588774807672e-6 1.446376759302359e-6 1.331874399520825e-6 7.7732885044129e-7 5.670589526084821e-8 1.0839808478360616e-8 1.0064778901336934e-8 9.158128203864776e-9 8.589370032024353e-9 
1.3  0.5826458972117526 0.40769625904394907 0.0072534648051224716 0.001613615437588427 0.0006937159273388967 7.581499198550534e-5 1.040184064938226e-5 4.787076111445847e-6 2.5049254736819178e-6 1.4276436089046266e-6 1.1969135715750364e-6 8.222519721514647e-7 4.851207805277981e-8 1.1119722276977637e-8 1.0986407024985476e-8 1.0740474467995454e-8 1.0572193403668029e-8 
1.4  0.567027294303785 0.423804366564987 0.006642435195145142 0.0017828641769652616 0.0006455222016110065 7.635937562574994e-5 1.1155869795206843e-5 4.356779607289818e-6 2.227024225204571e-6 1.387025471356666e-6 1.0820669974225521e-6 8.58990393817016e-7 4.250723151850313e-8 1.3600574880832348e-8 1.188960068231193e-8 1.1259681125066374e-8 1.1168303495386491e-8 
1.5  0.5546375138511792 0.4366077151868253 0.006128963687470547 0.0019327829720830333 0.0005947102862576699 7.744185501336917e-5 1.1687469575249653e-5 3.954421145212635e-6 1.926590894270536e-6 1.3374738662222995e-6 9.864527329346994e-7 8.896050824009298e-7 3.881993638982067e-8 1.5870382942787393e-8 1.2102291639598734e-8 1.1787656302828024e-8 1.1567607392661735e-8 
1.6  0.5447422457734205 0.44685154917663755 0.00569744415900465 0.002064735892979603 0.0005447696844893939 7.882244855222729e-5 1.2003080641790068e-5 3.5933043613743195e-6 1.6399803714888469e-6 1.2842012849304e-6 9.144937766743734e-7 9.068272193553143e-7 3.733977397706486e-8 1.7854682674361613e-8 1.3091557037280466e-8 1.240549113306286e-8 1.028575540671829e-8 
1.7  0.536789527712167 0.45509713162157783 0.005334995633676714 0.002180403416084574 0.0004977326487202378 8.031782202649835e-5 1.212818950668316e-5 3.2787525459599056e-6 1.384566973244455e-6 1.232198066007914e-6 9.350128542110584e-7 8.402789448436361e-7 3.706969121917497e-8 1.9456634914568584e-8 1.408720898814032e-8 1.2967549115956588e-8 8.565771604058923e-9 
1.8  0.5303533806365479 0.4617798973544576 0.005029610308304115 0.0022815186091062253 0.00045450974926549586 8.18055058968876e-5 1.2090837624970145e-5 3.009751667481719e-6 1.1831785450020716e-6 1.165383189797531e-6 9.513948185046098e-7 7.839226093138144e-7 3.731398464939603e-8 2.063812935547209e-8 1.5076624809214653e-8 1.3463918264083015e-8 6.8753098134494355e-9 
1.9  0.5251101147491891 0.467231519124973 0.004771400014062864 0.0023697604217083686 0.0004154032040717996 8.320259767547149e-5 1.1918488519078343e-5 2.7828717405125426e-6 1.1375657729977062e-6 9.739224145757727e-7 9.639873221207612e-7 7.346638185916334e-7 3.7068177280981453e-8 2.1378091574541072e-8 1.6056373362179752e-8 1.3886088894649549e-8 
2.0  0.520810122029221 0.4717083840708756 0.004552054080474006 0.002446681677866746 0.00038037015644230756 8.447029018937898e-5 1.1647539525526794e-5 2.594087440529754e-6 1.0972086513997392e-6 9.729185136198938e-7 8.228393337280025e-7 6.927655001054982e-7 3.744974143748399e-8 2.1726421584510657e-8 1.695074078646323e-8 1.4209063974124674e-8 
2.1  0.5172616128234048 0.4754080013509909 0.004364766718145427 0.002513674746879135 0.00034914492060946184 8.557779879359808e-5 1.1299148309130264e-5 2.438360311594951e-6 1.0609176618303353e-6 9.780453651929282e-7 6.980156769671975e-7 6.555960980878768e-7 3.7610866303887055e-8 2.1707255813688713e-8 1.779491205330602e-8 1.4444719100732943e-8 
2.2  0.514316327364401 0.4784831483035728 0.004204094948876242 0.002571987613811555 0.0003214028793672601 8.651376665809275e-5 1.0896380864245244e-5 2.311169843343425e-6 1.0286181924516303e-6 9.79588508382052e-7 6.221462322534581e-7 5.951126081040902e-7 3.75502345648158e-8 2.1372804207863344e-8 1.858688340824074e-8 1.459714097073829e-8 
2.3  0.5118582948616184 0.48105352667536966 0.004065565701018249 0.002622713954501085 0.00029678504050052284 8.727626812707504e-5 1.0457925420712288e-5 2.2082146121504457e-6 9.998028721517788e-7 9.776701761474462e-7 5.915892343281135e-7 5.102372620062504e-7 3.728368245565168e-8 2.0779727764614746e-8 1.932424403044237e-8 1.4671634963386855e-8 
2.4  0.5097966384063767 0.48321297731793006 0.00394558489412586 0.0026668183875776775 0.0002749447152082733 8.786955204633591e-5 9.99937916604626e-6 2.125581386852037e-6 9.741400495127567e-7 9.726922184150325e-7 5.633266256713986e-7 4.4009489359040736e-7 3.6844955729949435e-8 2.000624205184619e-8 1.9985968785213406e-8 1.4675227884950189e-8 
2.5  0.5080591467530675 0.4850361666181526 0.003841174711475101 0.00270513983527872 0.0002555516347864181 8.830217241694485e-5 9.532805722262485e-6 2.059727401994028e-6 9.651053131794128e-7 9.512358591816231e-7 5.368942567761476e-7 3.819448288513174e-7 3.626855566422655e-8 2.063173752148742e-8 1.9046162666318858e-8 1.4614984979545887e-8 
2.6  0.5065883731871622 0.4865825175614861 0.003749909357325308 0.002738411088402689 0.00023830776864883517 8.858488641597022e-5 9.067606660825121e-6 2.0075095598863767e-6 9.554662984247476e-7 9.307588949214729e-7 5.119567040199248e-7 3.3355671874012027e-7 3.558792122255867e-8 2.1200145224053735e-8 1.8009396598364475e-8 1.4498259642453115e-8 
2.7  0.5053382516725768 0.4878997029172178 0.003669794448196113 0.0027672708498739235 0.00022294747762260654 8.872964506495091e-5 8.6108451877145e-6 1.9661881419410362e-6 9.443505143315455e-7 9.12412563942281e-7 4.882719377545335e-7 2.9312753773166604e-7 3.483250954435167e-8 2.171110386469258e-8 1.6917775130324622e-8 1.4332176752948723e-8 
2.8  0.5042716022472321 0.48902621547923886 0.003599181248135354 0.00279227538322014 0.0002092364956036246 8.874885377955823e-5 8.167644888032284e-6 1.933425416577418e-6 9.322951416909383e-7 8.959340174644251e-7 4.6566807497647204e-7 2.5920404939348483e-7 3.4027280887598216e-8 2.216447351144599e-8 1.5805973227847794e-8 1.412347522233495e-8 
2.9  0.5033582368975449 0.48999332077916996 0.003536700045537493 0.0028139090575578806 0.00019696969739207445 8.865486606286893e-5 7.74155973223414e-6 1.9072696534359338e-6 9.197615152517115e-7 8.810918332118116e-7 4.4402534413592564e-7 2.3061575714120865e-7 3.319272720674469e-8 2.2560343035588194e-8 1.4701424124167766e-8 1.3878406194243103e-8 
3.0  0.5025735068175224 0.49082655602083985 0.003481207552453576 0.0028325936930110544 0.00018596829101843126 8.845964880310098e-5 7.33489865206401e-6 1.886123831873911e-6 9.071180754945731e-7 8.676830528988874e-7 4.2326192053270714e-7 2.06418947972113e-7 3.234522317812588e-8 2.2899044112077632e-8 1.36249255487075e-8 1.3602678644999202e-8 
