#mmax= 10
#m-states: all states (FBR)
#Nr. of sites: 4

0.0  -0.0  0.0
0.1  -0.09757919586721975  0.0073483286923097515
0.2  -3.309434329249551  0.6162913936748079
0.3  -16.789669014047007  0.9999906130853697
0.4  -16.807841967015236  0.9821448560142317
0.41  -16.843176238498298  0.9483617442397917
0.42  -16.789695491106006  0.9999641339866766
0.43  -17.500978769746325  0.6944524935354136
0.44  -17.492114207068376  0.7005784194122756
0.45  -18.180532481433364  0.49766127557744455
0.46  -17.491948465486654  0.7006945479569984
0.47  -18.873674902564854  0.3518302812970365
0.48  -34.78965965876355  0.999999969257198
0.49  -17.573717402425306  0.6487254638070912
0.5  -18.226884046308435  0.4762575667685987
0.51  -18.994999144539037  0.3305292280484111
0.52  -18.75472896195095  0.3711605503200792
0.53  -18.406413109202912  0.44389326063499684
0.54  -18.906844816889357  0.3411210137548608
0.55  -19.358833710135137  0.2760242403334749
0.56  -18.786035876775376  0.3602246135064432
0.57  -32.78966054354515  0.9999990843875716
0.58  -18.999029175456855  0.3292109258225189
0.59  -18.99500258469875  0.3305280899364742
0.6  -37.48280682539048  0.7070714095415684
0.7  -19.84838200100211  0.2150287034780936
0.8  -64.78965962802894  0.9999999999948777
0.9  -60.789659628066865  0.9999999999569479
1.0  -39.095901168813214  0.31494119613040134
1.1  -40.016752738099136  0.5122971423860884
1.2  -64.78965962803626  0.9999999999875612
1.3  -39.69535018117656  0.44001538885330876
1.4  -62.91876853700973  0.8868809730807616
1.5  -40.25783088495608  0.3501256667977536
1.6  -65.48280680859996  0.7070714214160386
1.7  -64.93317265446152  0.8743376335320607
1.8  -64.84378585572134  0.9477838250396665
1.9  -65.56531358878588  0.6541471447254656
2.0  -92.78965962802461  0.9999999999992149
2.1  -65.55682413335688  0.659670611799908
2.2  -96.78965962802383  0.9999999999999859
2.3  -93.88827191669246  0.5772925255007045
2.4  -97.88827191669195  0.5772925255010006
2.5  -96.7896657722173  0.9999938552297801
2.6  -90.78965962804601  0.9999999999777999
2.7  -96.78965962802387  0.9999999999999404
2.8  -126.78965962802421  0.9999999999996134
2.9  -92.78965962802648  0.9999999999973307
3.0  -96.78965962802391  0.9999999999999073
3.1  -96.80780955594167  0.9821766921887334
3.2  -96.78966577221738  0.9999938552297102
3.3  -136.78965962802383  0.9999999999999994
3.4  -128.78965962802383  0.9999999999999981
3.5  -96.78965962802388  0.9999999999999276
3.6  -94.79009194126368  0.9995677952866199
3.7  -96.91688306992532  0.8885523161346355
3.8  -136.79004041807175  0.999619301642661
3.9  -134.9165876390668  0.8888148448219259
4.0  -97.56544712547536  0.6540597953960231
4.1  -97.69775844475402  0.5782511910777516
4.2  -95.67523004143156  0.5912852078853419
4.3  -96.82597133414497  0.9646595572355612
4.4  -180.78965962802383  1.0000000000000002
4.5  -98.18131055433783  0.4972744491061424
4.6  -98.81032971320973  0.9797073232967471
4.7  -162.7896596280239  0.9999999999999067
4.8  -134.78965962802383  1.0000000000000002
4.9  -132.78965962802383  0.9999999999999994
5.0  -135.13041317334876  0.7304810266232402
