#mmax= 10
#m-states: all states (FBR)
#Nr. of sites: 4
 
0.0  1.0 
0.1  0.9968301345371142 0.0025541906878916196 0.0006154181191899452 1.57115049705463e-7 9.954075449726377e-8 
0.2  0.986787564548541 0.010861162802905996 0.0023461200775363256 2.7220653919882936e-6 1.6823824268070055e-6 7.481231978681525e-7 
0.3  0.9683687313486536 0.026753995385091982 0.00484626124763244 1.5418719938572398e-5 9.289789641575345e-6 6.085886278543712e-6 1.1083546597397325e-7 5.673603168857062e-8 5.00512652850976e-8 
0.4  0.9396419817879278 0.052682040729559766 0.0075672367362249505 5.400913636664609e-5 3.2499606526362895e-5 2.1096622618890126e-5 4.612820497001642e-7 3.547668620744244e-7 2.5791119957402964e-7 2.3928415382797788e-8 2.115147976381423e-8 1.6340769363560024e-8 
0.41  0.9361469569263978 0.05590533613778667 0.007826955504556343 6.008301174261522e-5 3.622481546797747e-5 2.3155439631908305e-5 5.14496413429831e-7 4.0952654394209656e-7 2.9176305156092334e-7 2.84745689886223e-8 2.4578751045923726e-8 1.9325087632813137e-8 
0.42  0.9325361377945093 0.05924865175593935 0.008081545710051556 6.663978130211686e-5 4.027377165618734e-5 2.5298666617086893e-5 5.703756465799138e-7 4.6967704182570923e-7 3.278063048758138e-7 3.35696419431726e-8 2.8341402601429863e-8 2.2749887265748033e-8 
0.43  0.9288102873432942 0.06271119693209239 0.008330999192472453 7.369820969055676e-5 4.466635042890314e-5 2.751957259709092e-5 6.3096125528245e-7 5.359762812472391e-7 3.666345563292374e-7 3.958998592324611e-8 3.257114578718537e-8 2.666619962453049e-8 
0.44  0.9249777083980486 0.06628563283029773 0.008574397790907068 8.125424391617744e-5 4.9410761875564125e-5 2.9774144205840957e-5 6.933736231872953e-7 6.072801757516482e-7 4.06723521006213e-7 4.622557325170955e-8 3.712325776837789e-8 3.110459862255386e-8 
0.45  0.9210242146603066 0.06998657440877624 0.008811163080210507 8.935458609416754e-5 5.4542301325674055e-5 3.2121655564040606e-5 7.609657053973046e-7 6.856844692633949e-7 4.5021170908337717e-7 5.406882850639943e-8 4.221455026327406e-8 3.61624603096028e-8 
0.46  0.916969922984916 0.07379415828391492 0.009041174459189318 9.796806554309201e-5 6.0057884991112665e-5 3.447234936467028e-5 8.305873968137496e-7 7.688920815843267e-7 4.943095688748984e-7 6.268089816477679e-8 4.7662516046082284e-8 4.1839619510013285e-8 
0.47  0.9127981625879651 0.07772604437698759 0.009263285560120653 0.00010714252051942113 6.599539020132478e-5 3.689131858529754e-5 9.041239023595903e-7 8.588775069576301e-7 5.410203167262399e-7 7.239184895312939e-8 5.360676936256635e-8 4.8225276170573945e-8 
0.48  0.9085220273587344 0.08176920672570513 0.0094774986378577 0.00011685863193474992 7.2359710674339e-5 3.932501268558836e-5 9.810783570281628e-7 9.547333030070676e-7 5.893128761343034e-7 8.338975171168467e-8 6.003037435549213e-8 5.537774596586114e-8 
0.49  0.9041477052727346 0.08591785070651226 0.009683441600892675 0.00012710901107947385 7.916200050959078e-5 4.1749824795999196e-5 1.0606915175192681e-6 1.0561524931064537e-6 6.388108395380626e-7 9.573370655329699e-8 6.690302547009598e-8 6.329189278289964e-8 
0.5  0.8996724843594145 0.09017514988593729 0.009880564818587609 0.00013791326419135651 8.642451386150903e-5 4.4180341122623035e-5 1.1630169664699617e-6 1.1617757110001863e-6 6.893000408016587e-7 1.0930668531143229e-7 7.460271361341974e-8 7.230082701752708e-8 1.2513940613100808e-8 
0.51  0.8950985451855356 0.09453919676508075 0.010068665374748475 0.00014925389046918202 9.416459001477269e-5 4.6604179429359327e-5 1.2758230223303983e-6 1.2499284819313165e-6 7.411770798865422e-7 1.2457347373607135e-7 8.254024102950636e-8 8.213308905780646e-8 1.3839334821791124e-8 
0.52  0.8904295000539582 0.09900705762633674 0.010247042732033432 0.00016112794919419005 0.00010239423096810922 4.901049584766201e-5 1.3935673955138873e-6 1.339849742470112e-6 7.93437523197925e-7 1.4117081495345316e-7 9.282872306745685e-8 9.085616489331593e-8 1.5201297865425173e-8 
0.53  0.8856706071497943 0.1035735310872288 0.01041565148465479 0.00017352151071010536 0.00011112538173812966 5.138746817322768e-5 1.5164419593112385e-6 1.432495000844885e-6 8.464585521378787e-7 1.595903590226933e-7 1.0461799469191587e-7 9.966317301867722e-8 1.665066137040993e-8 
0.54  0.8808301576192545 0.108230347470718 0.010574513707963005 0.00018640943034112063 0.00012036366668015254 5.371310960060094e-5 1.6435982928894318e-6 1.5276839746958804e-6 8.99446486819023e-7 1.797145866171523e-7 1.1746437050801138e-7 1.0892449036152937e-7 1.8163240358356772e-8 
0.55  0.87591086927577 0.11297511442672614 0.010723309541702105 0.0001997766490669469 0.00013012131963226618 5.598480635850635e-5 1.7748883917528722e-6 1.6251494096079241e-6 9.524119686249969e-7 2.0171355366993556e-7 1.314401629149769e-7 1.1863328489145695e-7 1.9743972881468363e-8 
0.56  0.8709171127964586 0.11780365308842736 0.010861866674994204 0.00021360185253555813 0.00014040760775218652 5.819618958087349e-5 1.9097754395929005e-6 1.7247613288136153e-6 1.0049788284998233e-6 2.2558314989009814e-7 1.4655386110782576e-7 1.2876045209424946e-7 2.1377191716054844e-8 
0.57  0.865855067903603 0.122709858454782 0.0109901428203205 0.00022785656081482733 0.0001512278423549149 6.0337450662742985e-5 2.048209698648691e-6 1.826416863131343e-6 1.0573632928833915e-6 2.5163042256354815e-7 1.6291121787868777e-7 1.3934108345108394e-7 2.309488347383504e-8 
0.58  0.8607308672075925 0.12768765320699907 0.01110812261866605 0.00024250990454309978 0.00016258587092862818 6.239989556932955e-5 2.188785618046087e-6 1.929528125573435e-6 1.108247517764984e-6 2.7936900647526096e-7 1.803428294783722e-7 1.502161073516141e-7 2.4806496514491094e-8 
0.59  0.8555508277755044 0.1327306786207314 0.011215880798280023 0.00025752841868136793 0.00017448464123801687 6.437667451401277e-5 2.3321948838125096e-6 2.0349775463597816e-6 1.1588460340699697e-6 3.0964733973807175e-7 1.9917745216111354e-7 1.6159504054458834e-7 2.663275378614525e-8 
0.6  0.8503165636955792 0.13783760016975424 0.011313099699202708 0.0002728927409462091 0.0001869329975523751 6.629997573116164e-5 2.4802935928317866e-6 2.1413149329569936e-6 1.216882883841928e-6 3.4453292000840895e-7 2.1903273393123243e-7 1.7320826862554325e-7 2.892794742871832e-8 6.527954776619116e-9 
0.7  0.7965443128954985 0.19083758427945455 0.011751751441139413 0.0004356929805286915 0.0003404478732676875 7.979447371797896e-5 3.9131536641678384e-6 3.2635735619066383e-6 1.6103760375090372e-6 7.876857733117409e-7 4.816069406700303e-7 3.020703470023187e-7 4.805721782668171e-8 9.532850299431618e-9 
0.8  0.7442873757716787 0.2430743159265259 0.011416308766967172 0.0005855391436407597 0.0005383477637072222 8.410156645302517e-5 5.032812715946127e-6 4.461582350714009e-6 1.7792858069020099e-6 1.397282831256544e-6 8.200854726507951e-7 4.3664238270084955e-7 6.441445225924806e-8 1.1598256643118311e-8 7.356758275280417e-9 
0.9  0.6978222862399174 0.2899785149379359 0.010645803148832185 0.0007621035298385949 0.0006914838156202841 8.292850867135844e-5 5.7120526010563466e-6 5.626444945140044e-6 2.020655220677669e-6 1.757406901140497e-6 1.1180691278347913e-6 5.526344733987363e-7 7.178008213139533e-8 1.2326290603815398e-8 8.449542441692142e-9 
1.0  0.6589145853596552 0.32952808669026606 0.009720434661254542 0.0009926990396412353 0.0007451895252521687 8.002390584774476e-5 7.013409142730952e-6 5.756030266455624e-6 2.499266108817151e-6 1.6388033454097427e-6 1.3236851190573715e-6 6.483936534038912e-7 7.116077886468285e-8 1.218035504903241e-8 9.18455187341678e-9 4.6600335169836136e-9 4.04472813651387e-9 
1.1  0.6274350635104781 0.3616925938152704 0.008803808952413665 0.0012161966084744788 0.0007545343656337297 7.75093884031716e-5 8.279963397078813e-6 5.569282172834626e-6 2.719035263568394e-6 1.483954208701596e-6 1.4214668174961196e-6 7.20775417622371e-7 6.476956629463061e-8 1.1442779056702094e-8 9.61686905843969e-9 6.887743052553088e-9 6.165091591579444e-9 
1.2  0.6024273150947413 0.3873427586037035 0.007975185082708891 0.001424367508415715 0.0007332777722153814 7.609848706775505e-5 9.434669013043142e-6 5.213274627138199e-6 2.6972210116570603e-6 1.4475683795887365e-6 1.3320889493410703e-6 7.778254827073573e-7 5.624691226523023e-8 1.0812835423115825e-8 1.0036479906042234e-8 9.13778875654664e-9 8.569668622504933e-9 
1.3  0.5826630867062039 0.40767691267220524 0.007255503532840345 0.001613575021676861 0.0006938767134540333 7.58033298051232e-5 1.0406200452049828e-5 4.7888457888579e-6 2.5057230276229082e-6 1.4294202751813595e-6 1.1972147246024302e-6 8.230465262775168e-7 4.82540446955964e-8 1.1071645166473216e-8 1.0957742204658815e-8 1.0726829206520118e-8 1.0562758935197623e-8 
1.4  0.5670370091944611 0.4237933318387301 0.006643658006316248 0.0017828515956893438 0.0006456334806402465 7.635201086660178e-5 1.1158864841459588e-5 4.357838440746523e-6 2.227581305169548e-6 1.3880850686437858e-6 1.0822972587413967e-6 8.593245441852227e-7 4.2121323373494226e-8 1.357705943824968e-8 1.1843339691720468e-8 1.1196845666192346e-8 1.1143269600686892e-8 
1.5  0.5546435258210767 0.4366008372009255 0.00612975091128597 0.0019327819450491762 0.0005947903942139432 7.743715219277285e-5 1.1689831685395387e-5 3.955280042475088e-6 1.9269164529663567e-6 1.3382162139945963e-6 9.866739812060814e-7 8.898861497772385e-7 3.8611103490544756e-8 1.5856705336115117e-8 1.2024657937106672e-8 1.1760622548632207e-8 1.1517640976612753e-8 
1.6  0.5447555136778092 0.4468362823646505 0.005699229763945368 0.002064751446606362 0.0005449640920979528 7.881226756798809e-5 1.2010168098622253e-5 3.595216060047634e-6 1.640757146127745e-6 1.2864895081176467e-6 9.157618352773413e-7 9.074452967656468e-7 3.715506419190017e-8 1.783354113071363e-8 1.2993181361181503e-8 1.236262124650869e-8 1.0204969599452457e-8 
1.7  0.5367946465229296 0.4550911976895108 0.005335710703737473 0.002180418671298717 0.0004978164811834625 8.031394374011092e-5 1.2131254119728118e-5 3.2794583230597927e-6 1.3847685276178927e-6 1.2329111378818777e-6 9.35386065661727e-7 8.40517222942612e-7 3.689478544479339e-8 1.9429255087107608e-8 1.3985044006024699e-8 1.2911295823046942e-8 8.471822904409865e-9 
1.8  0.5303637563917063 0.4617678551957163 0.005031056687064244 0.0022815615961507565 0.0004546825823968565 8.179736197648614e-5 1.2098010311130373e-5 3.0110863342519326e-6 1.1852210532865482e-6 1.165771423312492e-6 9.528136666353131e-7 7.843799330630955e-7 3.7164332110654274e-8 2.0605816529764237e-8 1.4972499281740463e-8 1.3394784102552679e-8 6.764834905191607e-9 
1.9  0.5251189910966431 0.46722103956551003 0.004772752628317751 0.0023698373776749994 0.0004155712045833062 8.319555064969547e-5 1.1926611439067455e-5 2.7843036285183645e-6 1.1393115856908297e-6 9.743357861964987e-7 9.654991410738088e-7 7.351959688338376e-7 3.629289833670431e-8 2.130609762362804e-8 1.5927777395779116e-8 1.3792298347627593e-8 
2.0  0.5208185776168083 0.4716983856619607 0.004553337779268725 0.002446767388512455 0.000380536081235669 8.446490020398272e-5 1.1655962383673098e-5 2.5952890564455513e-6 1.0989172635425278e-6 9.744182065500883e-7 8.231623092446108e-7 6.933484268143438e-7 3.687567979946467e-8 2.166502514650558e-8 1.6824498596006414e-8 1.4109160265601543e-8 
2.1  0.5172664897715743 0.4754022325643685 0.0043654974248995195 0.0025137286101873787 0.0003492456314126591 8.557690828275471e-5 1.1304472298694248e-5 2.439136644369005e-6 1.0617857976737277e-6 9.78830944210216e-7 6.98073649954864e-7 6.559835437420169e-7 3.714727244204606e-8 2.1664267911181433e-8 1.7661290978035107e-8 1.4333565493822774e-8 
2.2  0.5143206490709991 0.47847801328805484 0.004204751499614273 0.0025720416799293972 0.0003214967358754224 8.65150597744595e-5 1.0901618393367227e-5 2.3119614719860397e-6 1.0294582219071873e-6 9.80351860881591e-7 6.225930216113014e-7 5.952039992509928e-7 3.718992216438347e-8 2.1338457246807844e-8 1.8462665024939334e-8 1.4487739654067693e-8 
2.3  0.5118657512785845 0.48104438874204436 0.0040668754111573705 0.002622887870874918 0.00029696177080987864 8.727878631692143e-5 1.0469150232263645e-5 2.2094556578494103e-6 1.0025364019117678e-6 9.802053960034924e-7 5.925476466114806e-7 5.106480212507957e-7 3.7035268964676175e-8 2.0763500178745263e-8 1.9225775333567035e-8 1.4572311595529424e-8 
2.4  0.5097991879401665 0.4832097542972609 0.003946079966464513 0.00266690091246934 0.0002750226173206202 8.787863218107762e-5 1.0004795423063144e-5 2.1266846407730765e-6 9.751927896715879e-7 9.736392585185425e-7 5.63965814864191e-7 4.4029478628527935e-7 3.661078222690426e-8 1.9971811144839882e-8 1.9902228134233783e-8 1.457660227686147e-8 
2.5  0.5080611956984851 0.4850335659111956 0.003841568028404378 0.0027052080708768046 0.00025562102459562955 8.831470013726527e-5 9.537782294956987e-6 2.061008530362437e-6 9.657758339466032e-7 9.520447964551425e-7 5.375964191388769e-7 3.8218037916448617e-7 3.607435830543597e-8 2.053655209056555e-8 1.9043127764161025e-8 1.4524012651512736e-8 
2.6  0.5065937625170762 0.48657550990316534 0.003751068435898732 0.0027386678867259095 0.00023847199981976463 8.860143515241586e-5 9.079859195510692e-6 2.0092141036142634e-6 9.584282156565727e-7 9.337895605357184e-7 5.133104002518315e-7 3.3411284783248645e-7 3.5493464927049484e-8 2.1149631805427952e-8 1.8031929562371375e-8 1.4432812092768804e-8 
2.7  0.5053396253158469 0.4878978606399482 0.0036700957279294922 0.0027673393220213004 0.00022301464358372627 8.875153494170543e-5 8.616216797735287e-6 1.9680844694867116e-6 9.449527267213647e-7 9.132535002326418e-7 4.892425242090978e-7 2.934919922290337e-7 3.4716038997915995e-8 2.1645597934389677e-8 1.6942019767764825e-8 1.427006192806978e-8 
2.8  0.5042752284850798 0.48902123527278046 0.0036000875279638945 0.0027925314044447915 0.00020937781982916263 8.877744775702504e-5 8.179351490852724e-6 1.9357688501107814e-6 9.349621551535946e-7 8.987577756047409e-7 4.672912010327207e-7 2.5981100146716607e-7 3.400243094236654e-8 2.214520273294387e-8 1.5854433294346464e-8 1.409760367056635e-8 
2.9  0.5033615559683617 0.48998863253902986 0.0035375895581686383 0.0028141865216006756 0.00019711341324786465 8.869065640462815e-5 7.753480957510075e-6 1.9100813147623787e-6 9.224418149859423e-7 8.839123797044318e-7 4.4576186570615345e-7 2.3129377699791322e-7 3.318332818500718e-8 2.255747457254814e-8 1.4764353131577659e-8 1.3865920488024257e-8 
3.0  0.5025763010433801 0.49082247171552384 0.003482015461176618 0.0028328691981094173 0.0001861084367019753 8.850301425299625e-5 7.346772383349009e-6 1.889439416569354e-6 9.096410612742505e-7 8.704036743750869e-7 4.2514080279854963e-7 2.0715630917599123e-7 3.2355704154311285e-8 2.2910245893047595e-8 1.370129468198017e-8 1.360996298184395e-8 
3.1  0.5018994253231172 0.4915434606698558 0.0034324540538722024 0.002848959753943915 0.00017621284318046642 8.82261964038632e-5 6.960755327353106e-6 1.8725883751029907e-6 8.969612179003314e-7 8.581137514372934e-7 4.053448390551725e-7 1.866552136504201e-7 3.152478037154274e-8 2.3205245477355794e-8 1.3329827838684874e-8 1.2681048556884986e-8 
3.2  0.5013142168464708 0.4921689981800154 0.0033880550318443614 0.0028627532994894233 0.00016728759049811944 8.786995437772132e-5 6.595547822926609e-6 1.8584394981293847e-6 8.842767637175735e-7 8.465848265326495e-7 3.8625000760635624e-7 1.6915234072184737e-7 3.068569247598824e-8 2.3434192834840035e-8 1.3016610807831104e-8 1.170954832118475e-8 
3.3  0.500807220099264 0.49271277241076966 0.00334831105186028 0.002874610016726614 0.0001592329922463846 8.744625666079346e-5 6.25261101460911e-6 1.8463511610251395e-6 8.725477647888274e-7 8.364425089525526e-7 3.6801561634165515e-7 1.5420346513715296e-7 2.987869163426522e-8 2.361864282671891e-8 1.2699972678695102e-8 1.0803634085215006e-8 
3.4  0.5003666463736208 0.49318715590628076 0.003312540597880669 0.0028847317161508684 0.00015193909495468316 8.696330969582495e-5 5.931493882994548e-6 1.835585029564668e-6 8.614842269411128e-7 8.272696798326559e-7 3.5062994179923134e-7 1.4136215493842213e-7 2.9095485221959117e-8 2.3747340925552425e-8 1.2377096458692314e-8 9.956577203295005e-9 
3.5  0.4999828816302286 0.4936020803372759 0.0032802761589602555 0.0028933496895366434 0.00014531762292930965 8.642986206437222e-5 5.63099292406737e-6 1.8257364276056263e-6 8.512166717921022e-7 8.190256267954633e-7 3.3400586930251216e-7 1.3030803189890592e-7 2.8349265233540208e-8 2.383339868330177e-8 1.2052150118397307e-8 9.178639863703404e-9 
3.6  0.4996476439282363 0.4939663792505869 0.003250949813433461 0.002900568949281893 0.00013927901893786768 8.585139111733908e-5 5.349047153136233e-6 1.8163604314432481e-6 8.410124091617056e-7 8.109349911804775e-7 3.179613444524614e-7 1.207184648035091e-7 2.760430683238642e-8 2.3851787191587086e-8 1.1702233121606031e-8 8.455284669634193e-9 
3.7  0.4993537532687497 0.4942879396167579 0.0032239596613283287 0.002906415843909167 0.0001337260760338465 8.522939274622391e-5 5.070083577441702e-6 1.8025942366322522e-6 8.297580869300805e-7 8.010518538030296e-7 3.0215162350905335e-7 1.0862520836927219e-7 2.6881404904612805e-8 2.378916822695826e-8 1.1205314556905023e-8 
3.8  0.49909719031990224 0.49456911745823945 0.0032000643085259937 0.002911635221512812 0.00012871443210498907 8.458788798365366e-5 4.8281860767185665e-6 1.7939855413689388e-6 8.222600287806752e-7 7.956349316588747e-7 2.877224499964627e-7 1.0172596636393004e-7 2.624210575638932e-8 2.3749825808705608e-8 1.0864804014765808e-8 
3.9  0.49887140660386875 0.49481834117813234 0.00317801044598392 0.002915803651135988 0.00012410001557276666 8.391836094887836e-5 4.601359758564551e-6 1.7850866306212672e-6 8.142589764156078e-7 7.896926471407539e-7 2.7396037982838e-7 9.560755026124127e-8 2.5597777524767083e-8 2.3629816921364193e-8 1.0550819534823783e-8 
4.0  0.49867264507099285 0.495039160273826 0.0031577878094779365 0.0029191573474253436 0.00011985523991382634 8.322815446355173e-5 4.389736515947038e-6 1.7758642400611148e-6 8.066629682565499e-7 7.840499776651815e-7 2.6083574349319284e-7 9.02742097598971e-8 2.4976519248333263e-8 2.3483645587130145e-8 1.0220080522767269e-8 
4.1  0.49849737506747044 0.49523528663467425 0.0031391730630201354 0.002921776411040446 0.00011594005970731077 8.252083063687207e-5 4.192171897171649e-6 1.7663402437131815e-6 7.993535607257192e-7 7.785864493544707e-7 2.4833442712957303e-7 8.558780407196084e-8 2.4378771081680078e-8 2.3292177042342606e-8 9.888120029696872e-9 
4.2  0.49834236587304914 0.4954105163566301 0.0031217424813215055 0.002923575943806503 0.0001123035174332738 8.17951849198351e-5 4.0064511641936885e-6 1.7563588503898076e-6 7.912824485865864e-7 7.723107603377637e-7 2.363817466963626e-7 8.14640688622529e-8 2.37895291496536e-8 2.3038542176144308e-8 9.565728978997557e-9 
4.3  0.49820573302386867 0.4955651772748889 0.003106264951797246 0.002925270751790939 0.00010898131612860168 8.107517146998237e-5 3.837110906871427e-6 1.7466396235437399e-6 7.862635832918041e-7 7.688371579525192e-7 2.253337695456969e-7 7.792869152039129e-8 2.329622341466263e-8 2.2844041917076873e-8 9.25605751095539e-9 
4.4  0.4980845939686984 0.49570404244563987 0.0030916183826391764 0.0029262300230152908 0.00010587520898694843 8.034018298242878e-5 3.6765828410999838e-6 1.7359543283429354e-6 7.798436151777422e-7 7.63906617688862e-7 2.1459706321357921e-7 7.465834561135083e-8 2.2760267265446665e-8 2.2558231844572198e-8 8.926727980149146e-9 
4.5  0.49797718287256637 0.495828195954404 0.0030780963769375933 0.0029268134612319093 0.00010299278243462815 7.960287672819985e-5 3.5274253458724027e-6 1.7250031756880673e-6 7.741724453325537e-7 7.596138688170092e-7 2.0451424601784947e-7 7.179357038203067e-8 2.2271634834395585e-8 2.22702571760197e-8 8.611152509914973e-9 
4.6  0.4978818488138871 0.495939455311419 0.0030655450029040913 0.0029270341326834296 0.00010030944506781239 7.886468235059954e-5 3.388283649128242e-6 1.713708989101086e-6 7.687952408751843e-7 7.555126717218107e-7 1.949951805345689e-7 6.923626961882183e-8 2.1970234196155555e-8 2.18044233575052e-8 8.305029434797047e-9 
4.7  0.4977971252317681 0.49603935813726574 0.003053866933184398 0.0029269364256387046 9.780608252668224e-5 7.812751168838832e-5 3.258319095851719e-6 1.7020716669818652e-6 7.637155678618676e-7 7.516118556485363e-7 1.85994304607527e-7 6.694196687321676e-8 2.1658434513955833e-8 2.1359911839507277e-8 8.005124593493322e-9 
4.8  0.49772175418600556 0.49612922260095105 0.003042978418943121 0.0029265593620895285 9.546626386181973e-5 7.73930747073244e-5 3.1368494578029647e-6 1.6901113842560404e-6 7.588980490239151e-7 7.478828962951102e-7 1.774907573074109e-7 6.48737645863691e-8 2.1338920140569625e-8 2.0935775348821188e-8 7.712436485497228e-9 
4.9  0.4976546389723384 0.4962101964502126 0.0030328064451547966 0.002925938745816063 9.32753500811347e-5 7.666287562362976e-5 3.0232320576269135e-6 1.6778542677461074e-6 7.543256813913138e-7 7.443150517485035e-7 1.6945977296620276e-7 6.30009035122602e-8 2.1014789518988504e-8 2.053098483735628e-8 7.4272641314335605e-9 
5.0  0.4975948231023199 0.4962832828815189 0.0030232855439390827 0.002925105788947444 9.122025430216098e-5 7.593819765368811e-5 2.916873309701157e-6 1.6653275813221865e-6 7.499784573136964e-7 7.408944423845643e-7 1.6187762923272436e-7 6.129684756336925e-8 2.0688634780117136e-8 2.0144464221620222e-8 7.149952690713774e-9 
