#mmax= 5
#m-states: all states (FBR)
#Nr. of sites: 40
 
0.0  1.0 
0.1  0.9968294406513528 0.002554930561634226 0.0006153721534240896 1.5709775135362283e-7 9.953583731069447e-8 
0.2  0.9867312509385664 0.010920204086871131 0.0023431041359749222 2.7497058637902283e-6 1.6934769430068445e-6 9.847415619495677e-7 1.2914219329858667e-8 
0.3  0.9675933008354581 0.02756210616206672 0.004806720002782179 1.6345127964719265e-5 1.1526425171227013e-5 9.688027116238265e-6 1.1173999217453759e-7 1.0264627441743521e-7 9.903317414872488e-8 
0.4  0.9340204448118855 0.05850220452932025 0.0073025094176407766 6.745149349240491e-5 6.639456112177844e-5 3.8602934025906885e-5 9.223247663335025e-7 9.221097977815501e-7 4.530441929945774e-7 5.049769653536263e-8 2.3042395824421336e-8 2.123366383796919e-8 
0.41  0.9294193091590252 0.06286627962852581 0.007513000368073687 7.883991285029767e-5 7.567968388395721e-5 4.405069082039174e-5 1.1111343378499986e-6 1.1110705269454265e-6 5.021844913334072e-7 6.35409606181775e-8 2.8154732537524167e-8 2.4471771883027674e-8 
0.42  0.924500655432092 0.06755701816618631 0.007710471752418414 9.197250560882155e-5 8.622030966355552e-5 5.0286633830603114e-5 1.3376844247547828e-6 1.3315810609892712e-6 5.548635698388617e-7 8.12307749584651e-8 3.441361774010399e-8 2.8113301768174966e-8 7.313450065921119e-9 
0.43  0.9192232079666921 0.07261712289689755 0.007892917776969575 0.00010710613766574716 9.821109024241333e-5 5.74525620469633e-5 1.5999598285743435e-6 1.5867578431945904e-6 6.107883187051755e-7 1.0170309716528488e-7 4.1931081117705514e-8 3.199653894049187e-8 8.432777902928903e-9 
0.44  0.9135392100731181 0.07809594259535871 0.00805799313295325 0.00012454554082056115 0.00011189837593688013 6.573110965438244e-5 1.9062009680177758e-6 1.880854057593739e-6 6.683258762795559e-7 1.2726031511407985e-7 5.067390770439951e-8 3.608692927403333e-8 9.770104251917004e-9 
0.45  0.9073817295962402 0.08406196293355485 0.008203004720974167 0.0001448062969608745 0.00012762039282734308 7.536872955812729e-5 2.2663473314427035e-6 2.219568674987115e-6 7.40130263359418e-7 1.5963956641495449e-7 6.135291652058672e-8 4.066702324634266e-8 1.149791915708018e-8 8.126189358558266e-9 
0.46  0.9006597727895523 0.09060840274705657 0.008324407351499918 0.00016845512126085544 0.00014581286112133173 8.669701035111641e-5 2.6944464577621978e-6 2.6078914371976164e-6 8.069428144808775e-7 2.0079952146363284e-7 7.412168525194514e-8 4.5302996990879435e-8 1.3292540221543467e-8 9.321704890451814e-9 
0.47  0.8932503546124073 0.097860903433055 0.008417804154766664 0.00019617883909994144 0.00016704570419252265 0.00010017472432414237 3.1907946652356344e-6 3.051582941808068e-6 8.777041983630561e-7 2.529041481948231e-7 8.948592611142008e-8 5.011322050712585e-8 1.5277012974826173e-8 1.0670041678406934e-8 
0.48  0.884988869765393 0.10598756310090807 0.00847757907117178 0.00022869566492929674 0.00019207732425395655 0.00011643097706060118 3.766659548760036e-6 3.552732818695998e-6 9.53737282885451e-7 3.1949709155806496e-7 1.0703550279954959e-7 5.4892714328787137e-8 1.7351999220913212e-8 1.2189325615385823e-8 
0.49  0.8757373539691937 0.11513048225419993 0.008498798909100732 0.00026559880885760153 0.00022146713490615654 0.00013612862423061648 4.4061893970474294e-6 4.1012329992089475e-6 1.0380079645782132e-6 4.034980346259065e-7 1.2807323827139687e-7 5.97396326864425e-8 1.9564975386505484e-8 1.3993269442769324e-8 
0.5  0.8655192866276995 0.12526943357414466 0.008481100273220276 0.00030411801023251994 0.00025488223313755733 0.0001595815649992943 5.050836994771238e-6 4.65984371083492e-6 1.1305390163632237e-6 5.045512828974397e-7 1.5030070125219148e-7 6.426301301438886e-8 2.1425571625112027e-8 1.5956275112232285e-8 
0.51  0.854639924838886 0.13609832101298322 0.00843242244969778 0.0003394941908378364 0.00029058789904531386 0.00018631367949885553 5.622798368077289e-6 5.1794270765978006e-6 1.2323574028518281e-6 6.184776154648456e-7 1.732835909679307e-7 6.861848689245877e-8 2.2919155576070384e-8 1.8047354792970424e-8 
0.52  0.8435318073970801 0.14717965830321297 0.008364833426275241 0.000367975230116697 0.0003263179807174737 0.00021531545812264634 6.073235633624352e-6 5.6264062518855195e-6 1.341289207747149e-6 7.392410012767875e-7 1.9519166518433694e-7 7.277350062293249e-8 2.395396464917332e-8 2.011324986218775e-8 
0.53  0.8325307968505298 0.1581714958318883 0.008288104416819793 0.00038848310764244147 0.00036041719312347183 0.00024565357701084587 6.3979869229997184e-6 5.995245509296395e-6 1.4551560307676691e-6 8.622622193824589e-7 2.1499219390284875e-7 7.675737706181111e-8 2.4584354819019527e-8 2.2038377597974572e-8 
0.54  0.8218059666794654 0.16889996521062495 0.008207484526638744 0.00040184757297773523 0.0003921289927749117 0.0002767678312311857 6.6181792085133515e-6 6.297029653042993e-6 1.574309513352451e-6 9.854246828570803e-7 2.3422254475533457e-7 8.100601178332726e-8 2.5132489033154888e-8 2.388218337814929e-8 
0.55  0.8113866495481065 0.17933293548716261 0.008124300551386127 0.0004213778500346863 0.00040972405098058237 0.00030848651429757107 6.7664429819108375e-6 6.558138604051539e-6 1.696113386775915e-6 1.1084931735671413e-6 2.5457683420818847e-7 8.534317848712352e-8 2.5633221170558074e-8 2.53744680751654e-8 5.882184034630542e-9 
0.56  0.8012921959713064 0.18944923625458596 0.00803953019023253 0.00044813205662198603 0.0004131908231727907 0.000340638986399237 6.845010841253365e-6 6.763945728938329e-6 1.8192474804715699e-6 1.2300495327988274e-6 2.693947537105493e-7 8.93004637416754e-8 2.710356645191808e-8 2.55117647823539e-8 6.153549042569824e-9 
0.57  0.7915233251519639 0.19924652821264793 0.007953669570818469 0.00047247216441746975 0.0004133264100620691 0.0003731386970726973 6.934821041515644e-6 6.874780951892934e-6 1.9442439064382237e-6 1.349866208392408e-6 2.826042130577848e-7 9.318704838546437e-8 2.8398984363636062e-8 2.5483120580900836e-8 6.407542189701412e-9 
0.58  0.7820708106366606 0.20873287711202074 0.00786694163593948 0.00049452974965488 0.0004109740298822927 0.0004059309903342843 7.077248274594019e-6 6.867102540341464e-6 2.070790819287276e-6 1.467749504400417e-6 2.943844177963962e-7 9.702078853315236e-8 2.9540231474408032e-8 2.538253042257543e-8 6.626401466584725e-9 
0.59  0.7729363409294003 0.2179055388203585 0.007779842673357101 0.00051438572741028 0.00043892005267668125 0.0004066975246830218 7.195384660856034e-6 6.828652965693105e-6 2.1984782577790247e-6 1.5833377178113357e-6 3.048985070316126e-7 1.0082705946981113e-7 3.0552741675071146e-8 2.526214488506882e-8 6.87805904411571e-9 
0.6  0.7641090703446913 0.22677458395910838 0.007692527393976344 0.0005321810299179853 0.00047206151614743395 0.00040101109689096286 7.293043058988536e-6 6.766176965558395e-6 2.326930280416442e-6 1.6960800131676778e-6 3.142241181078258e-7 1.0457292979204565e-7 3.143060036869416e-8 2.5100846812128213e-8 7.100453882074275e-9 
0.7  0.691520557828137 0.29985709679452627 0.006863751305626532 0.000798799224590126 0.0006212783946276364 0.00031868529927072217 7.567154951289575e-6 5.513056875745068e-6 3.592048162714343e-6 2.5913909771273333e-6 3.6310598074832275e-7 1.3846841219840874e-7 3.46156293923989e-8 2.247079477602552e-8 8.841437233654904e-9 
0.8  0.641538918370274 0.3503090610900053 0.00617193386242228 0.0010958958030383831 0.0006162170546725495 0.00024831747243163116 7.225634092288903e-6 4.708584633574361e-6 4.1267441651235065e-6 2.9899075079989997e-6 3.708530201849148e-7 1.6620234362625545e-7 3.2694821195267275e-8 2.002110546552526e-8 1.022957577463878e-8 5.475891026641913e-9 
0.9  0.60661783229271 0.3856177522242644 0.005615099408582549 0.0013531002911113645 0.0005757884899553049 0.00020154124404032545 6.678435641537432e-6 5.6059964532773854e-6 3.026635517768443e-6 2.950595009086885e-6 3.6448530020959894e-7 1.8889275449241414e-7 2.8865923861334338e-8 1.7444551281863472e-8 1.1367109722551978e-8 7.158763385582554e-9 6.1723118869319045e-9 
1.0  0.5816789412872414 0.4108665039970375 0.0051685917209664655 0.0015709636917116544 0.000525626359605691 0.00017151432126325807 6.27138890258876e-6 6.075463034088099e-6 2.661025772001431e-6 2.223475261053938e-6 3.5268080517685493e-7 2.0568643746519262e-7 2.49265028558715e-8 1.5033688260700688e-8 1.2108125685754274e-8 8.56890162490135e-9 8.26474330932509e-9 
1.1  0.5634597669317611 0.4293343816671998 0.004807074835984586 0.001754094060233843 0.0004758456300640951 0.0001520588749647162 6.709495686519302e-6 5.509676715651095e-6 2.2683141590923102e-6 1.6657474839993688e-6 3.3987568855160524e-7 2.18410172704926e-7 2.1357636445728495e-8 1.2798874049730072e-8 1.2583063517295997e-8 1.0241418705703323e-8 9.498892583779205e-9 
1.2  0.5498983678415453 0.4430971833647704 0.004512237747555623 0.00190727678780055 0.0004301228717774153 0.00013907549102488078 6.968344263244533e-6 4.99305781630106e-6 1.8760647244382496e-6 1.2788370496396183e-6 3.2774542764987823e-7 2.2804721706234186e-7 1.8412532434702136e-8 1.2828883828922148e-8 1.195695356751527e-8 1.0816386107626215e-8 9.784270827871896e-9 
1.3  0.5396169462762613 0.4535441127901379 0.004269227179116302 0.002035401337053741 0.000389425766975886 0.00013011607014549802 7.0784871290454334e-6 4.539703968856851e-6 1.5302619911002233e-6 1.0094131834443318e-6 3.1642097229760127e-7 2.351872272059117e-7 1.6360653256257895e-8 1.3370367085150758e-8 1.2872987147000046e-8 9.354308011857807e-9 9.147521958285639e-9 
1.4  0.5317175431655257 0.4615813904300008 0.00406719837534949 0.0021425961029382487 0.00035370270374704963 0.00012367919630322603 7.072810247833723e-6 4.148573768614624e-6 1.2438928650515825e-6 8.193394901463392e-7 3.0644558520148624e-7 2.4056654289627314e-7 1.5105097044406403e-8 1.4387935158415993e-8 1.278038879311996e-8 8.228164410655569e-9 7.896050245553038e-9 
1.5  0.5255585392318949 0.46785675865764315 0.0038978289715225424 0.0022324139532491323 0.0003225148080958934 0.00011885497484601055 6.9800630620114455e-6 3.81447739072692e-6 1.0140392505821431e-6 6.827590413730422e-7 2.9764100545001167e-7 2.4457980680236606e-7 1.5034355916517844e-8 1.435649532486147e-8 1.2557516313874852e-8 7.097255757068778e-9 6.7975686963471635e-9 
1.6  0.520707162701901 0.4728076301702062 0.003754708688333383 0.002307783384395228 0.00029530393803246926 0.00011507056718890886 6.82077276691396e-6 3.5300041686909637e-6 8.255493384317066e-7 5.804040510856896e-7 2.887517078410949e-7 2.4748800114128933e-7 1.531576603953094e-8 1.3313275117592648e-8 1.2199754746731428e-8 6.751113546583947e-9 
1.7  0.5168494965943028 0.47675114754781067 0.0036329827294790257 0.0023711430969648056 0.00027156163228465977 0.00011198844548848852 6.622590590203577e-6 3.289122381394867e-6 6.83915308272053e-7 5.058116520915748e-7 2.823707826680341e-7 2.4947376320753304e-7 1.5309872841986393e-8 1.2920774023111156e-8 1.1811726369928556e-8 6.626818591934875e-9 
1.8  0.5137564698613787 0.4799190920062178 0.003528714072165848 0.002424502653065326 0.000250776337153739 0.00010937195582731875 6.395127961905006e-6 3.08461831816131e-6 5.723784355070484e-7 4.4866126417203687e-7 2.764833140170364e-7 2.50313999397305e-7 1.5062114548884797e-8 1.2489727288394289e-8 1.1388068694111992e-8 6.590986763499855e-9 
1.9  0.5112610477488232 0.482480479925824 0.0034388661893941424 0.002469482144077883 0.00023253621109811087 0.00010707179097422262 6.151008998340014e-6 2.910509637825378e-6 4.843945144980755e-7 4.0411864149345867e-7 2.712502890906014e-7 2.504891178899542e-7 1.4621156867243416e-8 1.2045913306003265e-8 1.094206447655572e-8 6.60947479960741e-9 
2.0  0.5092348668193031 0.48456496897761686 0.003361234259189764 0.0025074451639751708 0.00021649495811030552 0.00010498716186989114 5.8993431204935595e-6 2.761524455216147e-6 4.1412289451218454e-7 3.682143280303917e-7 2.6663819492539654e-7 2.5021533284032623e-7 1.401276411142527e-8 1.1515860366702386e-8 1.0464866832923243e-8 6.6081173308138465e-9 
2.1  0.5075788146836148 0.48627361594576124 0.0032932049022426687 0.0025394937651323285 0.00020227627935264403 0.00010306672535651444 5.64484192749776e-6 2.6335698091067784e-6 3.5792595504417634e-7 3.386949565204058e-7 2.622499129343721e-7 2.4924991579410445e-7 1.3354245357533183e-8 1.1119960889739909e-8 1.003104285983432e-8 6.660813937946688e-9 
2.2  0.5062279443525113 0.4876714139852813 0.0032340459532380537 0.0025665873151539177 0.00018968960256367855 0.00010124823074572547 5.393183040413376e-6 2.5220933347396573e-6 3.134465355761692e-7 3.093777819799304e-7 2.56717285918521e-7 2.442746975423936e-7 1.2604500287864389e-8 9.56936477639816e-9 9.29396435523202e-9 
2.3  0.5051176832893416 0.4888242865610915 0.0031818923666307604 0.0025894638867720123 0.00017848523330175214 9.952448895404104e-5 5.148648808711086e-6 2.42551227322434e-6 2.909772026915598e-7 2.733183524026358e-7 2.531342264457039e-7 2.4279562814795474e-7 1.1832499118692371e-8 9.133767225926495e-9 8.821150107631401e-9 
2.4  0.5042108781441974 0.4897698788577484 0.0031358439164002804 0.002608764094444 0.0001684788151703873 9.78683437143868e-5 4.912779678154474e-6 2.340697692295478e-6 2.7245513604452024e-7 2.4994713303561547e-7 2.425177932372784e-7 2.4125892559452655e-7 1.1061238607461358e-8 8.718166815094828e-9 8.3925612171084e-9 
2.5  0.5034651320972509 0.49055111221148506 0.003095012177656971 0.0026250269963769236 0.0001595103374064939 9.626769174533741e-5 4.686796289601549e-6 2.2655933339279007e-6 2.5604662835733193e-7 2.470270738527963e-7 2.396114895050487e-7 2.167954584169356e-7 1.0303996865788569e-8 8.320021227029314e-9 7.993786759310337e-9 
2.6  0.5028528101573904 0.4911962218565589 0.003058543883240465 0.002638660566768779 0.00015143549839078294 9.471432729158668e-5 4.4710906575304135e-6 2.198547848544377e-6 2.4437569412634774e-7 2.413940682925209e-7 2.3779013634442404e-7 1.9528738692008482e-7 9.588127480288389e-9 7.951691718421959e-9 7.684747908709482e-9 
2.7  0.5023657762499556 0.49171312915994353 0.0030262482673796827 0.002650157817462579 0.0001441729623565264 9.32030249023991e-5 4.267508867652906e-6 2.1381540525930475e-6 2.4199961026663103e-7 2.361929036881525e-7 2.2794454962342956e-7 1.7693698536361871e-7 8.881221510997541e-9 7.583388316356399e-9 7.316420692835743e-9 
2.8  0.50198918682239 0.49211766397698414 0.0029971299313498716 0.002659673668540975 0.0001375848243367238 9.172936734801284e-5 4.07428154588737e-6 2.083343222200226e-6 2.4012457393419986e-7 2.3399896317192045e-7 2.1569713426518866e-7 1.6132972194687865e-7 8.232992275756158e-9 7.239674153017011e-9 7.16122309696919e-9 
2.9  0.5016598885669254 0.49247261193423697 0.002971135955489795 0.002667678357049116 0.00013162137287684133 9.029357709578485e-5 3.892898870468904e-6 2.033187462476175e-6 2.3801793849603623e-7 2.3251928942935598e-7 2.0434640421220783e-7 1.4791141122111214e-7 7.613153336653037e-9 6.907628640802353e-9 6.8341675693436855e-9 
3.0  0.5014033060013928 0.4927532239120244 0.0029476228673623113 0.002674243381771984 0.0001261857616865883 8.889180155525335e-5 3.721815727430925e-6 1.986956449852514e-6 2.3636934621871092e-7 2.30606541497492e-7 1.938493346254591e-7 1.3629660356271526e-7 7.043969908715975e-9 6.7463564016598115e-9 6.589877793574691e-9 
