#mmax= 10
#m-states: all states (FBR)
#Nr. of sites: 10

0.0  -0.0  0.0
0.1  -4.4669198174653095  0.4193180246490922
0.2  -20.789660586173316  0.9999990417551444
0.3  -44.78965962848863  0.999999999535143
0.4  -46.05416513491773  0.49495436028805334
0.41  -72.7896596280358  0.9999999999880084
0.42  -74.78965962802451  0.999999999999305
0.43  -76.9165876390669  0.8888148448218213
0.44  -46.83087340640944  0.3457278124558101
0.45  -76.93259125652386  0.8748460892724906
0.46  -72.78965962803515  0.9999999999886626
0.47  -74.7896596280241  0.9999999999997176
0.48  -74.78999503439941  0.9996646725771882
0.49  -77.54944345621392  0.6645043366179164
0.5  -76.80780955594206  0.9821766921883609
0.51  -72.80780955595232  0.9821766921782797
0.52  -75.89435856835219  0.5738204540512055
0.53  -112.78965962802381  0.9999999999999993
0.54  -74.81024076697453  0.9797944755110409
0.55  -77.62895617775004  0.6165842570511464
0.56  -111.49192294946293  0.7007124307595719
0.57  -116.93259125652372  0.8748460892726193
0.58  -79.0457668348134  0.7882147208864817
0.59  -77.63485457796327  0.6130057881253823
0.6  -114.78965962802381  1.0000000000000004
0.7  -115.48280764011214  0.707070833360423
0.8  -152.78965962802383  0.9999999999999989
0.9  -156.78965962802383  1.0
1.0  -162.92123883531454  0.8846952559592882
1.1  -160.9547115542084  0.8558528200885296
1.2  -194.78965962802383  1.0
1.3  -214.9165876390668  0.8888148448219267
1.4  -270.7896596280238  1.0000000000000004
1.5  -211.48280680858377  0.7070714214274965
1.6  -262.7896596280238  0.9999999999999996
1.7  -274.7896596280238  0.9999999999999999
1.8  -217.55686667942624  0.659642540228925
1.9  -274.7896596280238  0.9999999999999997
2.0  -342.7896596280238  0.9999999999999994
2.1  -214.91689462246163  0.8885420498939891
2.2  -276.7896596280238  1.0000000000000013
2.3  -260.79213531316157  0.9975301940623582
2.4  -410.7896596280238  Inf
2.5  -270.7896604595522  0.9999991683891565
2.6  -276.79000117652976  0.9996585319297282
2.7  -270.92094470203017  0.8849554968995833
2.8  -480.7896596280238  Inf
2.9  -342.7896596280238  0.9999999999999992
3.0  -498.7896596280238  Inf
3.1  -324.7896596280238  1.0
3.2  -412.7896596280238  Inf
3.3  -270.91881466653194  0.8868400583413504
3.4  -410.7896596280238  Inf
3.5  -398.7896596280238  Inf
3.6  -488.7896596280238  Inf
3.7  -418.7896596280239  Inf
3.8  -386.7896596280238  Inf
3.9  -334.8078095559416  0.9821766921887765
4.0  -343.88849553343977  0.5771634305740105
4.1  -390.7896596280238  Inf
4.2  -414.7896596280238  Inf
4.3  -324.78971117083756  0.9999484544092525
4.4  -334.7899950343967  0.999664672579884
4.5  -412.8078095559416  Inf
4.6  -486.7896596280238  Inf
4.7  -408.7896596280238  Inf
4.8  -340.78967358146974  0.9999860452943614
4.9  -418.7899950343967  Inf
5.0  -406.79213531316157  Inf
