#mmax= 10
#m-states: all states (FBR)
#Nr. of sites: 10
 
0.0  1.0 
0.1  0.996828841239517 0.0025555794964620586 0.0006153225275062069 1.571627880305544e-7 9.957372740399496e-8 
0.2  0.9866744422076646 0.010979944117428902 0.0023398266054946927 2.7768074269747095e-6 1.7039215591470175e-6 1.3063404258562593e-6 
0.3  0.9667597306003988 0.02842162344991054 0.004767747425935262 2.2711307996121584e-5 1.74930005675505e-5 1.0174732545023386e-5 2.208857435775035e-7 1.7873273539758528e-7 1.1072027840435241e-7 9.143889700856425e-9 
0.4  0.9276134428712459 0.06498045531159773 0.007059682955710217 0.00020557319286608746 8.642351962658163e-5 4.8486152437042904e-5 2.9335015815988774e-6 2.2062549706657267e-6 4.4952600777216354e-7 2.5732282636878386e-7 3.479301359252899e-8 3.334430265641995e-8 2.1253813942191106e-8 
0.41  0.9217881710122369 0.07056890808276015 0.0072306516327349905 0.0002467393568159072 0.00010135237374944525 5.7001552179570004e-5 3.574365419348954e-6 2.670921994043816e-6 5.025504347935824e-7 3.183527730888898e-7 4.379450963013964e-8 4.1293812180465e-8 2.4710581343657675e-8 
0.42  0.9154613557776597 0.07666600906116527 0.007383975373178906 0.0002940461992666613 0.00011887420124080889 6.714846568615372e-5 4.308809914278546e-6 3.1970950004809084e-6 5.566596263473753e-7 3.9445161945778815e-7 5.4676221989651816e-8 5.105976590719437e-8 2.8169654616025168e-8 
0.43  0.9085866115881442 0.08331904258990724 0.007517886025079657 0.0003476043900985915 0.0001393855059653889 7.925177722256134e-5 5.148584794955761e-6 3.7816775033918035e-6 6.191729109507109e-7 4.943502431978791e-7 6.839729719736537e-8 6.437165375181451e-8 3.194591505346079e-8 9.623263978119916e-9 
0.44  0.901127795500714 0.09056552601895164 0.007630892053050612 0.0004069141789015723 0.00016323121508450374 9.365233043007954e-5 6.061864488520483e-6 4.416596101337595e-6 6.877438396655746e-7 6.050179424880791e-7 8.45341899717772e-8 7.866814037902557e-8 3.590819079671254e-8 1.1687210563392814e-8 6.682763914180646e-9 
0.45  0.8930414298368435 0.09845016288469678 0.007721476296449495 0.0004715494451911669 0.00019075786894229304 0.00011075565000106382 7.041537692441004e-6 5.093395284403737e-6 7.524274688758122e-7 7.304061533381704e-7 1.024430344561451e-7 9.397875206425336e-8 3.9919326188743835e-8 1.3910162625260692e-8 
0.46  0.8842934289141463 0.10700895404403875 0.0077880086791408355 0.0005404764213485974 0.00022227957451809798 0.00013098433134922318 8.071067246907552e-6 5.799842453798621e-6 8.743834061173829e-7 8.298843866591108e-7 1.2271483454734632e-7 1.0988527261876844e-7 4.4080558369475726e-8 1.617729769409109e-8 
0.47  0.874831568600665 0.1162951414502452 0.007828811204850928 0.0006133839005663395 0.00025819708501472355 0.000154882092721906 9.155853208974148e-6 6.538267150739156e-6 1.0461362767692187e-6 9.194534529189697e-7 1.5033472427818784e-7 1.3395020094230784e-7 4.871793400563562e-8 1.8018681867690054e-8 4.9343057306708144e-9 
0.48  0.8646670517102402 0.12630011305046676 0.007843780771294603 0.0006875994139484711 0.00029843297548078345 0.00018279352282597449 1.0263218317324932e-5 7.264097392472121e-6 1.2485460517367212e-6 1.0269224126913733e-6 1.7176295300858888e-7 1.5830149817523732e-7 5.2895351721884545e-8 2.4129650438902902e-8 1.2737615456646046e-8 5.944501904184973e-9 
0.49  0.85376515586839 0.13706012048759272 0.007831771512633937 0.0007621780607899971 0.00034302310906803246 0.00021529457675873898 1.1345442716611037e-5 7.995944308222306e-6 1.4782903513247604e-6 1.1422484732950794e-6 1.9703060759313992e-7 1.8218663950524348e-7 5.734774875973121e-8 2.8156088183409125e-8 1.446804262680327e-8 8.18420490864328e-9 7.085586829562338e-9 
0.5  0.8421817602665725 0.14852186582307977 0.007793878236481167 0.0008338300141518168 0.0003914295925204174 0.0002526160583222582 1.2390270185440649e-5 8.687677331173106e-6 1.714181149537627e-6 1.2759301268157122e-6 2.2901078035830866e-7 1.9735022774703883e-7 6.186548412450397e-8 3.235159442375281e-8 1.6503650263495672e-8 7.780024983703206e-9 7.088317333463382e-9 
0.51  0.8299127940512313 0.16069052077625012 0.007729732838296196 0.0009016796374626353 0.00044332519019380114 0.00029522126970997796 1.3366001041869835e-5 9.338082723470222e-6 1.9907139170548825e-6 1.4267403922304406e-6 2.5292890484171366e-7 2.1437144775970246e-7 6.590637487447196e-8 3.68250163462418e-8 1.8263347215485176e-8 8.601718129358275e-9 7.801971690677468e-9 
0.52  0.8170252003312918 0.17350073015630604 0.007640813112374808 0.0009633804486490484 0.000497844070780169 0.00034329183483402175 1.4256222714229856e-5 9.935492502321717e-6 2.2957146806931e-6 1.599621236008563e-6 2.7520625785731737e-7 2.285615313340172e-7 6.998030485231224e-8 4.1351849980423954e-8 1.9958966339315647e-8 9.399210990953345e-9 8.536509398348118e-9 
0.53  0.8036021011436857 0.18687039199925579 0.007528938515566553 0.0010171235233404066 0.0005538988144801106 0.00039687231080420626 1.5040870508474896e-5 1.0485302689407154e-5 2.6410764842346466e-6 1.795891498452152e-6 2.931560582998366e-7 2.450144243671309e-7 7.395055213856211e-8 4.615036561993422e-8 2.1537037475820045e-8 1.1121049795301027e-8 1.0318313968471789e-8 9.303883576238558e-9 
0.54  0.789738674808353 0.20070512834698784 0.00739624177635344 0.0010614018639037318 0.0006102663522078985 0.0004558766960480188 1.5703900483021386e-5 1.0947836473229424e-5 3.0012381801462997e-6 2.0131728360267038e-6 3.0734475757987727e-7 2.528585244390237e-7 7.725620720722854e-8 5.103990227910901e-8 2.2936792655060373e-8 1.1538437491133971e-8 1.1040995656669758e-8 9.992555792933042e-9 
0.55  0.7755659788640279 0.2148732888803898 0.007245815559734018 0.0010954401529743414 0.0006654896005812235 0.000520005244791723 1.623255027549795e-5 1.1339237857925143e-5 3.3863832692200766e-6 2.2522871594181113e-6 3.1755796864008414e-7 2.589958823391085e-7 8.031258604072419e-8 5.553007563649098e-8 2.4165456543721746e-8 1.2099456304841283e-8 1.1892757948730884e-8 1.0684756188218148e-8 
0.56  0.7611830055968098 0.22927533919177973 0.007080105664738264 0.0011188608004965405 0.0007183855038199455 0.0005889510674282194 1.662380490929611e-5 1.1648055989407247e-5 3.7829637478991546e-6 2.5112394031826856e-6 3.24074160652402e-7 2.5828752287263825e-7 8.297050628781362e-8 5.96828480247883e-8 2.5138757823473917e-8 1.2482027219738377e-8 1.2171411839866366e-8 1.130364339900012e-8 
0.57  0.746741996686452 0.24375735992275305 0.006902701599307499 0.0011317890339176157 0.0007675320111472611 0.0006620810407281037 1.688065780924631e-5 1.188342248862468e-5 4.192992699610548e-6 2.7875742033702164e-6 3.2710803504215555e-7 2.5566394667066694e-7 8.534817003288214e-8 6.370031905307563e-8 2.592241949374333e-8 1.3119259581711596e-8 1.2299858221104002e-8 1.1896484923716944e-8 
0.58  0.732386742778675 0.25817385541889387 0.006717056190829551 0.001134515826333338 0.0008116878198420342 0.0007386270486700746 1.699825837733464e-5 1.2043798286261064e-5 4.6017002186369765e-6 3.077196972974903e-6 3.270637384231772e-7 2.4826367314427693e-7 8.736419733232717e-8 6.684555161885997e-8 2.639261388991456e-8 1.3469153609462178e-8 1.242668089452359e-8 1.2137292208827134e-8 
0.59  0.7182600691241423 0.2723792435927406 0.006526647322283187 0.0011280980396022825 0.0008498831209878243 0.0008177511984814245 1.6991276009159125e-5 1.2142369720710483e-5 5.008099994390446e-6 3.376512653271075e-6 3.2446633344661896e-7 2.40242602479204e-7 8.922053714099937e-8 6.95093020198531e-8 2.6698455566253077e-8 1.409119321025735e-8 1.2930400850968051e-8 1.2184561371139788e-8 
0.6  0.7044123058000543 0.2863205819342653 0.006333153150718369 0.0011141021199699702 0.0008990303579913309 0.0008819069703632431 1.6875411198957348e-5 1.218038301781536e-5 5.402978908544241e-6 3.6824064405313537e-6 3.1980963735411616e-7 2.2954889827914478e-7 9.077990852557688e-8 7.151281520597612e-8 2.678540797118397e-8 1.4577612264325385e-8 1.3375073917891946e-8 1.2097719103831013e-8 
0.7  0.5970590405631927 0.39489239291154804 0.004669666692732207 0.001666680185242721 0.0008806055410096165 0.0007939507578670558 1.2400088661759493e-5 1.0835475356410991e-5 7.551039048975495e-6 6.311795713917112e-6 2.3461086243911221e-7 1.0576616258677227e-7 9.784380535847095e-8 6.027773089641156e-8 2.229126018673173e-8 1.596059131456502e-8 1.4964060943426617e-8 1.3235153351980698e-8 
0.8  0.5440206191625298 0.4488405307827802 0.0037472662893238296 0.002162710454025917 0.0006594393455434198 0.0005382936732458777 9.10941990850141e-6 7.720226794148087e-6 7.396131124133308e-6 6.498947870924743e-6 1.7064067780964845e-7 9.829467938034145e-8 4.565531657590003e-8 3.6508334071934557e-8 1.8658129694249418e-8 1.7184173948790674e-8 1.6128084366113244e-8 1.2497457120841328e-8 
0.9  0.520043544668432 0.4733333744686794 0.0032846956366158046 0.002425609732445382 0.00048674664651514413 0.0004009390762233035 7.89189201690714e-6 7.430507220281044e-6 4.797099418102488e-6 4.626637308919291e-6 1.3549184046068177e-7 9.671005833418484e-8 2.6248401038763877e-8 2.3685229317167242e-8 1.808053806083154e-8 1.79342657927978e-8 1.5545173742121806e-8 9.939619499533212e-9 
1.0  0.5088643293581362 0.48481771206029367 0.003039879492818384 0.002557099926518577 0.0003771744926572157 0.00032323218366727715 7.034490988778266e-6 7.021086264263798e-6 3.1324243638729566e-6 3.0925143798699344e-6 1.1548051995868969e-7 9.181858798292646e-8 1.854113617608093e-8 1.839232724097919e-8 1.8284545158602236e-8 1.7813025871662836e-8 1.1639769776758675e-8 
1.1  0.503409073359221 0.49047224641387216 0.0029002848389387908 0.0026195613135522313 0.0003073650984621896 0.0002741359967250621 6.508232197818993e-6 6.348755029467988e-6 2.137803458060309e-6 2.083865860707385e-6 1.0066120273250758e-7 8.914669218303798e-8 1.808382186785509e-8 1.7982902092910873e-8 1.4395632665340896e-8 1.4052430282915176e-8 
1.2  0.500621023395182 0.4934023112640572 0.0028143929652864126 0.0026464865271089454 0.0002606851411496365 0.00024011908850657933 5.976917532629523e-6 5.796141344900462e-6 1.5036959538212892e-6 1.4667005778587338e-6 9.333934865203711e-8 8.671476049670785e-8 1.7783941669393178e-8 1.741683018015178e-8 1.1470593551574041e-8 1.1437826314179383e-8 
1.3  0.49914708586023965 0.4949841173749128 0.0027579851454025725 0.0026548906449109524 0.0002278161780613241 0.00021489339756148294 5.486534758435224e-6 5.325591565791928e-6 1.097954063594613e-6 1.0764104927692047e-6 8.860404020366203e-8 8.459485114545247e-8 1.6875714825802854e-8 1.6562556053022034e-8 9.209958364165854e-9 9.0609112630978e-9 
1.4  0.4983434045559568 0.49587365444364606 0.002718502003142845 0.0026538002991661393 0.00020352739526472433 0.00019528058089558105 5.0478437590223975e-6 4.9174135310371456e-6 8.31763574864257e-7 8.200727371891072e-7 8.520067455211317e-8 8.270647023295903e-8 1.5754124488159606e-8 1.5531023768528887e-8 7.314153329580545e-9 7.121879376026902e-9 
1.5  0.49789767340861707 0.4963901038113787 0.0026893238886437905 0.0026478959859186665 0.00018482701464775172 0.00017948256234689554 4.659926382340847e-6 4.557216096405998e-6 6.438547868456514e-7 6.35212326180849e-7 8.254233773043132e-8 8.097872974021227e-8 1.4670470530702595e-8 1.4505616897823456e-8 4.421701516697317e-9 
1.6  0.4976518373574448 0.4966954600473466 0.0026667385148910422 0.0026397299099372123 0.00016998059342417064 0.00016646457014235914 4.320751876954924e-6 4.242126654217132e-6 5.211780558780712e-7 5.146543123326915e-7 8.046531670726344e-8 7.94506538029702e-8 1.3529558026108506e-8 1.3397763741385715e-8 3.452622367798691e-9 
1.7  0.49750902606868863 0.4968894442117444 0.002648525861945715 0.0026306451503742487 0.00015784596896469601 0.00015549852506423234 4.020698629011094e-6 3.9633275086997314e-6 4.2509183732770127e-7 4.2364792424241755e-7 7.86921445017559e-8 7.80512882019049e-8 1.2397154028199758e-8 1.2306732385846159e-8 
1.8  0.4974263221925913 0.4970166973554979 0.0026333800902796013 0.0026213706542345555 0.0001477225066598351 0.00014613605348855205 3.7583181368481834e-6 3.715632892654627e-6 3.6053911021414795e-7 3.5995538694431256e-7 7.72410194330341e-8 7.681834523748481e-8 1.1365980062710092e-8 1.1276377428097149e-8 
1.9  0.4973840317539264 0.49709825496542853 0.0026204605402614847 0.002612280874738493 0.00013912010118210977 0.00013803487100674363 3.5266395562404872e-6 3.494928858297279e-6 3.115195218145519e-7 3.113651869139062e-7 7.599026529584971e-8 7.570722135006286e-8 1.0431732040889832e-8 1.0311114103416817e-8 
2.0  0.4973663691810824 0.49715088781956057 0.002609205566167459 0.002603556591556602 0.00013169879754277672 0.00013094824878865383 3.3210058656181753e-6 3.2974539652379696e-6 2.7338195485994774e-7 2.732631125312441e-7 7.49036472164549e-8 7.471179945358002e-8 9.58714157449455e-9 9.487815999472642e-9 
2.1  0.49736520787649247 0.4971834334446728 0.00259925326774468 0.002595287106264022 0.00012521753123773732 0.00012469275392054874 3.1377954733185113e-6 3.1202624211693417e-6 2.4247598446641396e-7 2.4228376898808837e-7 7.390111595778567e-8 7.376949391505786e-8 8.79087838482112e-9 8.740532093069939e-9 
2.2  0.49737018318293724 0.49720683311188824 0.0025903315427596605 0.002587494912436422 0.00011949846006178678 0.00011912774122707526 2.9736269463523533e-6 2.9605337228971375e-6 2.1752257983762703e-7 2.1730636525568785e-7 7.304144992957903e-8 7.294902789335315e-8 8.087854043361482e-9 7.980743370747712e-9 
2.3  0.4973874149992547 0.49721540357706057 0.0025822766290088785 0.0025801600456094365 0.00011440768370904736 0.00011414250116580122 2.8259750680127287e-6 2.8161552224238403e-6 1.9670513776324935e-7 1.9649388480382512e-7 7.224765682479538e-8 7.218025716118744e-8 7.443385218012919e-9 7.363579166452382e-9 
2.4  0.49739932151910293 0.49722708808842825 0.002574921014321288 0.002573284958003385 0.00010984177733817628 0.00010964998178317024 2.6925747700291867e-6 2.6851804734106567e-6 1.791876261496649e-7 1.7899654564369058e-7 7.152711354004796e-8 7.147662129091627e-8 6.861993509208374e-9 6.855878826818859e-9 
2.5  0.49740835243364956 0.4972398029156644 0.002568140109012275 0.002566824725297582 0.0001057171492845323 0.00010556966703600035 2.5632537203351577e-6 2.557063769423472e-6 1.63587233001282e-7 1.618469181683391e-7 7.083143913064158e-8 7.080349416871353e-8 5.613482463507413e-9 
2.6  0.49741870515114234 0.4972494541165878 0.002561893897751946 0.0025607645885889338 0.00010196659589662061 0.00010186796920127076 2.4577409898426916e-6 2.444321561182181e-6 1.504765463311852e-7 1.4942467969824174e-7 7.024098038539113e-8 7.020048713831646e-8 5.275586707499258e-9 
2.7  0.4974301239131743 0.49725653585072976 0.0025561117267240284 0.0025550728453620024 9.855372754037743e-5 9.847711347667685e-5 2.3559629280979273e-6 2.3467950665826704e-6 1.3940493756263383e-7 1.384043124132015e-7 6.970323973225144e-8 6.965254215254075e-8 4.899965591484167e-9 
2.8  0.49743834204505916 0.4972655244555871 0.002550694210328386 0.0025497302273245624 9.542743888359629e-5 9.536068437945244e-5 2.262781801715216e-6 2.256867673610327e-6 1.2979863400915185e-7 1.2859766689240062e-7 6.917559721021124e-8 6.91530713943373e-8 4.563992767588841e-9 
2.9  0.4974532988753066 0.4972666062158419 0.002545659910921658 0.002544662378696282 9.254400401164586e-5 9.249424690157786e-5 2.180143835733927e-6 2.171093780844389e-6 1.2122176374445695e-7 1.201587833267861e-7 6.872234114759467e-8 6.868848163396265e-8 4.339334866497496e-9 
3.0  0.49746043409172563 0.4972744427276446 0.0025409061786013766 0.0025399301715872897 8.988412341994716e-5 8.984084414816257e-5 2.1015090964779706e-6 2.0937526093306843e-6 1.1351606299990968e-7 1.125523251974676e-7 6.826855276368307e-8 6.823068090537875e-8 4.033544352654092e-9 
3.1  0.497467555607807 0.4972813786314069 0.002536410850551062 0.0025354552121431844 8.74176807496822e-5 8.73795857053183e-5 2.0275424794626614e-6 2.0230619538713077e-6 1.0676244699836036e-7 1.0567480574881619e-7 6.78344377823264e-8 6.782021091954817e-8 3.735301971854005e-9 
3.2  0.4974762771051264 0.49728585325872393 0.002532183567311174 0.0025312168577470372 8.512480039694503e-5 8.508928306454524e-5 1.9601147741692187e-6 1.9563202621066904e-6 1.0065348307215596e-7 9.962190309793213e-8 6.744412935906437e-8 6.74244751496499e-8 3.548602394141771e-9 
3.3  0.49748420777994434 0.49729040544484115 0.0025281725819104144 0.002527177928151698 8.298475659935289e-5 8.294821042053862e-5 1.891795880917109e-6 1.890149385019403e-6 9.375340645803575e-8 9.347613795604053e-8 6.708098858808222e-8 6.704233344140969e-8 
3.4  0.49749109518378243 0.4972952447161916 0.0025243724510184353 0.002523376085554166 8.098478319027583e-5 8.095144284756083e-5 1.8328406579799462e-6 1.8319511401119161e-6 8.865760452112359e-8 8.851250104967688e-8 6.670547360473435e-8 6.66700391789327e-8 
3.5  0.49749609562424524 0.49730133934361515 0.002520752204444358 0.0025197631980801286 7.911219477425002e-5 7.90803085264733e-5 1.7785178825521997e-6 1.7777117848435895e-6 8.41460341269772e-8 8.404157748369076e-8 6.636825436110466e-8 6.634078068347571e-8 
3.6  0.49750559869998134 0.49730235040482157 0.0025173266804190586 0.002516301245592891 7.73541821892281e-5 7.732221032849993e-5 1.7276142579868139e-6 1.7268522264559316e-6 8.002739929132341e-8 7.998951166202734e-8 6.606492248545589e-8 6.602834971516667e-8 
3.7  0.49750950416068307 0.4973084165642953 0.002514041651700104 0.002513027714467362 7.569896946077668e-5 7.566820142218069e-5 1.6797814096588203e-6 1.6790676095385184e-6 7.623370396313508e-8 7.615671967008392e-8 6.576519218011126e-8 6.573333639957149e-8 
3.8  0.49751487583343207 0.49731252676939197 0.002510913401924004 0.002509891679509976 7.413858375074139e-5 7.410824246879733e-5 1.6348725904304737e-6 1.6341801151812004e-6 7.279224061538448e-8 7.270833401257619e-8 6.548212920116886e-8 6.54541128049386e-8 
3.9  0.4975197632543715 0.4973166669519335 0.0025079203174726877 0.002506896582604988 7.2664479497806e-5 7.263469990716396e-5 1.5924332771413932e-6 1.5917636022916591e-6 6.959320389008292e-8 6.952353308621708e-8 6.521298768185719e-8 6.518760759375057e-8 
4.0  0.4975248865598848 0.49732015113445266 0.002505058349852349 0.002504027037892488 7.126956624312506e-5 7.124012656589287e-5 1.5523987954922516e-6 1.551743085295443e-6 6.664974197960195e-8 6.654215750133104e-8 6.495971415887323e-8 6.493161329332014e-8 
4.1  0.4975291835212572 0.49732407162647274 0.002502312320017957 0.0025012808900036648 6.99475389024659e-5 6.991865113068797e-5 1.5144613751195983e-6 1.51382630057454e-6 6.471242145300932e-8 6.468701827447809e-8 6.390229598871796e-8 6.386280454567783e-8 
4.2  0.4975342691602451 0.4973268419348741 0.0024996836021963643 0.0024986407229292277 6.869259189388952e-5 6.866387492084845e-5 1.478566909669583e-6 1.4779402535518717e-6 6.447948072148474e-8 6.445015134345839e-8 6.136366470050054e-8 6.131248081241658e-8 
4.3  0.497537806697882 0.49733082383752825 0.002497151241278939 0.0024961128221473116 6.749937605084869e-5 6.747128052305564e-5 1.4444701651519844e-6 1.4438634570223892e-6 6.424964802722782e-8 6.422551626840249e-8 5.8990663623097616e-8 5.894514026960847e-8 
4.4  0.49754301685531355 0.4973328173182612 0.0024947276914091 0.002493673121769264 6.636398903993077e-5 6.633590447954301e-5 1.4120887868804564e-6 1.411485832540701e-6 6.403619321869567e-8 6.400646546519884e-8 5.676996680836643e-8 5.673248237790122e-8 
4.5  0.49754643983599545 0.4973363037535799 0.002492386739532053 0.0024913345157387386 6.52816669652881e-5 6.525408724325398e-5 1.3814606607249563e-6 1.3808697732636686e-6 6.383945962732689e-8 6.381504946375117e-8 5.47404036263904e-8 5.4675599188520094e-8 
4.6  0.4975501249502637 0.4973392540322609 0.002490135007803473 0.0024890795466506617 6.424876339356539e-5 6.422151464023186e-5 1.352013590659006e-6 1.351435901146083e-6 6.363039607445171e-8 6.36035553798471e-8 5.276866330259003e-8 5.273288150993427e-8 
4.7  0.4975539580313033 0.4973418001326691 0.0024879648140668327 0.002486903794182217 6.326194761672149e-5 6.323494870758647e-5 1.3240838623905386e-6 1.3235148540237893e-6 6.344627536455154e-8 6.341241547323401e-8 5.0958176138604457e-8 5.091587034965961e-8 
4.8  0.49755720001413395 0.49734469374973567 0.0024858694084082178 0.0024848080261855345 6.231810576816682e-5 6.22914869603289e-5 1.2974083153062192e-6 1.2968508611550288e-6 6.325584566077425e-8 6.322899891762757e-8 4.925021613772657e-8 4.921457009519519e-8 
4.9  0.49756041639758786 0.497347386522619 0.0024838466025589164 0.002482783311095255 6.141438788955082e-5 6.138808359872763e-5 1.2719247473830138e-6 1.2713763558968795e-6 6.308473784740753e-8 6.305245612828936e-8 4.7645358046929075e-8 4.761099499627923e-8 
5.0  0.4975636954216051 0.49734980225882236 0.0024818930261546195 0.0024808262553991716 6.054824368888303e-5 6.0522205517032735e-5 1.2475500972101686e-6 1.2470101804799282e-6 6.291443016138555e-8 6.288223695443211e-8 4.6132945118113264e-8 4.6098922583290356e-8 
