#mmax= 5
#m-states: all states (FBR)
#Nr. of sites: 50
 
0.0  1.0 
0.1  0.9968294406510928 0.002554930561902194 0.0006153721534451344 1.5709772704632369e-7 9.953583277511515e-8 
0.2  0.9867309426583513 0.01092050501461458 0.002343108484854378 2.749656601651679e-6 1.6934644141494976e-6 9.875526273488534e-7 1.3168536558244938e-8 
0.3  0.9675933658553824 0.02756204518437137 0.0048067178206027475 1.6344870869888842e-5 1.1525092422499344e-5 9.687869852456388e-6 1.1165802902817993e-7 1.0262649505528017e-7 9.902197457015954e-8 
0.4  0.9340204698517647 0.05850218278073495 0.007302509587762438 6.744865174642634e-5 6.639454729104964e-5 3.8602996290783794e-5 9.222382264060274e-7 9.218771188255692e-7 4.5289300471683304e-7 5.03225114992886e-8 2.302833221324881e-8 2.1225215575084518e-8 
0.41  0.929419256712028 0.0628663385962259 0.007512989010028604 7.884435160209802e-5 7.568043261117836e-5 4.405101441418602e-5 1.1110134156580261e-6 1.1110004455109011e-6 5.020306406866426e-7 6.327900130108129e-8 2.8097758575815764e-8 2.446182820841732e-8 
0.42  0.9244997783347022 0.06755782538013078 0.007710506122691344 9.200226292893881e-5 8.622368747816098e-5 5.0287688190407325e-5 1.3384769083904562e-6 1.3317670607401743e-6 5.550860559670996e-7 8.130650286529837e-8 3.450280323699644e-8 2.811234691201534e-8 7.272199990015873e-9 
0.43  0.9192232827682312 0.07261704826624718 0.007892923056485864 0.00010710295179891484 9.821056348813014e-5 5.745194758884817e-5 1.599842381500125e-6 1.5865943060181772e-6 6.100883240107169e-7 1.0170829550643148e-7 4.182697828824169e-8 3.195272645101104e-8 8.433148191020689e-9 
0.44  0.9135385000245356 0.07809664674327892 0.008057968816876312 0.00012456999213454923 0.00011190201962494014 6.573249693162107e-5 1.9068092572464228e-6 1.8811063430800314e-6 6.68145060231212e-7 1.2731503033208425e-7 5.067588537618013e-8 3.607709769658056e-8 9.777944088491522e-9 
0.45  0.907379802123034 0.08406388834869699 0.008202954536969216 0.0001448443695443932 0.00012762919491486106 7.537274972586719e-5 2.2672168588365908e-6 2.2199418700169662e-6 7.401840321853563e-7 1.596966271148747e-7 6.133566858483002e-8 4.067093652769588e-8 1.1505253899734539e-8 8.12586749052167e-9 
0.46  0.9006533094317016 0.09061490520707983 0.008324227344759474 0.00016855130925946577 0.00014584135557057015 8.671047392383102e-5 2.6962740036382975e-6 2.608928857294978e-6 8.066983312120809e-7 2.009030332606029e-7 7.417007738750031e-8 4.52866870776628e-8 1.3297635496818907e-8 9.319079384734287e-9 
0.47  0.8932179801731868 0.09789345992178207 0.008416904655389005 0.00019666129731025573 0.00016719299727809906 0.00010024804204897925 3.19978964655138e-6 3.0565299360268302e-6 8.775557467866099e-7 2.535657424193421e-7 8.942448449514615e-8 5.008485276580432e-8 1.5298029390852943e-8 1.0664566279692639e-8 
0.48  0.8848735594869883 0.1061036998804102 0.008474345701958645 0.00023024746802922613 0.0001926078387403908 0.00011670874608484326 3.7945256744107657e-6 3.5686116660946566e-6 9.541508008846325e-7 3.217423660443724e-7 1.0727049023363752e-7 5.488159090316283e-8 1.7474394934626902e-8 1.222080509345571e-8 
0.49  0.8754393973601655 0.11543111939584406 0.00849036378913342 0.0002691265376780916 0.0002228341588638706 0.00013688712763249892 4.4657232235274825e-6 4.135565209439686e-6 1.0393933844471295e-6 4.0890126219604894e-7 1.2854309261445422e-7 5.969091374142012e-8 1.9746391272234228e-8 1.406720511363178e-8 
0.5  0.8649809513883047 0.12581360658523114 0.008465719413599441 0.0003096309957057141 0.00025731586261456397 0.0001610262371759279 5.1379462126091945e-6 4.710960025557359e-6 1.1333252132127955e-6 5.138875356567435e-7 1.5142858079927883e-7 6.416995999317663e-8 2.169729173991908e-8 1.610254846785821e-8 
0.51  0.8539976568547344 0.13674870688531526 0.008413891413828792 0.00034512005510953806 0.00029341462216938066 0.00018812577768734923 5.705808963648831e-6 5.2286439506109045e-6 1.2362193456044513e-6 6.292177311390976e-7 1.74588195303504e-7 6.851338587464369e-8 2.3167445783827512e-8 1.8232137422186845e-8 
0.52  0.8429575910242221 0.14776206112863516 0.008348098128509389 0.0003722795202145759 0.0003287566854432922 0.0002170123351253889 6.13280281875722e-6 5.661815168340327e-6 1.3449821347175125e-6 7.486377901870999e-7 1.9597116741253728e-7 7.26307421317872e-8 2.4082625750597162e-8 2.0255403093433e-8 
0.53  0.8321088610511324 0.1586000357621688 0.008275681285777058 0.00039121174230064335 0.0003621366341195349 0.0002469564456221424 6.433967304744849e-6 6.016590606571205e-6 1.458180045141815e-6 8.691450396532255e-7 2.156793187295328e-7 7.667517652995787e-8 2.468735495716761e-8 2.2154033348508273e-8 
0.54  0.8215281528784654 0.16918246171909848 0.008199218800978817 0.0004034215989097397 0.0003932104077956516 0.0002776603560674039 6.637744124849538e-6 6.3082165589242385e-6 1.5752059143703815e-6 9.898494540659704e-7 2.3355968604219755e-7 8.07097249900689e-8 2.5052514456606e-8 2.3900706106476252e-8 
0.55  0.811218396188914 0.1795042082910985 0.008119245648140299 0.00042200229092830265 0.0004105518866301034 0.00030905012755517053 6.776189691195089e-6 6.563971101694856e-6 1.6974078700333348e-6 1.1111670141698827e-6 2.546364547486388e-7 8.528160187919166e-8 2.565970833911454e-8 2.5368453315718668e-8 5.8848388446108085e-9 
0.56  0.8011971292937788 0.18954611763044335 0.008036636897984319 0.00044846370780571467 0.00041359869971644515 0.00034096905764917113 6.849526035632169e-6 6.766579639988156e-6 1.819981688548429e-6 1.231406422630379e-6 2.6935974240603746e-7 8.92166462203268e-8 2.709062715396779e-8 2.5408883913210283e-8 6.142935128979727e-9 
0.57  0.7914681759314116 0.19930275669319486 0.007951982416829753 0.0004726568488434552 0.00041354517743376644 0.00037333798699508094 6.936187696780142e-6 6.877359511867331e-6 1.9447314247123787e-6 1.3507030516581228e-6 2.825859404772917e-7 9.314811707534866e-8 2.8393402297257766e-8 2.54525536737867e-8 6.383593363046903e-9 
0.58  0.7820423420913561 0.20876194426462827 0.00786605423608032 0.0004946163057111732 0.0004110677177798611 0.00040603715522986254 7.077783955269128e-6 6.8680416182883615e-6 2.0711007716316904e-6 1.4682889563670405e-6 2.943976743890512e-7 9.702311079183877e-8 2.955103152087408e-8 2.539651139277615e-8 6.64558472368949e-9 
0.59  0.772919929145927 0.2179223117621457 0.0077793259891378065 0.0005144310494301874 0.00043898328288009293 0.00040674364041492036 7.195610998611822e-6 6.828934005143655e-6 2.198607709579159e-6 1.5835742043465622e-6 3.0488540847783854e-7 1.0082137284988362e-7 3.0554326655976435e-8 2.5262433994038742e-8 6.879604589273958e-9 
0.6  0.7641011846836221 0.2267826524438774 0.00769227492994856 0.0005322006904903822 0.00047209280049348846 0.00040102943086740513 7.293105403733377e-6 6.766247537652885e-6 2.3270353718034916e-6 1.696197096164588e-6 3.142330671570435e-7 1.0457252863589316e-7 3.143571753862405e-8 2.5093700581166325e-8 7.1002770277536e-9 
0.7  0.6915489457040366 0.29982827582068433 0.006864381103817322 0.0007986780718158804 0.0006212538526940117 0.00031863462360076574 7.567046088767582e-6 5.513118829002195e-6 3.5919263257136265e-6 2.5911158814150313e-6 3.632178928646725e-7 1.384489574549608e-7 3.4599786538457624e-8 2.246299731012182e-8 8.886592030385285e-9 
0.8  0.6415235297619255 0.35032446886709123 0.006171898167820139 0.0010959196258965018 0.000616206028594434 0.0002483217635371098 7.225265946423926e-6 4.708748900405923e-6 4.126297234293277e-6 2.990014290552529e-6 3.7083467405940735e-7 1.6620630797999888e-7 3.269439950489968e-8 2.001469923444176e-8 1.0232142177564537e-8 5.476540769933072e-9 
0.9  0.6065814291487867 0.38565416932412144 0.00561503988746096 0.001353151266553591 0.000575776799947531 0.00020154803494089394 6.677203002959927e-6 5.606994740622889e-6 3.022285094328963e-6 2.9547911298683493e-6 3.6445284839172687e-7 1.888591611759991e-7 2.8839784890070707e-8 1.7426070741059407e-8 1.1369941484546478e-8 7.147494825305472e-9 6.1689182575635485e-9 
1.0  0.5816306516879544 0.41091486934642796 0.0051683945575557505 0.0015710811066248051 0.0005256131038006902 0.0001715311473637358 6.26555497761622e-6 6.081527462178357e-6 2.660660248699679e-6 2.224004991053479e-6 3.527341345940543e-7 2.0571707907437578e-7 2.4906683542578857e-8 1.5025749949568907e-8 1.2106231475205754e-8 8.55097245799152e-9 8.261742099968443e-9 
1.1  0.56339716830762 0.429396980973452 0.004806982665031766 0.0017541853124456402 0.00047583908535061333 0.00015206559910623207 6.708516037280037e-6 5.510621343598801e-6 2.268094877360448e-6 1.665957066383789e-6 3.3995442222866917e-7 2.1846778723456795e-7 2.1347482690244923e-8 1.2795930305805976e-8 1.2581069215798151e-8 1.0237607492608194e-8 9.483369202972055e-9 
1.2  0.5498096771647399 0.4431859154277839 0.004512060355229013 0.0019074152344203026 0.0004301100382681368 0.00013908579801011974 6.967683279042686e-6 4.993763556127684e-6 1.8759077880902295e-6 1.2790026135816463e-6 3.27707827016012e-7 2.2808543464895597e-7 1.8435677918900182e-8 1.2828113306402282e-8 1.1955937173874645e-8 1.0817330301173304e-8 9.793991451916498e-9 
1.3  0.5395052032885578 0.45365587513832134 0.00426905158378633 0.0020355590543730756 0.0003894155569679837 0.00013012473602742148 7.077996487012183e-6 4.5402093387761345e-6 1.5301513114494188e-6 1.009533832582648e-6 3.164014052471811e-7 2.352322179913942e-7 1.6366520485930966e-8 1.3361019143171543e-8 1.2885426224471503e-8 9.33788025080381e-9 9.166527123614006e-9 
1.4  0.5315689864112042 0.4617299471410588 0.004067007221458426 0.002142787274962735 0.0003536946303770448 0.00012368728302063239 7.072403599071878e-6 4.148986847831184e-6 1.24379431736021e-6 8.19438294479999e-7 3.064066647796878e-7 2.406076600387313e-7 1.5106018351079743e-8 1.4384475704002003e-8 1.2784849722082599e-8 8.219706089211876e-9 7.90548526653471e-9 
1.5  0.5253745387295854 0.46804078803481114 0.0038975902332456297 0.0022326310852196496 0.00032250292601482765 0.00011886111803962651 6.979137543799716e-6 3.814757579584833e-6 1.0137565077317005e-6 6.826476315014746e-7 2.972990192455968e-7 2.444862445873458e-7 1.5030286840228157e-8 1.4325187078183665e-8 1.255840066701554e-8 7.083294439204568e-9 6.791387707773836e-9 
1.6  0.520481993040949 0.47303279517400454 0.0037544524498646045 0.00230804402683967 0.0002952960483280558 0.00011507872050904483 6.820475974686961e-6 3.530323722114464e-6 8.254532414811118e-7 5.804846300988275e-7 2.886805949208124e-7 2.475583568163016e-7 1.53130447550653e-8 1.330167246349947e-8 1.2201472898706516e-8 6.746794226552055e-9 
1.7  0.5165771743385701 0.4770234675221223 0.003632683939651453 0.002371443992181943 0.0002715532811004269 0.00011199689929481544 6.622334371105339e-6 3.289403173233505e-6 6.837993409774489e-7 5.058924663760983e-7 2.823217508422139e-7 2.4959160731646014e-7 1.530847384185234e-8 1.2931653581829805e-8 1.18142102134027e-8 6.630031437721716e-9 
1.8  0.5134308786149969 0.4802446886185147 0.003528366662087158 0.0024248450958977994 0.00025076725909639044 0.00010938064468179292 6.394855832449199e-6 3.0848763072843676e-6 5.722798873956479e-7 4.487508214186799e-7 2.763791277932352e-7 2.504265120529975e-7 1.5060557427525063e-8 1.249314778224689e-8 1.1390217946785762e-8 6.592314155337934e-9 
1.9  0.51087459742902 0.4828669297910725 0.003438477154095187 0.0024698716027224048 0.00023252742240416712 0.00010708060992808047 6.1507687062684165e-6 2.910751305820993e-6 4.842870190537715e-7 4.0422430086127367e-7 2.7111293012465343e-7 2.506278224593837e-7 1.4619424469831628e-8 1.2045751196879654e-8 1.0943842928749443e-8 6.609654959386636e-9 
2.0  0.5087849579232139 0.48501488899277473 0.003360790134610504 0.0025078789854692126 0.0002164851816404747 0.00010499616619804889 5.899087841029436e-6 2.7617490514763196e-6 4.1398466565057185e-7 3.6835963235935234e-7 2.664592128041352e-7 2.503722758669435e-7 1.4011860080260772e-8 1.1516048833465775e-8 1.0466837680716885e-8 6.608667071532089e-9 
2.1  0.5070597632299855 0.48679245516888786 0.003292910495893057 0.0025399834375489415 0.0002022870820157899 0.0001030725254360186 5.6451856809389685e-6 2.633686240414141e-6 3.5750220143600974e-7 3.3885640773794346e-7 2.6217184160226227e-7 2.4960395877362624e-7 1.3327823689113928e-8 1.1075429711976236e-8 1.0010540818381052e-8 6.6401073776152185e-9 
2.2  0.5056287900201033 0.48827050825358526 0.003233549001774764 0.0025671415258249107 0.00018968310227972205 0.00010125777569878646 5.392989809973153e-6 2.5222678961696272e-6 3.118407615645726e-7 3.108570653503601e-7 2.564618206005256e-7 2.4446760188294926e-7 1.2596442566377174e-8 9.565924604505838e-9 9.27341110489782e-9 
2.3  0.5044354772429727 0.48950639399292606 0.0031813574920041476 0.002590090704125296 0.00017848117803310052 9.953488791001488e-5 5.148731778275355e-6 2.4257333611111232e-6 2.9079081731583383e-7 2.7351809328413434e-7 2.528534087201138e-7 2.430982524313574e-7 1.1829821554263521e-8 9.135546713043501e-9 8.810948867124002e-9 
2.4  0.5034349083214014 0.49054575396945665 0.003135239132436155 0.0026094572719146396 0.00016847410051836194 9.787905915669822e-5 4.9128652836874676e-6 2.340910177523364e-6 2.7235971249616014e-7 2.4960485949906637e-7 2.426196496326679e-7 2.416254555541407e-7 1.1058599926511086e-8 8.719943108593083e-9 8.381434160851231e-9 
2.5  0.5025918200401739 0.49142432742579695 0.003094338213393582 0.002625791514640136 0.00015950520037590158 9.627879065765061e-5 4.686892987603138e-6 2.265800162492943e-6 2.5598129966343807e-7 2.4661721457262495e-7 2.400607342247107e-7 2.1685960204073536e-7 1.0301249986557697e-8 8.321705211181391e-9 7.980006302602163e-9 
2.6  0.5018771309140629 0.4921718849557127 0.003057742126602416 0.002639477500526422 0.0001514256568656136 9.472511192753751e-5 4.470953533931823e-6 2.1987298733364496e-6 2.4376138229875105e-7 2.4135531978606717e-7 2.3841160851007325e-7 1.953249449058578e-7 9.586618901362816e-9 7.953696263625625e-9 7.657324256407381e-9 
2.7  0.5012718244703989 0.4928070849914723 0.003025341203144744 0.002651061091565738 0.0001441616144505076 9.321415328285198e-5 4.267319966591164e-6 2.138330384283047e-6 2.413224397148617e-7 2.3685855670419317e-7 2.2791534290206585e-7 1.7696946418679982e-7 8.882678722896056e-9 7.58600604255982e-9 7.290845964528613e-9 
2.8  0.5007542076193281 0.4933526435451321 0.002996106955950333 0.0026606967019980102 0.00013757288307957166 9.174119416041278e-5 4.074095515616452e-6 2.0835026302020704e-6 2.3888660068318564e-7 2.351728860642806e-7 2.156457619778935e-7 1.6135120208150026e-7 8.229374612426513e-9 7.242533588296101e-9 6.973845350003217e-9 
2.9  0.5003122859011758 0.49382021413678173 0.00297001548392503 0.002668799579747736 0.00013160900569246606 9.030591181590915e-5 3.892712525918539e-6 2.0333517761817583e-6 2.3682452339104985e-7 2.336742731391435e-7 2.0430057205871255e-7 1.4793440349438607e-7 7.610504451545065e-9 6.911343892829428e-9 6.660938807148455e-9 
3.0  0.49993233097869 0.4942241998327153 0.0029463848357796753 0.0026754812209417917 0.0001261727399580061 8.890467395893054e-5 3.7216211517027123e-6 1.9870993474167515e-6 2.3479685903602833e-7 2.3210044478926775e-7 1.937751729023017e-7 1.3632229662242796e-7 7.0396425814685585e-9 6.595564191676681e-9 6.367476868795648e-9 
