#mmax= 10
#m-states: all states (FBR)
#Nr. of sites: 33

0.0  -0.0  0.0
0.1  -21.48280724663576  0.7070711116315587
0.2  -48.015927422358494  0.5127197596796736
0.3  -122.91658763906679  0.8888148448219254
0.4  -171.03115323738172  0.7996903564609363
0.41  -124.33988383335274  0.4283337906586637
0.42  -446.7896596280238  Inf
0.43  -362.7896596280238  Inf
0.44  -171.24893713446014  0.6546369811116313
0.45  -173.06170547962208  0.7758769996866068
0.46  -228.80813893061847  0.9818532630245457
0.47  -290.79213531316157  0.9975301940623587
0.48  -228.81271645210887  0.9773745632049219
0.49  -288.7896596280238  0.9999999999999996
0.5  -278.7896596280238  1.0000000000000004
0.51  -290.78971117083756  0.9999484544092527
0.52  -528.7896596280239  Inf
0.53  -356.7896596280238  Inf
0.54  -354.7896596280238  Inf
0.55  -294.8081896551469  0.9818034561073118
0.56  -430.7896596280238  Inf
0.57  -436.7896596280238  Inf
0.58  -358.8102476005875  Inf
0.59  -292.7946968890266  0.994981016929437
0.6  -350.7896596280238  Inf
0.7  -440.8102467860029  Inf
0.8  -444.91692389009984  Inf
0.9  -624.9166276263927  Inf
1.0  -516.7899951468942  Inf
1.1  -614.7896596280239  Inf
1.2  -Inf  NaN
1.3  -Inf  NaN
1.4  -Inf  NaN
1.5  -Inf  NaN
1.6  -Inf  NaN
1.7  -Inf  NaN
1.8  -Inf  NaN
1.9  -Inf  NaN
2.0  -Inf  NaN
2.1  -Inf  NaN
2.2  -Inf  NaN
2.3  -Inf  NaN
2.4  -Inf  NaN
2.5  -Inf  NaN
2.6  -Inf  NaN
2.7  -Inf  NaN
2.8  -Inf  NaN
2.9  -Inf  NaN
3.0  -Inf  NaN
3.1  -Inf  NaN
3.2  -Inf  NaN
3.3  -Inf  NaN
3.4  -Inf  NaN
3.5  -Inf  NaN
3.6  -Inf  NaN
3.7  -Inf  NaN
3.8  -Inf  NaN
3.9  -Inf  NaN
4.0  -Inf  NaN
4.1  -Inf  NaN
4.2  -Inf  NaN
4.3  -Inf  NaN
4.4  -Inf  NaN
4.5  -Inf  NaN
4.6  -Inf  NaN
4.7  -Inf  NaN
4.8  -Inf  NaN
4.9  -Inf  NaN
5.0  -Inf  NaN
