#mmax= 10
#m-states: all states (FBR)
#Nr. of sites: 33
 
0.0  1.0 
0.1  0.9968288568635841 0.0025555647381567755 0.0006153216921947822 1.5713371788822116e-7 9.957234550874859e-8 
0.2  0.9866739229769502 0.010980310163283363 0.0023399611261142594 2.7770456726130248e-6 1.7041216059414007e-6 1.3116108151415466e-6 1.2955561332893113e-8 
0.3  0.9667271460339696 0.02845423896061843 0.004766762761075596 2.3591319108452344e-5 1.7542316989001033e-5 1.0194558635961834e-5 2.291030216912961e-7 1.844658113213888e-7 1.1048077118339904e-7 
0.4  0.9254274657966057 0.06706525424481874 0.007011059427350872 0.0003335283606624379 9.898895267497028e-5 5.341128742921338e-5 5.209375339014559e-6 3.099334520071855e-6 1.3639504122287123e-6 4.5254558194787955e-7 6.664932452558741e-8 4.179420674267107e-8 3.34825775437894e-8 2.479849522292509e-8 
0.41  0.9185146518281241 0.07367343967203004 0.0071600412090100434 0.0004493533050120105 0.0001226708833560344 6.529722507407161e-5 7.239939743971267e-6 4.03562105435088e-6 2.4825983352076723e-6 5.096083653767567e-7 9.967394239547844e-8 7.183730194901528e-8 5.584863101929109e-8 3.462108923947268e-8 1.612892871188575e-8 
0.42  0.910564735923797 0.08128593769288717 0.007281666277012424 0.0006111405977333516 0.00015506306429134687 8.111219389938803e-5 1.0005400125641738e-5 5.208040447244799e-6 4.1276320904869375e-6 5.692411053687034e-7 1.5178568170759053e-7 1.29049188663589e-7 7.473457063302765e-8 5.2028152123439345e-8 2.0889720685895005e-8 5.449295938077282e-9 
0.43  0.9012690662034935 0.09019046934093666 0.007370526575881554 0.000838383472686188 0.00020088915512802367 0.00010273811355288203 1.3684303894122606e-5 6.659743850319591e-6 6.29751945478259e-6 6.47534826412901e-7 2.1957695055936585e-7 2.0701657853293745e-7 1.0102003642338603e-7 7.816620347839674e-8 2.5085269270705873e-8 7.171258341466959e-9 
0.44  0.8901140114659376 0.10085460509159792 0.0074174203926252085 0.0011717183240454075 0.00026950451561454 0.00013346826211949958 1.88556431714483e-5 1.0150208869645893e-5 8.486002918200691e-6 7.546969452416266e-7 3.640007758022641e-7 3.324454028214682e-7 1.3781403684671318e-7 1.2505933564773986e-7 2.9228451934207865e-8 2.1056010595062245e-8 9.353214868274388e-9 6.4389293370591675e-9 
0.45  0.8764115011184049 0.11391423259375517 0.0074114251895600405 0.0016535720451438891 0.0003756234567068709 0.0001784311010596567 2.573722959491793e-5 1.6242755391173954e-5 1.0680846010631648e-5 8.98741390914021e-7 6.476474256831206e-7 5.195287382626045e-7 2.0028430122618549e-7 1.8628152069980627e-7 4.079596087107979e-8 3.2994587912677745e-8 1.5979918299320875e-8 1.1410528958203375e-8 
0.46  0.8590516324659279 0.13039503907100036 0.007336731226461212 0.0023469413520953346 0.0005460815743527315 0.0002464912295427331 3.455426263195239e-5 2.5425691030439262e-5 1.3230191273956525e-5 1.1335392440478869e-6 1.1310817059391064e-6 8.396433220318428e-7 3.121772446169519e-7 2.3701822926738818e-7 8.24065443183044e-8 6.324151956614711e-8 3.67863182864112e-8 1.9349309775180234e-8 1.769224674702603e-8 
0.47  0.8367408904309651 0.15155957464490227 0.007175330901814823 0.003257502602704008 0.0008153082999972398 0.00034997233185795967 4.437993871497804e-5 3.553735889125104e-5 1.5874477442289298e-5 1.7203264974630474e-6 1.5333041253307507e-6 1.312759837124827e-6 4.3587173197727843e-7 2.825550552277571e-7 1.5276499587572866e-7 9.844074073726074e-8 4.0222973027003235e-8 2.783857636799711e-8 2.4928177170159175e-8 
0.48  0.8078174210837009 0.1790731680652007 0.0069064494605591605 0.004340094951669164 0.0012281596926062511 0.0005065880829573804 5.472539622628698e-5 4.674211461363192e-5 1.8311075455008484e-5 2.586883676443029e-6 2.2118360032406247e-6 2.0631615011508553e-6 5.649940597921437e-7 3.137292729964668e-7 2.7705337545183053e-7 1.565177291585462e-7 5.737915257774291e-8 4.416330308195428e-8 4.3416239699436394e-8 8.157910176190844e-9 6.447938762353321e-9 6.336849794916302e-9 
0.49  0.7715544153626991 0.21388926221521906 0.0065223199842337175 0.00535998723697703 0.001792197491986196 0.0007306418890343947 6.362165016394709e-5 5.587774513219101e-5 1.998385599809297e-5 3.5823181970474582e-6 3.2336612279806944e-6 3.0549767006111387e-6 6.525392876337764e-7 4.088046393339896e-7 3.2039356806229996e-7 2.1970551518116495e-7 9.251656840482743e-8 5.849644919758191e-8 4.869256087938683e-8 1.0659375851110858e-8 9.804468757238544e-9 
0.5  0.7289451662614236 0.2553536804768419 0.006038302064415895 0.00602539678875976 0.0024459352670733845 0.001024417357234428 6.963304637596114e-5 6.138592674380759e-5 2.0557979989743404e-5 4.615002446052907e-6 4.607194519136446e-6 4.177898136142303e-6 6.751553668293279e-7 5.063700426808816e-7 3.0994946021079875e-7 2.9861451067218073e-7 1.3661491239230398e-7 7.314170460554322e-8 5.7241102060797857e-8 2.5356200865091908e-8 1.2778600452905552e-8 1.2019011765091941e-8 1.0846998122462515e-8 6.648129235149481e-9 
0.51  0.6839400834730466 0.2998388627048047 0.006144165764309517 0.005507125256591015 0.0030351061095673813 0.001362873241599529 7.134605543547426e-5 6.188277883859624e-5 1.9995177154042034e-5 6.160927996140005e-6 5.193976129973729e-6 5.0519748781810345e-6 6.251731486925685e-7 5.237994568548599e-7 3.32277071220745e-7 2.8271495903614407e-7 1.7605504616621278e-7 7.03279805776478e-8 6.74245237806673e-8 3.069343324667361e-8 1.3582275931100058e-8 1.2869869888519794e-8 1.0718124166619375e-8 6.923760897483224e-9 
0.52  0.6413909810552056 0.3425253449377041 0.005799680753405065 0.004992119002985986 0.0034190134861040093 0.0017058289680688754 6.903339716520134e-5 5.894726258608227e-5 1.8721512987510488e-5 7.620041441935399e-6 5.436644689791666e-6 5.254763806154237e-6 5.337285884747274e-7 4.7682153892636735e-7 3.3147371168698163e-7 2.6107280639829565e-7 1.953771403284466e-7 7.874834523265854e-8 6.012300872711151e-8 2.9845385736227645e-8 1.3696206768868626e-8 1.364366891818017e-8 1.2324930996506456e-8 7.3772230961534005e-9 3.941295730005317e-9 
0.53  0.6049566870138848 0.37956762939183186 0.005210062263142067 0.004541639206203853 0.0035517452883379002 0.0020158760161308647 6.402191755052603e-5 5.431796235596239e-5 1.7195618764417685e-5 8.79045049772369e-6 5.297514261798771e-6 4.9641577897918106e-6 4.3193002542576785e-7 4.001928162898308e-7 3.072878295222186e-7 2.438145760886801e-7 1.8341542515711163e-7 8.796350290983885e-8 4.843188013345615e-8 2.917278567786318e-8 1.2620378981142472e-8 1.1132270454519024e-8 9.695420716400995e-9 7.542337831278469e-9 
0.54  0.5760757860095927 0.40928670380854804 0.004566603889108271 0.004176384278982603 0.0034799395873697002 0.002271873996371877 5.756523883130002e-5 4.91472929607233e-5 1.57606742902579e-5 9.608098306403293e-6 4.785098105949594e-6 4.354730406020003e-6 3.416449670620223e-7 3.187845565722408e-7 2.573384544477872e-7 2.331782544233487e-7 1.5773991783795881e-7 9.40683386111152e-8 3.784598874961219e-8 1.5274384471469915e-8 1.2354116139819302e-8 9.996602424652299e-9 9.0715482549134e-9 
0.55  0.5542034827320569 0.43204485750616395 0.003973006587280235 0.003892300261583972 0.0032861405337262293 0.0024714021368626884 5.0954816843012074e-5 4.414179187745567e-5 1.4543107022963308e-5 1.0125236509328652e-5 4.111311756257475e-6 3.68628974652072e-6 2.7092905414657626e-7 2.5063694558382117e-7 2.1930108641284082e-7 2.095540146747887e-7 1.3219449496372483e-7 9.600310544977403e-8 2.7647923138745908e-8 1.1842606308723816e-8 1.1466767306060186e-8 1.0223523420029895e-8 7.889049412730528e-9 
0.56  0.5381297884826378 0.44895386120859637 0.0036767148844307975 0.0034646459826462306 0.003038467223223283 0.0026204903153108105 4.4929682267085414e-5 3.961130520301973e-5 1.3560175141494712e-5 1.0411783111196626e-5 3.3886217975587112e-6 3.087349972685563e-6 2.2032189799415773e-7 2.0483614987983738e-7 1.9268794806193426e-7 1.709928268547475e-7 1.1004473638825247e-7 9.299203188789768e-8 1.8745709878469014e-8 1.1371814778146407e-8 1.0694287044536418e-8 1.0298260922517591e-8 
0.57  0.5263806844843958 0.46144994903882186 0.0035128381303212546 0.003041495589828761 0.002780088929007419 0.0027300970542362478 3.9662354771213005e-5 3.568702202182677e-5 1.2784217767368501e-5 1.0544330559575907e-5 2.7422742969214007e-6 2.54159964238088e-6 1.9138398897928936e-7 1.8824322658900154e-7 1.4871137599413594e-7 1.3816868375106667e-7 9.07036691682125e-8 8.507693777475512e-8 1.1962373531422796e-8 1.0937152000368833e-8 1.0150035735952639e-8 9.636885280467086e-9 
0.58  0.5179043776305801 0.4705773776622959 0.0033888806084480605 0.00280843888192783 0.002692496135459286 0.0025330860968815596 3.522016525151066e-5 3.231748499389807e-5 1.216909123246541e-5 1.0574726818834226e-5 2.2128388499426977e-6 2.0785658188677685e-6 1.7984320855883842e-7 1.6957271991115405e-7 1.1883802576739199e-7 1.1267567869325871e-7 7.483898435454214e-8 7.428283385672088e-8 1.0635219481983226e-8 1.043049070278806e-8 9.873009819959319e-9 9.12127205821574e-9 
0.59  0.511812272864587 0.4772319356628189 0.0032946065726177703 0.0028632981912084503 0.002403684055909033 0.0023068274356708705 3.152635850744502e-5 2.9446284823564282e-5 1.1680537981880837e-5 1.054174801998354e-5 1.793584064366442e-6 1.7028959735976893e-6 1.7045322579343915e-7 1.5897960058859567e-7 9.718065214253574e-8 9.332295276978848e-8 6.324526142912587e-8 6.220671868015439e-8 1.0075639223571939e-8 9.859881971494918e-9 9.709288374955193e-9 8.774596312381677e-9 
0.6  0.5074108709922137 0.4821191965288136 0.0032218220906386143 0.002901136976619551 0.0021624938143459606 0.0021040553686103958 2.8375279004565475e-5 2.68959433055685e-5 1.1284235608445401e-5 1.046948343947848e-5 1.4205795770446024e-6 1.36688598259573e-6 1.6263981497853181e-7 1.5212563321456717e-7 7.887625257713221e-8 7.762097645862298e-8 5.3110174024878184e-8 5.185784113330114e-8 9.536631550554127e-9 9.281569511627546e-9 8.804851207568475e-9 7.968096999679074e-9 
0.7  0.49703991729383223 0.495014394860834 0.0029562257721704116 0.0029343541521178497 0.0010058786439192315 0.0010029073683267586 1.3415558461631067e-5 1.3369466049686238e-5 9.412645955609676e-6 9.368277501859468e-6 2.1393747430512903e-7 1.9524743401013746e-7 1.2616629618678012e-7 1.2481239809546708e-7 2.6495170222823522e-8 2.3327241853548545e-8 2.0566295644956358e-8 2.051579683612746e-8 4.8927206213943026e-9 
0.8  0.4973571918416018 0.4956179198639898 0.002879982512879079 0.0028697936818348787 0.0006222086437258161 0.000620024831446024 8.482276468690236e-6 8.45252799854096e-6 7.785456651768993e-6 7.757170514647922e-6 1.1243994958363096e-7 1.1204893976097303e-7 5.258169512466259e-8 5.229652793251709e-8 1.9311779820791086e-8 1.9242921678187766e-8 1.666284952273138e-8 1.660822516904861e-8 
0.9  0.49923029749909564 0.49420527017482635 0.0028384843894143984 0.0028098148833880753 0.0004477021489627452 0.00044312944506018945 7.736221789607273e-6 7.653891234099539e-6 4.829916611989723e-6 4.778216226060766e-6 1.0403178739264968e-7 9.942929335673671e-8 2.567378572531641e-8 2.346641818275547e-8 1.9185987874540868e-8 1.8941456632669754e-8 1.2484662107942787e-8 
1.0  0.498868316949461 0.4948430054041226 0.002796056994880243 0.0027735357921792234 0.0003506745115975664 0.0003478885993943312 7.041863375896205e-6 6.988014129730985e-6 3.1199793625493713e-6 3.0968935223793098e-6 9.732833020431522e-8 9.451318270427822e-8 1.8899901942967276e-8 1.87756519481485e-8 1.8090106341232384e-8 1.771720013606182e-8 9.673601941352549e-9 
1.1  0.4987895460135725 0.49510777800471273 0.002763072731225272 0.002742626533503456 0.0002909424310383281 0.0002887801905744423 6.431509309950968e-6 6.382721781374572e-6 2.105706959965107e-6 2.0895665135769233e-6 9.059622495049196e-8 8.965814275917794e-8 1.8260048191739372e-8 1.8159748969572682e-8 1.4140975557010705e-8 1.3775666517077943e-8 
1.2  0.4986736225367869 0.4953596182562086 0.0027352868630179617 0.0027170094509551775 0.0002506133291111212 0.00024893491611285607 5.886611373484321e-6 5.846722459349124e-6 1.4804422834957843e-6 1.4699699232466693e-6 8.699624541871656e-8 8.640532519902842e-8 1.7565556843723617e-8 1.7394879496526815e-8 1.1350255046902882e-8 1.1189507367598038e-8 
1.3  0.49798495489830796 0.49615295388693537 0.002708506985209534 0.0026985663808304014 0.00022133591303276557 0.00022052063752405504 5.4000465493011305e-6 5.380152628669142e-6 1.082990268944228e-6 1.0785802727321337e-6 8.424264894923127e-8 8.395974977582168e-8 1.6686701740147355e-8 1.653629868827687e-8 9.060151272523811e-9 9.042890869975847e-9 
1.4  0.4974288220319197 0.4967932763097285 0.002685668053958005 0.0026822437795080796 0.00019922141875453202 0.0001989769960085026 4.972879614245149e-6 4.966850978435344e-6 8.216501610534894e-7 8.212275372590198e-7 8.200149263743626e-8 8.190248764786286e-8 1.5574712479913128e-8 1.515262034602876e-8 7.092587993906471e-9 7.07793203565948e-9 
1.5  0.49726168364390017 0.49703018510964825 0.0026674275085916293 0.002666179108522739 0.00018197142564401868 0.00018188890117831755 4.598974838657687e-6 4.59776156564451e-6 6.378340555442876e-7 6.36277925242707e-7 8.007405389087928e-8 8.004480374801432e-8 1.453692072050868e-8 1.4499872501091898e-8 4.298481038425635e-9 
1.6  0.4975227070357199 0.49682794313219397 0.0026535931537273742 0.002649888828199611 0.0001681693008843659 0.00016793216298468153 4.2776350199815735e-6 4.269103091445934e-6 5.172590241993639e-7 5.152416925720746e-7 7.852848108602544e-8 7.840823617890808e-8 1.3470960550584757e-8 1.3411983558540653e-8 3.3278011847307414e-9 
1.7  0.49752785530838833 0.4968735242487947 0.0026399716343080168 0.0026365872134607414 0.00015663088427358057 0.0001564351640869961 3.987519156798203e-6 3.9829711829016866e-6 4.232152994327225e-7 4.231603104437818e-7 7.708367115981766e-8 7.70067014011181e-8 1.2306137687040846e-8 1.2284228470318403e-8 
1.8  0.49748405232204557 0.496961498062979 0.0026276105998435445 0.0026248489500768023 0.0001468941371671035 0.00014673959874749644 3.7335669216049673e-6 3.7296145892944487e-6 3.596276169128182e-7 3.592370079436928e-7 7.58713667798434e-8 7.579001463872222e-8 1.1322512790912926e-8 1.1299111283681523e-8 
1.9  0.49733921016738447 0.49714535364910656 0.002615843181581937 0.0026148235020226488 0.00013850959551417978 0.00013845559785371418 3.506951163085394e-6 3.5055692565389207e-6 3.108283961467573e-7 3.1070552084666603e-7 7.475433413266965e-8 7.472494897750974e-8 1.03956221385419e-8 1.037729670327935e-8 
2.0  0.49726682627086216 0.4972525012010894 0.0026054706438294905 0.0026053955753535724 0.00013124375480443617 0.00013123996062485446 3.3054388211050336e-6 3.3053281119296622e-6 2.726346158536696e-7 2.72624737244941e-7 7.376543209941191e-8 7.376311087705939e-8 9.547294440378227e-9 9.491313630001569e-9 
2.1  0.49736192867841594 0.49718856363150804 0.0025968740921676063 0.002595963821812477 0.00012490737228981906 0.0001248635409781948 3.1263288149884584e-6 3.125213078627484e-6 2.420676174229673e-7 2.41980817339229e-7 7.290100428223702e-8 7.286916572970208e-8 8.764862560905256e-9 8.737468283510852e-9 
2.2  0.49751381695009356 0.4970649218012801 0.0025892880267434303 0.0025869486745980774 0.00011930486655834932 0.00011919694302050395 2.9655263899033087e-6 2.9628209809714436e-6 2.171736542426332e-7 2.169714943752153e-7 7.212143667800258e-8 7.205172374798754e-8 8.065751988634128e-9 8.006276259044345e-9 
2.3  0.4975384007245123 0.49706601692844554 0.002581702192059472 0.002579253072332381 0.00011427411392072417 0.00011416569410198631 2.8198883375150712e-6 2.8172170814848124e-6 1.9640470625045214e-7 1.9621850777943445e-7 7.139078227290291e-8 7.132301545680304e-8 7.417195011373236e-9 7.415004192429733e-9 
2.4  0.49747952357420766 0.49714839561109075 0.002574259058097279 0.002572544072518998 0.0001097324247899316 0.00010965922159547533 2.6874196859687427e-6 2.685632722279447e-6 1.7904901597043967e-7 1.789276961252618e-7 7.073138685442545e-8 7.068157998350079e-8 6.857426149370546e-9 6.7381875675486895e-9 
2.5  0.49743451801709493 0.49721500352855985 0.002567393737845005 0.0025662654438031846 0.00010562556624624686 0.00010557988164893115 2.5669234172129632e-6 2.565946874757122e-6 1.6409687618920812e-7 1.6404968357680287e-7 7.01022389690616e-8 7.007544135346066e-8 6.335041473304794e-9 6.295230441854411e-9 
2.6  0.4974105046690523 0.4972590101864034 0.002561090237109782 0.002560301778082375 0.00010189202124102151 0.00010185905274108608 2.4534133055690575e-6 2.4448443835860287e-6 1.5039264155976978e-7 1.4918810624495974e-7 6.949176290984848e-8 6.94569749211646e-8 5.268195902567802e-9 
2.7  0.49739355799919766 0.4972944136934989 0.002555228732305232 0.0025547264371622385 9.848655535125118e-5 9.846666033855257e-5 2.353911261803559e-6 2.345567287551631e-6 1.3938157929545783e-7 1.3818421056033372e-7 6.896737435776727e-8 6.894918548864564e-8 4.961247313382645e-9 
2.8  0.49741840335525495 0.4972866965184656 0.0025499688579826746 0.00254929764154427 9.537122667846542e-5 9.534581677093614e-5 2.262442667440427e-6 2.2543246866880874e-6 1.2969474180520168e-7 1.2853926010859487e-7 6.848323915290846e-8 6.846607528539345e-8 4.6326343280665435e-9 
2.9  0.4974653890491325 0.49725568838218887 0.002545142921808487 0.0025440777586208945 9.250574215446513e-5 9.246679291642022e-5 2.1777048936587708e-6 2.1703335926915208e-6 1.21079936109469e-7 1.1996018319465582e-7 6.80242282921003e-8 6.800002365211411e-8 4.250320466681922e-9 
3.0  0.4975201878757381 0.4972158321831753 0.002540653389151857 0.0025391058417600938 8.985856698641198e-5 8.980457338855338e-5 2.099984710599661e-6 2.0925254804132987e-6 1.1347213461926163e-7 1.1242562738707653e-7 6.761337133477677e-8 6.756736043355021e-8 3.981115857276278e-9 
3.1  0.4975275350188645 0.4972224828178529 0.002536198449316101 0.0025346451434291616 8.73971949399142e-5 8.734265488364115e-5 2.0277704120100383e-6 2.0205195677389315e-6 1.0666803121465962e-7 1.0565394493893058e-7 6.721254791241089e-8 6.716846109533679e-8 3.727751621586513e-9 
3.2  0.4975266808655682 0.49723650939809927 0.0025319468782007935 0.002530472848349621 8.510197751927841e-5 8.505238603779246e-5 1.95262657891501e-6 1.9512725218409983e-6 9.909361929671202e-8 9.897197338715367e-8 6.686083240653555e-8 6.68206991610667e-8 
3.3  0.4975415652493685 0.49723399869020324 0.002528018800717425 0.0025264317689485615 8.297018544412105e-5 8.291530194181866e-5 1.890954382210605e-6 1.888941159659059e-6 9.369417136470101e-8 9.349496143061756e-8 6.646720920911879e-8 6.645149295756954e-8 
3.4  0.4975009865180018 0.49728634078537726 0.0025239533973665136 0.0025228593363611387 8.096146135476488e-5 8.092633820653367e-5 1.8318319343931806e-6 1.8310282216580691e-6 8.859987178627966e-8 8.850575468233345e-8 6.611377796537765e-8 6.608377061663593e-8 
3.5  0.49750370004296 0.49729468914276115 0.0025203367350850056 0.0025192734956111635 7.908996040555805e-5 7.905657343063115e-5 1.7775701758698578e-6 1.7768122264525214e-6 8.409230367678869e-8 8.401325049499692e-8 6.579361263040566e-8 6.576817716366599e-8 
3.6  0.49751700491492945 0.4972918435861285 0.002516977422319341 0.002515794883557139 7.733584268468838e-5 7.729953174117086e-5 1.7268936003071469e-6 1.7260318253436802e-6 7.998886895657188e-8 7.9935389250565e-8 6.549176727751346e-8 6.547718817610824e-8 
3.7  0.49752070392319425 0.4972980760840824 0.002513681951109422 0.0025125699039159843 7.568066267359028e-5 7.564730194582197e-5 1.6790495775710744e-6 1.6783051172474953e-6 7.62156426492945e-8 7.617021393231236e-8 6.526021149781573e-8 6.517231513766047e-8 
3.8  0.4975158563958737 0.4973124064414958 0.0025104866594115012 0.0025094976916247938 7.411953105669515e-5 7.409019917358706e-5 1.6341750812266748e-6 1.633541813676353e-6 7.276488449236278e-8 7.272723711906128e-8 6.495699926831504e-8 6.491534634296649e-8 
3.9  0.49751618528183816 0.49732105308637836 0.002507515281163704 0.0025065317718476984 7.264600108057921e-5 7.261748138530616e-5 1.5916704535696377e-6 1.5910374790740095e-6 6.955377930400525e-8 6.951619275429981e-8 6.467180617190524e-8 6.464659428831276e-8 
4.0  0.4975195976371829 0.49732622656473363 0.002504654386049376 0.0025036809053088182 7.125176524947571e-5 7.122404643610509e-5 1.5516556871243065e-6 1.551043645991724e-6 6.66022401593599e-8 6.656790428356052e-8 6.442521169786972e-8 6.440034901403993e-8 
4.1  0.49752373923139503 0.4973302866634677 0.002501915330286258 0.0025009426297197485 6.993019783596205e-5 6.990299019285784e-5 1.513759019736821e-6 1.5131626433102032e-6 6.418703759270304e-8 6.416226456711993e-8 6.386030180045374e-8 6.382583604643844e-8 
4.2  0.4975282599636166 0.4973336042906001 0.002499291155899503 0.0024983134943419344 6.867604874943502e-5 6.864918468378439e-5 1.4779553503377553e-6 1.4773700684858694e-6 6.396965894182802e-8 6.394484097002665e-8 6.132671164126926e-8 6.129547874228097e-8 
4.3  0.4975264515853962 0.4973429213256384 0.0024967383093683197 0.0024958163094812203 6.748249076013553e-5 6.745749140091524e-5 1.4438340697269132e-6 1.4432894605343303e-6 6.375871059895921e-8 6.372695161717143e-8 5.895100517080364e-8 5.892775861221228e-8 
4.4  0.4975306598407372 0.4973458953441883 0.0024943187941244356 0.0024933923272658564 6.634763017986336e-5 6.632294411675463e-5 1.411556181563037e-6 1.411022609064229e-6 6.354395255000304e-8 6.352113746023143e-8 5.675510880019474e-8 5.672039987336397e-8 
4.5  0.497533029665924 0.49735042261169765 0.002491979153038664 0.002491064352014139 6.526558346873611e-5 6.524159524113577e-5 1.3807780111541303e-6 1.3802645361070351e-6 6.33435738075112e-8 6.332052740132346e-8 5.468488213921326e-8 5.464708615797353e-8 
4.6  0.49753566725291687 0.49735440691485217 0.002489727962981329 0.0024888208722346223 6.423309536641059e-5 6.42096724408334e-5 1.3514892498841512e-6 1.3509912993586104e-6 6.315127000758257e-8 6.312845412470211e-8 5.275080455367644e-8 5.271813145469844e-8 
4.7  0.49753301634072633 0.4973634351025589 0.002487521573964907 0.0024866820373975257 6.32458966605673e-5 6.322452397928925e-5 1.3235918484342795e-6 1.3231417168004578e-6 6.298494107108285e-8 6.295181213325598e-8 5.0939777501951265e-8 5.091461932405654e-8 
4.8  0.49752798238682583 0.4973745932740076 0.002485391678085174 0.0024846316208503587 6.23013790796805e-5 6.228229970365492e-5 1.2968775803241807e-6 1.296475948704519e-6 6.280263851562717e-8 6.277233014008328e-8 4.922706430180771e-8 4.920588439315074e-8 
4.9  0.4975290356114156 0.4973794366286085 0.0024833638727601516 0.0024826237245615564 6.139781725350228e-5 6.137947327133984e-5 1.2714000626294067e-6 1.2710156541776222e-6 6.263026738629545e-8 6.259992856491534e-8 4.762338364891697e-8 4.7602835919122535e-8 
5.0  0.49752939095119136 0.49738476675651755 0.002481399840551307 0.00248068525319028 6.05318689572134e-5 6.051439850799309e-5 1.2470841332579038e-6 1.2467200726117185e-6 6.246774839485678e-8 6.24465313360485e-8 4.61149119922659e-8 4.6097688678606335e-8 
