#mmax= 10
#m-states: all states (FBR)
#Nr. of sites: 48
 
0.0  1.0 
0.1  0.9968288439370879 0.0025555770240692985 0.0006153223941184474 1.570709947843483e-7 9.957373154344574e-8 
0.2  0.9866744795724065 0.010979875870594468 0.0023398472567444984 2.7767538669673743e-6 1.703961270546296e-6 1.3042297222359588e-6 1.2355395201721474e-8 
0.3  0.9667262256086385 0.02845491379253715 0.004766755623453472 2.3805477074728206e-5 1.7557866090126383e-5 1.0198830171519864e-5 2.3515365540035445e-7 1.8559160205603954e-7 1.1052749338909114e-7 1.1529286842538822e-8 
0.4  0.9254184553550764 0.0670729337829642 0.00701087785073842 0.00033496305001986886 9.908192245576838e-5 5.3437271264694684e-5 5.201234459621895e-6 3.1085112878813996e-6 1.3570649178700295e-6 4.508625876705216e-7 6.627198610285222e-8 4.1808075713088994e-8 2.5014166982500023e-8 
0.41  0.9185077526193848 0.07367980746990488 0.007160069713177875 0.00044988840069732413 0.00012273348221131187 6.531745466195618e-5 7.24199398928506e-6 4.02212091820808e-6 2.407685391463284e-6 5.029339540236411e-7 9.833665274365255e-8 6.930328130837049e-8 5.559298937426594e-8 3.289278528449538e-8 
0.42  0.9105136560295221 0.0813296304571891 0.007281020454281763 0.0006179225378197077 0.00015567653697231567 8.129503926319449e-5 1.015735058901886e-5 5.246402036827075e-6 4.3742301299138316e-6 5.723002124760241e-7 1.5441527068616408e-7 1.3750097088532866e-7 7.528484909263826e-8 5.4485949219265645e-8 2.1513630337852033e-8 5.461312698393166e-9 
0.43  0.9011121514558511 0.09032148135460041 0.007368228954957462 0.0008617223310547617 0.0002032639380715799 0.00010337251441322447 1.4233726022919302e-5 7.392847773585355e-6 6.7739169481798375e-6 6.557844131132508e-7 2.525665066231823e-7 2.3268566946469076e-7 1.025251388147249e-7 8.947400270854798e-8 2.5892157502727456e-8 1.2342258763990367e-8 7.690160562113584e-9 
0.44  0.8897263904416618 0.10117833319546933 0.00741179656552802 0.0012289920850178408 0.0002762579993972941 0.00013527550582895717 2.0042779397869793e-5 1.2245694215915704e-5 8.74135739102776e-6 7.5765690515067e-7 4.46776865884609e-7 3.54597327665106e-7 1.495868123781932e-7 1.440934410705428e-7 2.9737280268576393e-8 2.2801713252432745e-8 1.0785325902239782e-8 8.34042307553237e-9 
0.45  0.8752495442209488 0.11486474283479409 0.007395484826677165 0.0018360907619248865 0.0004009795758379306 0.0001845719152709815 2.942110070372824e-5 2.452041113270286e-5 1.1361344503963864e-5 1.0463703519699893e-6 9.164078954936959e-7 6.359362195627333e-7 2.9247142727055896e-7 1.9483997282232811e-7 7.244127759328638e-8 5.882111944446977e-8 3.4155368172461886e-8 1.7775042240129194e-8 1.3789535369606321e-8 
0.46  0.8560175629153074 0.13288618745101918 0.007296343210626197 0.0028061448631710403 0.0006246811580141637 0.00026462091750117554 4.232005700060289e-5 4.219110325178006e-5 1.4639623461547649e-5 1.8989353370766911e-6 1.2050159613337518e-6 1.0771018600981023e-6 5.063918581355023e-7 2.544543941792665e-7 1.4222794815450253e-7 1.3337794254133115e-7 3.798161792980587e-8 2.846405479038797e-8 2.474967415728075e-8 
0.47  0.8288444896120747 0.15811136541343357 0.007074395673863947 0.004351140834725785 0.0010555326433538102 0.0004029184878142867 7.145607639064776e-5 6.055058944141924e-5 1.859185201615925e-5 3.648966936467837e-6 2.0136461689376132e-6 1.8045542748342537e-6 8.484699207925267e-7 3.890998959003903e-7 3.2501882122705713e-7 3.119423886431115e-7 7.260479580630996e-8 6.48891991431456e-8 4.266566685174135e-8 2.1021008740754515e-8 8.426920702440202e-9 7.510889791859914e-9 
0.48  0.7893947714838095 0.19480099520860436 0.006678308083406262 0.006408467103061197 0.0018497397014991925 0.0006435477072592666 0.00010374262547982747 8.178227833178446e-5 2.236422938159876e-5 6.2363078349796835e-6 3.605523701180598e-6 3.010385982856572e-6 1.2010781313236913e-6 8.41964957663331e-7 5.9755649486351e-7 3.5030828215326e-7 1.4124568608109604e-7 1.3903223910521482e-7 5.8210680070572676e-8 4.973180026974035e-8 1.4961053102519393e-8 1.3435320535263638e-8 1.2323114537919912e-8 9.513888424356309e-9 
0.49  0.7350230433663115 0.24632356553555748 0.008215311339571785 0.0060804359801974175 0.0030572598092063388 0.0010274594341700707 0.00012427735505999703 9.993548407524938e-5 2.431043308717803e-5 8.903200373725065e-6 5.8906972577906094e-6 5.090872646851164e-6 1.374936940406787e-6 1.2782263311343894e-6 8.195209878104282e-7 3.582680135368945e-7 2.4916491088690497e-7 2.1013195743648396e-7 9.282855940741602e-8 6.169433078491292e-8 2.1196427827398684e-8 1.7335455858326413e-8 1.4110140497157795e-8 1.4054050329064959e-8 5.024382086734243e-9 
0.5  0.6718153357493636 0.30800934227338317 0.008707584804094394 0.005357277353673002 0.0042991382483517585 0.00152462986664909 0.00012409024988173896 0.00010808927476600108 2.343660023670628e-5 1.0497468692956404e-5 8.076809875124007e-6 7.720043944089262e-6 1.379068342934775e-6 1.2711932052894744e-6 9.242297133949153e-7 4.0956269228896084e-7 2.910073242010057e-7 2.2880658782672886e-7 1.1678554206216155e-7 8.052708702610172e-8 2.3368224295567187e-8 1.7564197412602174e-8 1.5966302883075022e-8 1.4757952269357273e-8 6.08276734249857e-9 2.3371490856604407e-9 
0.51  0.6138027458947346 0.3663280996138653 0.007916455793235818 0.004991925131660499 0.004676175585585939 0.002017111938446868 0.0001092491112974105 0.00010384341253343326 2.0823289779279162e-5 1.0316748367932959e-5 9.973880908225287e-6 9.00899638398539e-6 1.1623806625296544e-6 1.0028690989196583e-6 8.816182232359346e-7 4.62660595687792e-7 2.589791104077913e-7 1.9964261898286847e-7 1.1906689915300305e-7 1.0038005308614685e-7 2.0785778576119187e-8 1.7483448502674203e-8 1.7006154037991125e-8 1.5730788007816025e-8 6.660442016192182e-9 5.339329084815718e-9 
0.52  0.5699929390601456 0.4115110890348424 0.006680625213978281 0.005027914790112847 0.004146525723923966 0.002408850564759667 9.131134152771073e-5 9.047690971095654e-5 1.808656098794308e-5 1.1333417982474122e-5 8.950385128786268e-6 8.517164655452504e-6 8.516159282807204e-7 7.277656429922255e-7 7.145382258064666e-7 4.4099037610502533e-7 2.2185774529444345e-7 1.380412522830899e-7 1.1484535917959151e-7 9.660514169406432e-8 1.682511312702667e-8 1.5287550437869377e-8 1.519440347946368e-8 1.4853055058524746e-8 6.339932969056384e-9 5.072518554913793e-9 
0.53  0.5409499474181964 0.44218014179406717 0.005542340581504926 0.0046749788203833435 0.003780768687136427 0.0026759258387828813 7.6831687757249e-5 7.403679953635446e-5 1.5926961236593404e-5 1.1909654307600487e-5 7.3498163508348185e-6 7.304835560784831e-6 5.942896048848368e-7 5.36032577889456e-7 5.162638322778913e-7 3.784729384728626e-7 1.785781715649136e-7 1.2188884795052554e-7 8.870790859121994e-8 7.340856942602636e-8 1.3495042541004668e-8 1.3290227177127032e-8 1.148637035600593e-8 1.1191093859557422e-8 
0.54  0.5228630402507985 0.4617523630006962 0.0046407225644798525 0.004195886881066563 0.0035398494335259823 0.002842726964757937 6.395001528595675e-5 6.125387992743763e-5 1.4405431497611136e-5 1.2030301237063524e-5 5.965254965585346e-6 5.8822666710519006e-6 4.15610869778091e-7 3.9065266714518924e-7 3.731745557318671e-7 3.107689748662232e-7 1.554096432668405e-7 1.2283674699039556e-7 5.9149701967557534e-8 5.211338856666247e-8 1.256595975643039e-8 1.150408197144085e-8 1.0450807249633421e-8 9.517696231342454e-9 
0.55  0.5118381929194585 0.4740257368500868 0.003949682149362114 0.003722106695889763 0.003381292415281883 0.002941639672024684 5.361207747933982e-5 5.159241465899337e-5 1.3338650765391309e-5 1.1928187310029383e-5 4.748186206769784e-6 4.646511690863955e-6 2.956203311796091e-7 2.8374322207620513e-7 2.810082317626596e-7 2.553999120042323e-7 1.3474571796071796e-7 1.1814182395158181e-7 3.934667941307358e-8 3.525510561311472e-8 1.1912078788318234e-8 1.135106546710976e-8 8.66581169192634e-9 8.079806872381836e-9 
0.56  0.5051353325238596 0.48175652279735137 0.0034148060476343945 0.0032983759319178156 0.003274551169685074 0.0029978163489307783 4.5566956301989356e-5 4.4254964181040164e-5 1.257173225306288e-5 1.17297597004052e-5 3.732252450609244e-6 3.591397279994091e-6 2.2458181249200954e-7 2.160209586168225e-7 2.1524593354794682e-7 2.0151770526933287e-7 1.140220796026619e-7 1.0796618568646713e-7 2.5346752912338958e-8 1.450687994520371e-8 1.1296283393763604e-8 1.1056270719594185e-8 6.557592516985583e-9 
0.57  0.5011951689057511 0.48653888870569606 0.0032023562385409482 0.0030258282191361185 0.0029949936722918897 0.002934580477321099 3.947044867564372e-5 3.85874515092037e-5 1.2010780922354797e-5 1.1500476682886077e-5 2.875628198173621e-6 2.8136639568548044e-6 1.9217172082660323e-7 1.9159745930022004e-7 1.561791442891461e-7 1.5265793337671633e-7 9.474607184898009e-8 9.305360496807517e-8 1.200492410701204e-8 1.1345022040922212e-8 1.0848248306350865e-8 1.0727191372641925e-8 
0.58  0.4987831404133149 0.4896517811925252 0.003150250453592403 0.003038411644149831 0.002655301107193808 0.0026241221912266344 3.472913545974125e-5 3.415202478734035e-5 1.1576110632892755e-5 1.1267387305965503e-5 2.249618610854199e-6 2.2309304899072117e-6 1.7621485383663444e-7 1.743207635166478e-7 1.2081359560459986e-7 1.2004181865033833e-7 7.7871547756438e-8 7.747153884910065e-8 1.0425600835750966e-8 1.030628017628685e-8 1.0302318881310183e-8 1.0022396004366019e-8 
0.59  0.49738006411342683 0.491641014542754 0.003112120856409185 0.003040720794943983 0.002377061827220531 0.0023607523337797775 3.1019720737537024e-5 3.067347085503428e-5 1.1233252301028777e-5 1.1043958114883099e-5 1.808693946384408e-6 1.7937450838150907e-6 1.658158754856436e-7 1.6397518226728745e-7 9.795190765765046e-8 9.731697692213335e-8 6.442437748211628e-8 6.427098944944845e-8 1.0000242102368357e-8 9.938961758622887e-9 9.578599569001844e-9 9.417316340602965e-9 
0.6  0.4965941801895435 0.49292280941639705 0.003083147983492831 0.0030368167553044916 0.0021453572821590844 0.0021367202810615386 2.79837900321178e-5 2.7749155190226204e-5 1.09513268411756e-5 1.0830955285465438e-5 1.441209917668521e-6 1.409632331304507e-6 1.5791137381483304e-7 1.563986849790169e-7 8.040942839265081e-8 7.327045588540369e-8 5.3307540402786205e-8 5.3227166583576164e-8 9.47836596749348e-9 9.397602838828988e-9 8.62182431779165e-9 
0.7  0.49673049569357214 0.4953237610741325 0.0029494757940509817 0.002941093513196811 0.001005874253289026 0.0010029648590920376 1.341672326180056e-5 1.3378661525029814e-5 9.403462572982849e-6 9.37752129872045e-6 2.1004934578146906e-7 2.015106931807471e-7 1.260130130181517e-7 1.2508321430442967e-7 2.6385524713643055e-8 2.3501825752730792e-8 2.0666442029459127e-8 2.0608451978255857e-8 4.625499139894059e-9 
0.8  0.501434580903959 0.4915405093867344 0.002903527399933566 0.0028462462916194753 0.0006273354055695948 0.0006149198469387639 8.551890532459318e-6 8.382889623953768e-6 7.85261620069925e-6 7.6922702636743e-6 1.1329570543450274e-7 1.1108623815066284e-7 5.322179176906554e-8 5.1771710620930004e-8 1.9470258626616096e-8 1.9076918211836723e-8 1.670963340999665e-8 1.6466368766239707e-8 
0.9  0.5001869254180638 0.4932484856302294 0.002843894470878016 0.002804477286584757 0.00044856345929368904 0.00044234172672780235 7.750546826242184e-6 7.642507692163392e-6 4.840872474825062e-6 4.774355505883743e-6 1.0395317088901913e-7 9.990698477332817e-8 2.569704385010488e-8 2.3620545920566327e-8 1.924144134067453e-8 1.8970726942073042e-8 1.2335811263453491e-8 
1.0  0.5003375295480645 0.4933740315417326 0.002804298650185066 0.002765155539969928 0.0003517188900876527 0.0003467673299065232 7.063451398880912e-6 6.962356223763715e-6 3.129974646155208e-6 3.081790582953441e-6 9.494687851533845e-8 9.323894745826023e-8 1.8966092774846714e-8 1.8668024426168342e-8 1.7773392802438925e-8 1.7333866999733018e-8 
1.1  0.49736711468198713 0.49653031413732696 0.002755129544085633 0.002750496037808492 0.0002900919628207576 0.00028960295377144824 6.411591422702145e-6 6.400818758098165e-6 2.0986065507573664e-6 2.0949564732791615e-6 9.003996664300145e-8 8.989449119906208e-8 1.834814885328728e-8 1.831563251318683e-8 1.407818347357138e-8 1.4032576171756156e-8 
1.2  0.49849692956409447 0.4955363772598102 0.0027342247345711296 0.0027180114596738443 0.0002505152893869409 0.0002490278925757688 5.883881256425548e-6 5.849058349905195e-6 1.4795923629068729e-6 1.4705566116617583e-6 8.698677613569291e-8 8.646871797707577e-8 1.7547030329471446e-8 1.734898289429953e-8 1.124829137848649e-8 1.1111508450981667e-8 
1.3  0.4979996448595642 0.4961382533776467 0.00270859526851608 0.002698483187874382 0.00022134393969560828 0.00022051710543178937 5.400379722126792e-6 5.380251977747127e-6 1.083107670643252e-6 1.0788665807450638e-6 8.428723355989026e-8 8.398768578447826e-8 1.6703784806461924e-8 1.662881146706449e-8 9.057676981758382e-9 8.990129224681104e-9 
1.4  0.5010954448260596 0.4931266217654142 0.0027054773344391365 0.0026624532257566802 0.00020070109462958101 0.00019750783116264864 5.010007062818354e-6 4.93030381168772e-6 8.288211555417163e-7 8.154467263457576e-7 8.261360483475831e-8 8.129855499211455e-8 1.5694628010445468e-8 1.5517082258811247e-8 7.114218483628206e-9 7.1056955658579025e-9 
1.5  0.5008246521576991 0.49346718799358263 0.0026865577289224896 0.0026470773885154154 0.00018328784423977623 0.00018057204862528595 4.6333094934362395e-6 4.563639027320184e-6 6.467643773286603e-7 6.272752858383279e-7 8.068105360601843e-8 7.946494788261997e-8 1.4648565750553719e-8 1.43851518076666e-8 4.670512992370907e-9 
1.6  0.5026768487494859 0.49167380508661485 0.0026810732723451802 0.0026224053816233904 0.00016991107519166623 0.00016619003547074226 4.3207922501218786e-6 4.226042443006803e-6 5.233561338554638e-7 5.090007687152334e-7 7.933361244015732e-8 7.759713212954477e-8 1.3578046918332213e-8 1.3287727764081557e-8 3.4111546550552308e-9 
1.7  0.5028018937798425 0.49159944520413307 0.002667952863553944 0.0026086427975925497 0.00015829408641571731 0.0001547753672272218 4.029965605065161e-6 3.940744380632886e-6 4.27966203858932e-7 4.185372077763159e-7 7.790032159758997e-8 7.619206316734708e-8 1.2434358350574927e-8 1.2161096518982397e-8 
1.8  0.5027152480909224 0.4917303057567821 0.0026552383117443585 0.0025972178340285534 0.0001484386539393657 0.0001451950503131942 3.7728093116199444e-6 3.690367670903025e-6 3.6339189579492096e-7 3.554505257931433e-7 7.666884633246712e-8 7.499317165717606e-8 1.1434755057240451e-8 1.1186095334655523e-8 
1.9  0.5036055302937628 0.4908789649773957 0.002648836093720494 0.002581895190109901 0.00014025677255776156 0.00013671214302738113 3.5512553538148075e-6 3.4614898189006645e-6 3.1475488438677845e-7 3.0679588909162364e-7 7.570213423565549e-8 7.378670785865156e-8 1.0513795536415429e-8 1.0230845464484917e-8 
2.0  0.5040695351448322 0.4904497353636583 0.0026411458408000447 0.0025697735213679592 0.00013304130504611283 0.00012944592018438296 3.3508092154805267e-6 3.2602151106720814e-6 2.7637653375917516e-7 2.6889947457254777e-7 7.47801433838975e-8 7.27561395679463e-8 9.667800544947043e-9 9.399697068147783e-9 
2.1  0.5044383306963632 0.49011216391080453 0.002633819182083568 0.002559017486144776 0.0001266839738727779 0.00012308608734612692 3.170715931707376e-6 3.0806711528160815e-6 2.4548780067848866e-7 2.3851669772877357e-7 7.392703706445239e-8 7.182999220277967e-8 8.87701542526265e-9 8.637759602891918e-9 
2.2  0.5040730434190267 0.49050569368714597 0.0026234354401772284 0.002552803469408632 0.00012087805600365992 0.0001176232813162659 3.004627603578793e-6 2.9236691848529136e-6 2.2001857547234297e-7 2.140784133231078e-7 7.306752723011284e-8 7.109346406085943e-8 8.143474974597985e-9 7.948679756805501e-9 
2.3  0.5036965498908684 0.4909078737649714 0.0026136555564043626 0.0025472942271033304 0.00011568838806312513 0.00011275092950209352 2.8547323636524688e-6 2.7822364317221573e-6 1.9890428980858896e-7 1.9385003441903657e-7 7.228026077166438e-8 7.04426277077173e-8 7.460099232440401e-9 7.336982435861482e-9 
2.4  0.503647155642665 0.4909807753668578 0.0026061686957448487 0.0025406231998744513 0.00011109265140612012 0.00010829850827828553 2.720792065865965e-6 2.652340595973872e-6 1.8114846904914243e-7 1.765870401401641e-7 7.158921772329825e-8 6.978385754617028e-8 6.9310181039028426e-9 6.762910941978187e-9 
2.5  0.5032696314129647 0.49137987377933484 0.0025975124542743848 0.0025361625879682056 0.00010686453694042397 0.0001043415213092694 2.5970651286172653e-6 2.535915234169367e-6 1.6591873809338027e-7 1.6203503343787545e-7 7.08983886550754e-8 6.923661855086526e-8 6.389092022663432e-9 6.2489770258896956e-9 
2.6  0.5031554666915296 0.4915140628654841 0.0025906741577080695 0.0025307045983198194 0.00010307369115957518 0.0001006761251763287 2.4843521944936905e-6 2.4134108043834424e-6 1.5271361496796858e-7 1.468301426910598e-7 7.032653020255843e-8 6.85957894607442e-8 5.6415486190178e-9 
2.7  0.5031322045701146 0.4915557447838122 0.002584726243671333 0.0025252508159433738 9.962453350562841e-5 9.732942923099953e-5 2.3798502002153023e-6 2.319416442157806e-6 1.4093784010396286e-7 1.3654972711014152e-7 6.976699800907811e-8 6.813715029167144e-8 4.965366641962823e-9 
2.8  0.5032738499968877 0.4914312528914446 0.002579993093530632 0.0025192708943964394 9.649578328427046e-5 9.422103836945615e-5 2.2880803591902336e-6 2.2284376718133783e-6 1.3124303752805713e-7 1.2693828642079636e-7 6.929447461509865e-8 6.764153328386752e-8 4.666725960826207e-9 
2.9  0.5032282366519635 0.49149284795253473 0.00257462550526556 0.00251458721852285 9.35773922246135e-5 9.139517579503694e-5 2.201683180322741e-6 2.1467634980641452e-6 1.2251684527318843e-7 1.1871676065544773e-7 6.883105577779661e-8 6.721945655841277e-8 4.3728982439467075e-9 
3.0  0.5033233313407585 0.4914126909620496 0.0025702887227263722 0.0025094681931604104 9.090698941000142e-5 8.875604637180776e-5 2.123073214253578e-6 2.069480455934136e-6 1.1482435833006239e-7 1.1112920217659548e-7 6.840347757327455e-8 6.678307166566406e-8 4.0517465305761266e-9 
3.1  0.5033594000500397 0.49139062097891845 0.002565928356094713 0.0025049122108308447 8.842179811241206e-5 8.631798317430328e-5 2.0488184366072935e-6 1.999389553123227e-6 1.0745053921095735e-7 1.048760728138351e-7 6.800702367132585e-8 6.637117269218821e-8 3.7100315806902846e-9 
3.2  0.5033922376939429 0.49137101597520505 0.0025617695194333095 0.0025005894194248266 8.610459166800504e-5 8.404804887841842e-5 1.9751706092223417e-6 1.927989903437232e-6 1.0020415328218514e-7 9.780923422097004e-8 6.759527670960156e-8 6.598227018137592e-8 
3.3  0.5033814865784866 0.49139411723528825 0.0025576401422999044 0.002496774243173667 8.393989709373733e-5 8.194250966778848e-5 1.912369598489032e-6 1.8669125489865533e-6 9.471244086437193e-8 9.246121262967873e-8 6.73042228611762e-8 6.563396914032552e-8 
3.4  0.503428997891626 0.49135827538990445 0.002554044265388266 0.0024928192262196097 8.192726080914945e-5 7.996351127989733e-5 1.8537322241863573e-6 1.8093002703005456e-6 8.966444221497757e-8 8.751604601060264e-8 6.695583851435053e-8 6.528595023535157e-8 
3.5  0.5033659439416106 0.49143239245701 0.0025500517035630726 0.002489607184697588 8.002344167017808e-5 7.812675414732494e-5 1.79867754397783e-6 1.7560435317829602e-6 8.509068838266181e-8 8.30716271357053e-8 6.664171744545803e-8 6.49921913171453e-8 
3.6  0.5034178352572986 0.49139099309555784 0.0025468116904885795 0.0024859806918255717 7.825205300190267e-5 7.638312156280086e-5 1.7474037638511402e-6 1.70567560634651e-6 8.0962535484888e-8 7.903259257669123e-8 6.632895839011233e-8 6.468680748361567e-8 
3.7  0.503438080989044 0.49138069860257666 0.002543579245179776 0.002482672634603087 7.65807455042929e-5 7.474714697659559e-5 1.6991856938948315e-6 1.658511626905069e-6 7.715751021442193e-8 7.532213969627697e-8 6.60482438969998e-8 6.44109033127449e-8 
3.8  0.5034231290717563 0.49140509864927995 0.002540332590545757 0.002479687427329117 7.5000045109081e-5 7.320956193129067e-5 1.6534255248799728e-6 1.6139535120242887e-6 7.359564243708257e-8 7.184829720458814e-8 6.569977507244505e-8 6.413129674224618e-8 
3.9  0.5034247197366125 0.4914125098259989 0.0025372990594339554 0.0024767563860690466 7.350887263018533e-5 7.175488287789412e-5 1.6106214107772163e-6 1.5721933435358123e-6 7.038365740270833e-8 6.871724488502586e-8 6.544122952227397e-8 6.387949100373191e-8 
4.0  0.5034241226320971 0.4914217101069277 0.002534369792285098 0.0024739572122768985 7.209683180438619e-5 7.037838754114355e-5 1.5701615294723542e-6 1.5327433762500017e-6 6.741390278342075e-8 6.582057557265688e-8 6.525489765309061e-8 6.364278622453319e-8 
4.1  0.5034325963323538 0.49142142667633626 0.0025316306907723156 0.002471229740444631 7.076070082059831e-5 6.907247312054095e-5 1.531892521250575e-6 1.495347255549186e-6 6.496151228461368e-8 6.465181437394336e-8 6.341157610690021e-8 6.312147226377079e-8 
4.2  0.5034354417043438 0.49142642112419377 0.0025289662535456317 0.0024686400576244077 6.949121540718114e-5 6.783358582908893e-5 1.4955662395093327e-6 1.4598947677878793e-6 6.473248892420131e-8 6.318832137914576e-8 6.207314279398171e-8 6.060409812605605e-8 
4.3  0.5034378420307399 0.49143152407624613 0.0025264060166518515 0.0024661548061412973 6.828439779883907e-5 6.665593570244161e-5 1.4610855054779596e-6 1.4262453547946374e-6 6.451153719893988e-8 6.297300771348129e-8 5.966555989773866e-8 5.8255756694037566e-8 
4.4  0.503438651536295 0.49143790435015394 0.002523937373622031 0.0024637730881261707 6.713542826892705e-5 6.55351167112497e-5 1.4283072083670626e-6 1.3942653929402438e-6 6.429795024388505e-8 6.276523462598334e-8 5.741083917094382e-8 5.606019878699961e-8 
4.5  0.5034411352760187 0.4914423165702361 0.0025215709031909533 0.0024614729755229083 6.60405970407322e-5 6.44666449893918e-5 1.397165646875709e-6 1.3638722915715416e-6 6.409449618728673e-8 6.256689202423147e-8 5.5319021874863185e-8 5.4014653453410254e-8 
4.6  0.5034448492156095 0.4914452372326042 0.002519287508510927 0.0024592489308600278 6.49958767557629e-5 6.344690342911354e-5 1.3675670938115325e-6 1.3349835857682525e-6 6.391935916641218e-8 6.238354063825269e-8 5.3371272246515317e-8 5.210738035015569e-8 
4.7  0.5034511088925152 0.4914453428555932 0.0025171109542976517 0.002457092337608365 6.399822390342462e-5 6.247221219575144e-5 1.339330981964709e-6 1.3074024405260915e-6 6.373415460919608e-8 6.2203234793206e-8 5.153747400346017e-8 5.031560000602299e-8 
4.8  0.5034552872974255 0.4914472885902003 0.0025150019513353735 0.0024550207911554676 6.304376898714492e-5 6.154010911275365e-5 1.3123817641366053e-6 1.2810756455866226e-6 6.355677119358216e-8 6.20294354726255e-8 4.9814978858384756e-8 4.863319276760976e-8 
4.9  0.5034594046563455 0.491449067927611 0.002512965061889165 0.002453021753773947 6.21298502932196e-5 6.064772425838255e-5 1.2866174849833165e-6 1.2559200519969738e-6 6.338463488457459e-8 6.186079127372068e-8 4.819353839796434e-8 4.704932822359661e-8 
5.0  0.5034641159162659 0.491450039846411 0.002511001083212633 0.002451085452810076 6.12541273211089e-5 5.979242890450787e-5 1.2620476363237304e-6 1.2319273267485226e-6 6.322593446958744e-8 6.170624321450971e-8 4.666810604671072e-8 4.556983141335877e-8 
