#mmax= 10
#m-states: all states (FBR)
#Nr. of sites: 17

0.0  -0.0  0.0
0.1  -5.282206262784344  0.2863178177348659
0.2  -42.78965963001931  0.9999999980043104
0.3  -47.67521131486308  0.5912962836027975
0.4  -110.78965962802384  0.9999999999999748
0.41  -120.78965962802381  0.9999999999999994
0.42  -121.54828330370333  0.6652748721159125
0.43  -81.8447716801997  0.5057578333579187
0.44  -118.80813893061847  0.9818532630245461
0.45  -119.48280680858376  0.707071421427496
0.46  -164.78965962802383  1.0000000000000007
0.47  -119.89435856835101  0.573820454051884
0.48  -117.4920891448518  0.7005959812519773
0.49  -156.78965962802383  0.9999999999999981
0.5  -121.14382611811929  0.7208613900696861
0.51  -119.7948012774511  0.5293687441327146
0.52  -164.78965962802383  1.0000000000000007
0.53  -166.78965962802383  0.9999999999999999
0.54  -121.63591857040284  0.6123546513533601
0.55  -216.78965962802383  0.9999999999999998
0.56  -170.9168831690166  0.8885522280757069
0.57  -216.78965962802383  1.0
0.58  -276.7896596280238  1.0000000000000007
0.59  -166.80785413830492  0.9821329018790773
0.6  -220.79213531316154  0.997530194062358
0.7  -212.78965962802383  1.0000000000000002
0.8  -282.7946048844153  0.9950725711784073
0.9  -280.7896596280238  1.0000000000000007
1.0  -284.79213531316157  0.9975301940623583
1.1  -348.7896596280238  Inf
1.2  -332.7896596280238  1.0
1.3  -358.79247000255964  Inf
1.4  -348.7896596280238  Inf
1.5  -414.7896596280238  Inf
1.6  -520.7896596280239  Inf
1.7  -496.7896596280238  Inf
1.8  -512.7896596280239  Inf
1.9  -428.7896604595522  Inf
2.0  -506.7896596280238  Inf
2.1  -502.7896596280238  Inf
2.2  -510.7896596280238  Inf
2.3  -592.7896596280239  Inf
2.4  -428.78966577253397  Inf
2.5  -508.7896657722173  Inf
2.6  -516.7897111711166  Inf
2.7  -506.7896596280238  Inf
2.8  -510.8078095559416  Inf
2.9  -518.789659630085  Inf
3.0  -Inf  NaN
3.1  -682.7896596280239  Inf
3.2  -596.7897050421524  Inf
3.3  -Inf  NaN
3.4  -512.789705026923  Inf
3.5  -614.789705026923  Inf
3.6  -Inf  NaN
3.7  -Inf  NaN
3.8  -Inf  NaN
3.9  -586.7896596280239  Inf
4.0  -Inf  NaN
4.1  -690.7896596280239  Inf
4.2  -Inf  NaN
4.3  -690.7896596280239  Inf
4.4  -696.7896596280239  Inf
4.5  -Inf  NaN
4.6  -Inf  NaN
4.7  -Inf  NaN
4.8  -Inf  NaN
4.9  -Inf  NaN
5.0  -Inf  NaN
