#mmax= 10
#m-states: all states (FBR)
#Nr. of sites: 17
 
0.0  1.0000000000000004 
0.1  0.9968288321317671 0.002555588599282941 0.0006153228768234243 1.5681790225912793e-7 9.957422427361587e-8 
0.2  0.9866743790601474 0.010979986017053661 0.002339847462650645 2.7765753705181652e-6 1.7039636973850354e-6 1.3069210811059052e-6 
0.3  0.9667269497392383 0.02845434771938954 0.004766783116760706 2.3655115415541077e-5 1.7543839337825924e-5 1.019502942111126e-5 2.3002416964502634e-7 1.8485280214502018e-7 1.1056346578852922e-7 
0.4  0.9257656894179153 0.0667550193757406 0.007017471243479091 0.0003038860061818093 9.649392260498343e-5 5.254775984103139e-5 4.580940364359681e-6 2.9090139212612334e-6 8.293632474101772e-7 4.530253558124973e-7 5.649694638549078e-8 4.03924048718035e-8 2.3041996425194738e-8 
0.41  0.919124799517888 0.07311828444802232 0.007171282933321685 0.0003927679345494829 0.00011750452625343596 6.352856272130792e-5 6.101878328808019e-6 3.6746093829728435e-6 1.3527273183364857e-6 5.043963303696981e-7 8.202384823356735e-8 5.2747936445742694e-8 3.6006107167085953e-8 2.7687991341930813e-8 
0.42  0.9116628463799727 0.0802944603426691 0.007301198151395931 0.0005044599524818133 0.0001442785300725758 7.750481716792132e-5 7.88394958255515e-6 4.595053627046324e-6 1.9208756701297664e-6 5.665547934381919e-7 1.1402072763386764e-7 6.922371484208701e-8 5.378782768070789e-8 3.395299678115388e-8 1.4407299204585294e-8 
0.43  0.9032385028924235 0.0884212566645561 0.007404129907559275 0.0006428248588442502 0.00017864119441179742 9.542426776688919e-5 1.0015198251354914e-5 5.639772287162412e-6 2.5448537768763547e-6 6.328124670215286e-7 1.5884870222158872e-7 8.961698686520562e-8 7.473148205993192e-8 4.119286835367495e-8 1.796491195150996e-8 5.222702907103725e-9 
0.44  0.89366247472891 0.09768275622836331 0.007475847441392377 0.0008132843499628657 0.0002231193110154099 0.00011860694725942756 1.2512644785303585e-5 6.813420243884017e-6 3.333391743031614e-6 7.248217613215863e-7 2.15514901926118e-7 1.1558944743946819e-7 1.0480765774076522e-7 5.068069398393451e-8 2.235617850465839e-8 1.1112291757418566e-8 6.653392371103783e-9 
0.45  0.8826997277299697 0.1083103201636206 0.007511670032725242 0.0010194368175210071 0.00028079073027206504 0.0001488110623326427 1.5352071232313662e-5 8.091982566943674e-6 4.282850040947205e-6 8.253944687862627e-7 2.9127386080887127e-7 1.4608140726647036e-7 1.425638660298521e-7 6.211772853282868e-8 2.6229036022487353e-8 1.4655206927231055e-8 8.244145042546059e-9 
0.46  0.8701728740648182 0.1204849861295321 0.007507694653063876 0.0012571729605273191 0.0003543943429094675 0.00018791961820841275 1.8388464153879578e-5 9.419616779877967e-6 5.311306210694113e-6 9.529493329503441e-7 3.872055575902208e-7 1.8598624932701577e-7 1.7898321045839115e-7 7.456091894098532e-8 2.970344978970856e-8 1.9338190269102207e-8 1.0116887049142224e-8 
0.47  0.8558591983179933 0.13443225303486778 0.007460173324274147 0.0015217037443535034 0.0004472937043225992 0.00023832180325096774 2.1575371317531104e-5 1.076664251670189e-5 6.44931177857949e-6 1.1244165552487261e-6 5.091668987905869e-7 2.414700377130516e-7 2.1899355049284558e-7 8.885793338352022e-8 3.300356168327554e-8 2.642869664344945e-8 1.25861007216171e-8 9.82198976341421e-9 
0.48  0.8395931696592797 0.1503295450805425 0.007365952006019757 0.0018004859264664956 0.0005613081579912032 0.00030244294009822614 2.4672274715390515e-5 1.2026209436892174e-5 7.643232695629114e-6 1.3484751979788116e-6 6.547322700855618e-7 3.0235467287766066e-7 2.4978995404781195e-7 1.0200351631890753e-7 3.586944251967222e-8 3.4233371662527667e-8 1.534471948186651e-8 1.1709608548999254e-8 
0.49  0.8212386033968984 0.16832579613537735 0.007223210402992298 0.0020789026612004907 0.0006975883538473546 0.000382890361606576 2.759233313130972e-5 1.3159483783474812e-5 8.916459550296035e-6 1.6416901890944484e-6 8.230060307151506e-7 3.732191831876386e-7 2.7430753980127056e-7 1.1439068623041585e-7 4.306896476745243e-8 3.847273247036492e-8 1.847336666426022e-8 1.3782920199304382e-8 
0.5  0.8009118866120166 0.18833036721090185 0.007034062913199577 0.002331598617100768 0.0008525372617998536 0.000481026001085616 3.014089286130558e-5 1.4095682302173436e-5 1.0239113682108118e-5 2.012692540329105e-6 1.0055059360917596e-6 4.67999843010506e-7 2.9092664973389925e-7 1.2504229484481134e-7 5.256630190244933e-8 4.083408511999733e-8 2.644262935461289e-8 1.6139862785705386e-8 7.544906795773113e-9 
0.51  0.7788529129933245 0.21012694564301695 0.006802979395979354 0.0025371611465005595 0.0010194997249582925 0.000597341410306573 3.212973599275817e-5 1.4792365344822715e-5 1.1460461535746438e-5 2.4629865000729182e-6 1.1759162103125708e-6 5.460217476915045e-7 2.991482999130052e-7 1.3182931125815732e-7 6.086231156975868e-8 4.2688243945395885e-8 3.1284042473043235e-8 1.846884193773863e-8 7.917532310795481e-9 
0.52  0.7554903504088749 0.23330610911677133 0.006537546619832953 0.002679490098705869 0.0011887628110938675 0.0007307783067693553 3.351989704647999e-5 1.5232232281368723e-5 1.2657729158575259e-5 2.9868722462320642e-6 1.324447693959365e-6 6.286355855861436e-7 3.0000071157463496e-7 1.3536513367018449e-7 6.756807440231454e-8 4.424180297972423e-8 3.638204933774857e-8 2.07997978315909e-8 8.466371301499548e-9 
0.53  0.731399992466378 0.25730437707176 0.006247769746544098 0.002750923651507008 0.0013485095394352342 0.0008787160093619103 3.424074619479768e-5 1.5422518944920113e-5 1.3740930765883479e-5 3.5690227111600612e-6 1.4246484979387106e-6 6.928404836703274e-7 2.948670340395805e-7 1.3565587938835798e-7 7.20202051693504e-8 4.531781971874567e-8 4.108142640373832e-8 2.296634310652672e-8 8.89870876721354e-9 
0.54  0.7073574109540663 0.2813512669915372 0.005946682981257798 0.0027509799526699514 0.0014860461011783565 0.001036195906689168 3.432204387716315e-5 1.538824473189658e-5 1.4696159106332374e-5 4.184739249450579e-6 1.467457479640573e-6 7.414354561549823e-7 2.8557799537918264e-7 1.3324423619074285e-7 7.396796025092641e-8 4.584217243521121e-8 4.465468274664401e-8 2.4750747860502534e-8 8.994906924465452e-9 
0.55  0.6839431042063268 0.30485605897823387 0.005644441412133396 0.0026916456680126724 0.0015936706147351022 0.0011988583575541483 3.3857332365375386e-5 1.551519650240648e-5 1.5181544406307687e-5 4.813873116210803e-6 1.4537925516470029e-6 7.808954433414402e-7 2.739318955863511e-7 1.294576732192957e-7 7.433443675540819e-8 4.7237277939360935e-8 4.5707794790147745e-8 3.149052965832784e-8 8.969646093393112e-9 6.9993649658177125e-9 
0.56  0.6618681740952618 0.32709634415029337 0.005352917303340564 0.002585206896340505 0.0016649680886029186 0.0013603360566658285 3.2890462495674827e-5 1.6137634693816324e-5 1.4841125552220886e-5 5.418066562167552e-6 1.3876158647706007e-6 7.800771981663826e-7 2.607572515564485e-7 1.2480204424186624e-7 7.178603547742652e-8 4.79364608607885e-8 4.4793553801075855e-8 3.236125974237974e-8 8.743295784919092e-9 7.247228979226209e-9 
0.57  0.6413583172192365 0.3478237338473416 0.005076862546026024 0.002450057486722494 0.0017020249906718303 0.001517746199467012 3.16075486273939e-5 1.6611895232949486e-5 1.4421135653021891e-5 5.987295449961363e-6 1.2909594925100852e-6 7.633002004014764e-7 2.471719907159908e-7 1.2070086591660977e-7 6.796213426846886e-8 4.828013794325025e-8 4.302145869832357e-8 3.253725056837622e-8 8.492242564019348e-9 7.409798977025597e-9 
0.58  0.6227167457030965 0.36671853687783224 0.004821897467749258 0.002298727328828853 0.0017071340414209376 0.0016670751027393295 3.007607833152037e-5 1.689831538189844e-5 1.3958344664643772e-5 6.503170282476695e-6 1.1731905175640105e-6 7.239238436309359e-7 2.3380788118466114e-7 1.1754150447189543e-7 6.329246543191952e-8 4.730824550669006e-8 4.1003901672616005e-8 3.1816281142657996e-8 8.312855250849765e-9 7.372177470643338e-9 
0.59  0.606117631375055 0.3835901127570218 0.004591584940584564 0.00214190303786237 0.0018051138974458435 0.0016855039406136899 2.8444235199488104e-5 1.7010248850007056e-5 1.3485700086145496e-5 6.958727934839625e-6 1.0464444583522763e-6 6.799507357850483e-7 2.2159939791093394e-7 1.1515134987989001e-7 5.842851002458522e-8 4.577286149571563e-8 3.7574635080557555e-8 3.0906747892544314e-8 8.014888502127084e-9 7.295760862800537e-9 
0.6  0.5914205264315258 0.39856477845514565 0.004384803374487227 0.0019880091003662646 0.001931667703739988 0.0016440019500015143 2.677627886671137e-5 1.6983921373901897e-5 1.3021665298977259e-5 7.357497240028643e-6 9.313712150794114e-7 6.310190891821114e-7 2.1033991962525954e-7 1.1398664335900413e-7 5.380421171164652e-8 4.38371773770484e-8 3.8701998589346464e-8 2.9735317535635263e-8 7.78296547519587e-9 7.2720942213650395e-9 5.771322998039721e-9 
0.7  0.5189645820539838 0.47309380432109366 0.00329187350706656 0.0026189034533556864 0.0009991359726119055 0.0009861751582477458 1.38097728523701e-5 1.2332152069535703e-5 9.925150716066954e-6 8.740617697531753e-6 1.957480589999673e-7 1.752999073359001e-7 1.4135593212115195e-7 1.1263967628027715e-7 2.4268581377034293e-8 2.392888572634399e-8 2.0237301514272187e-8 1.9851891296283204e-8 4.510070587239958e-9 
0.8  0.5025783196431223 0.49039550760169176 0.002976711624225754 0.002775426398470435 0.000628349364061297 0.0006128553403998629 8.577856551460432e-6 8.34653920418061e-6 7.840327494065998e-6 7.664644451511444e-6 1.169980606553979e-7 1.0810558914207237e-7 5.286090718621089e-8 5.101775581681503e-8 1.9241839676510143e-8 1.9186032020265625e-8 1.7046493435875512e-8 1.620364973204339e-8 
0.9  0.49853092925932097 0.4949040463865384 0.002857621744870504 0.0027911527053585926 0.0004488116323199275 0.0004421036769465776 7.715534698189523e-6 7.680789177174682e-6 4.8149488065197696e-6 4.799749772141594e-6 1.0561919024873411e-7 1.0246930431086602e-7 2.5918533945855886e-8 2.5803031253227474e-8 1.9119821673998623e-8 1.9096099428125547e-8 1.3042425944748389e-8 1.2503786482636783e-8 
1.0  0.4975218503389735 0.49618940714385734 0.0027968595223268537 0.0027727860454128004 0.00035064162922812474 0.0003479317599357786 7.0187340929788845e-6 7.011379369757463e-6 3.1110399247870396e-6 3.107175768032197e-6 9.775344566958844e-8 9.422398631782342e-8 1.8855686308914735e-8 1.8835633608748712e-8 1.8142236675269678e-8 1.7716593695802912e-8 9.703526623563874e-9 
1.1  0.49718375738749393 0.49671361714384027 0.002757437046811398 0.0027482332331517875 0.00029039547372189406 0.0002893087124308061 6.409129727017364e-6 6.40358042163652e-6 2.0977465471671143e-6 2.0959365293020583e-6 9.014596623924517e-8 8.979534154792498e-8 1.83011302159479e-8 1.8236722747144033e-8 1.4073971781796612e-8 1.4056192793295786e-8 
1.2  0.4970975487765045 0.49693560628990696 0.0027280431413435904 0.002724323274154247 0.0002500090976565669 0.0002495537027502708 5.8689900844064455e-6 5.865057128150959e-6 1.476059921314926e-6 1.4751456547294363e-6 8.682542066554359e-8 8.668458381219831e-8 1.759186063312874e-8 1.7413905236548392e-8 1.1321291523540018e-8 1.0627832270847924e-8 
1.3  0.497213203323957 0.4969246955576427 0.002704640052384911 0.002702434696597373 0.00022104957081745178 0.00022081477356757006 5.392307084950449e-6 5.388347524849184e-6 1.0815672752240065e-6 1.080680646897079e-6 8.417838067794008e-8 8.410150590825437e-8 1.666663963673251e-8 1.6502359935331814e-8 9.043623774110358e-9 8.629991763718572e-9 
1.4  0.4976193520793159 0.4966027073410193 0.0026867345536504108 0.0026812007889125576 0.0001993140579622326 0.00019889690577787008 4.975335708238966e-6 4.965037559434943e-6 8.231178931809944e-7 8.214181214630737e-7 8.204743827541477e-8 8.187597014400693e-8 1.5664270928261876e-8 1.5602751043877462e-8 7.1768651608053945e-9 6.99678562655954e-9 
1.5  0.49759701811545687 0.49669476340742585 0.0026692731547814075 0.002664410280022931 0.00018211147243559376 0.00018175793933766196 4.603953372940526e-6 4.593547129690813e-6 6.449151854693721e-7 6.291914662054067e-7 8.016133087667228e-8 7.997806296485981e-8 1.4563364657321153e-8 1.4453021500341368e-8 4.8676051191583426e-9 
1.6  0.4977333981554097 0.49661728458441035 0.0026547043661393917 0.0026487471504957295 0.00016823960006590136 0.00016785989874366545 4.2791761620035035e-6 4.267474272527318e-6 5.180364266313581e-7 5.143835072500747e-7 7.856558464774248e-8 7.83709273198842e-8 1.3483860045744327e-8 1.3402624466216356e-8 3.3513703032346313e-9 
1.7  0.49767103916573047 0.4967303257089911 0.0026407841520086194 0.0026357903676248423 0.00015668070312626587 0.00015638449588623306 3.989091764248441e-6 3.98155847775418e-6 4.234216907943117e-7 4.2262899589371074e-7 7.712520475001399e-8 7.69850625747146e-8 1.230689164375741e-8 1.228854504439279e-8 
1.8  0.4976569085777331 0.4967886418245898 0.002628522835463449 0.0026239366364045435 0.00014694510818195864 0.00014668867468177712 3.734853272036321e-6 3.72833159073983e-6 3.5974734046445116e-7 3.591188819259957e-7 7.58988800078352e-8 7.5766482721535e-8 1.1323973401017933e-8 1.1302522914525965e-8 
1.9  0.49763908372249016 0.4968454778154555 0.002617421469811997 0.00261324719340949 0.0001385932629139772 0.00013837222086386002 3.5090739803974766e-6 3.5034738779535e-6 3.1101729091318077e-7 3.1052106867594183e-7 7.480020851421688e-8 7.468039560192133e-8 1.0395487999206153e-8 1.0352745739461601e-8 
2.0  0.49751754756547195 0.49700171569604223 0.0026068130102733203 0.0026041133123637884 0.00013131151449765566 0.00013117562683064712 3.3071452644703514e-6 3.3037272050330056e-6 2.7302918596166426e-7 2.7274928294456185e-7 7.383259093896059e-8 7.376037660878873e-8 9.554464901968705e-9 9.476150103335146e-9 
2.1  0.4975434697410456 0.497007072708925 0.002597795658434572 0.0025949951656274186 0.00012495140478387197 0.00012481669778695618 3.127352859758356e-6 3.123984326831217e-6 2.4212925314919453e-7 2.41868489156329e-7 7.291982467342688e-8 7.284137587404138e-8 8.76824304911647e-9 8.759025095206648e-9 
2.2  0.4975745760711677 0.4970041969174426 0.002589586341303253 0.002586617579644699 0.00011931859496834058 0.00011918180544862683 2.9658469753379376e-6 2.962451860245094e-6 2.171917032091427e-7 2.1694327586144138e-7 7.212611470120955e-8 7.20430910360271e-8 8.064794732071416e-9 8.022210478570061e-9 
2.3  0.49759043974957157 0.49701398385997064 0.002581970185065332 0.0025789792084288804 0.00011428607054000364 0.00011415364980008176 2.8201907246115243e-6 2.8169224162896756e-6 1.9642850676524776e-7 1.9619883252506656e-7 7.139769489433263e-8 7.131472652816664e-8 7.419953478489216e-9 7.403770533389486e-9 
2.4  0.49760995705868394 0.49701798692406063 0.00257492123330217 0.0025718581407407713 0.00010976063812809417 0.00010963009700578704 2.6881579431308936e-6 2.6849711947266086e-6 1.7897676514136326e-7 1.7876529726657865e-7 7.072724110523745e-8 7.064296022226246e-8 6.8444369672527784e-9 6.822239845236084e-9 
2.5  0.49756146190824135 0.4970880874109217 0.002568037974095038 0.002565596864541103 0.00010565156119183832 0.0001055510329916316 2.56753130111165e-6 2.565058322615232e-6 1.640299236721353e-7 1.638645466950975e-7 7.010239598179908e-8 7.00355241229009e-8 6.31657005009123e-9 6.3094337894124635e-9 
2.6  0.4976187342008282 0.497050788475312 0.0025621639719254426 0.0025592207236334783 0.00010193371308323824 0.0001018168273584283 2.4497841697174326e-6 2.4484453766002097e-6 1.5033646276175688e-7 1.492938000962857e-7 6.953342076258589e-8 6.942006276823705e-8 5.2745669013840446e-9 
2.7  0.49764616812552714 0.4970418038337838 0.0025565307684419915 0.0025534242174053367 9.853660451493025e-5 9.841668203069596e-5 2.3509147177725094e-6 2.3484615972625145e-6 1.3926400827945036e-7 1.3832063600272026e-7 6.900686146095699e-8 6.891086041539656e-8 4.889614831534786e-9 
2.8  0.49767295414716123 0.49703215070377216 0.002551273084644767 0.002547988399665359 9.54198294525414e-5 9.529724347593803e-5 2.261289153118184e-6 2.255457080023737e-6 1.2977603856566095e-7 1.2851832348308795e-7 6.851648411606776e-8 6.844570183624612e-8 4.589047148702991e-9 
2.9  0.49770427452502464 0.4970167979502215 0.002546374420344897 0.0025428507306023505 9.255005519076273e-5 9.242276756383522e-5 2.174114825685118e-6 2.174040302547152e-6 1.2098987154877868e-7 1.201057563324192e-7 6.807575164625525e-8 6.796087792380717e-8 4.263667093098423e-9 
3.0  0.49771358840578667 0.49702242510052547 0.0025416456003333502 0.0025381202092053835 8.989422917196346e-5 8.97690197190731e-5 2.099008228007321e-6 2.09338797890717e-6 1.1355090667566731e-7 1.1234409818872177e-7 6.763487650493508e-8 6.754692130571142e-8 3.962248104275824e-9 
3.1  0.49774921881223866 0.497000799991962 0.0025373318868840153 0.0025335108292939778 8.743626762362345e-5 8.73035428736123e-5 2.0246550434966056e-6 2.023571765229718e-6 1.06573086174633e-7 1.0577088804693807e-7 6.724482567149861e-8 6.713024118692686e-8 3.7232741212369504e-9 
3.2  0.49775847333210466 0.49700474970387865 0.0025331156891494414 0.002529273527696006 8.514150995598802e-5 8.501076941462899e-5 1.953764654742052e-6 1.9500401844062756e-6 9.917192476692872e-8 9.889737540199837e-8 6.685396034067241e-8 6.673970094305048e-8 
3.3  0.49777444588318465 0.49700118037730034 0.0025291613250769487 0.0025252336265334276 8.300445809146818e-5 8.28754667812526e-5 1.8909288239497698e-6 1.8879761752513823e-6 9.362341062182947e-8 9.346224495412417e-8 6.649103274441273e-8 6.638134373683853e-8 
3.4  0.4977833787604599 0.49700394447798274 0.0025253856378535436 0.002521431089372848 8.100735681553226e-5 8.088046758634185e-5 1.8328613678452275e-6 1.8299849986079976e-6 8.864988807249258e-8 8.851618949651366e-8 6.614839041579069e-8 6.604909500148409e-8 
3.5  0.49779068622705674 0.4970077004071511 0.002521789279179299 0.0025178232387540163 7.913555629289723e-5 7.90110809650925e-5 1.7786371629924337e-6 1.775836590457144e-6 8.415171791379566e-8 8.401742120223503e-8 6.583220852369423e-8 6.573550183072978e-8 
3.6  0.4977969002433307 0.49701196892421434 0.0025183617351769165 0.002514392666239181 7.737736637984515e-5 7.725541092434306e-5 1.7277426871570591e-6 1.7250166975406765e-6 8.002936576878182e-8 7.989718632117964e-8 6.553816753084357e-8 6.54296309616067e-8 
3.7  0.49780311718346487 0.4970157007250062 0.002515096442508334 0.0025111199224143095 7.572271518544004e-5 7.56029847752359e-5 1.6799532166013592e-6 1.6772934328215357e-6 7.625713236579616e-8 7.61248056913192e-8 6.52535757469132e-8 6.514448265758206e-8 
3.8  0.4978093696317962 0.49701890448486896 0.002511982425631612 0.0025079935698116475 7.416250013093286e-5 7.40447185091238e-5 1.6349818525744447e-6 1.6323817026748184e-6 7.279102974743595e-8 7.266394623689791e-8 6.497695998377684e-8 6.487376074080402e-8 
3.9  0.4978150137314258 0.4970222650828392 0.002509002247039774 0.0025050066137359407 7.268850677422253e-5 7.257273141670264e-5 1.592604799383875e-6 1.5900647359620783e-6 6.960237011494137e-8 6.947679400209817e-8 6.472057618603032e-8 6.461749264092881e-8 
4.0  0.4978200992398954 0.4970257654546853 0.002506148073104089 0.0025021490721628637 7.129362114644919e-5 7.117984338575036e-5 1.5525727903922844e-6 1.550091900798167e-6 6.665242658753438e-8 6.653098556691216e-8 6.447520604914009e-8 6.437231087976104e-8 
4.1  0.4978248344587182 0.4970292277453396 0.002503412281294195 0.0024994112947507685 6.99715118727874e-5 6.98596667980203e-5 1.5146885234491302e-6 1.5122643123756786e-6 6.423965732153318e-8 6.413697961558833e-8 6.391413008262085e-8 6.37976237214277e-8 
4.2  0.49782921034258215 0.4970326885582776 0.0025007868602460923 0.002496785516812677 6.87164866941177e-5 6.860652184348428e-5 1.4787729348956169e-6 1.4764031779195211e-6 6.40129308895757e-8 6.39105001561653e-8 6.136286612049636e-8 6.125113377527879e-8 
4.3  0.4978340311239263 0.4970353684901527 0.002498268586328753 0.0024942605816863687 6.752352726745063e-5 6.741518277849447e-5 1.4447281590277794e-6 1.4424068098743525e-6 6.379712589657202e-8 6.369476836894513e-8 5.8994752681488e-8 5.8886243930075664e-8 
4.4  0.4978370367445982 0.4970395502931503 0.002495839503608036 0.002491841321792092 6.638771449834845e-5 6.628135041641634e-5 1.412393419012404e-6 1.4101274747579892e-6 6.359016568895743e-8 6.348829096417979e-8 5.6789156255000126e-8 5.668343086367833e-8 
4.5  0.49784237226516415 0.4970411096340673 0.0024935143044340358 0.002489500986596137 6.530546753545364e-5 6.520034317087289e-5 1.3816078491148907e-6 1.3793805631345946e-6 6.33896958894044e-8 6.328766251523152e-8 5.471741581410347e-8 5.4615844148318276e-8 
4.6  0.4978469595002942 0.4970431434610826 0.0024912720369648445 0.0024872494045058194 6.427259802496186e-5 6.416879805550834e-5 1.352312285077971e-6 1.3501247855522056e-6 6.319838656104052e-8 6.309619978437077e-8 5.2784267650908206e-8 5.2685148862397376e-8 
4.7  0.4978500817364995 0.497046385145002 0.002489104024286783 0.0024850856753493903 6.328562904822664e-5 6.318344767513634e-5 1.3243608199109448e-6 1.3222193826725541e-6 6.301362769741061e-8 6.291183184194761e-8 5.096531466993048e-8 5.0871161265174756e-8 
4.8  0.49785325239844463 0.4970493383586291 0.002487012378998286 0.0024829969912192 6.234161400445818e-5 6.22409449693954e-5 1.2977028933157765e-6 1.2956045225307939e-6 6.283787195902569e-8 6.273531483659882e-8 4.926318159867148e-8 4.916995110977354e-8 
4.9  0.49785680675172794 0.49705168025453345 0.002484996046802259 0.002480977846341222 6.143781772512308e-5 6.133845904368285e-5 1.2722148665095297e-6 1.270154588156606e-6 6.266646901501187e-8 6.256406912630842e-8 4.765632717988275e-8 4.756750675210136e-8 
5.0  0.4978601912277429 0.4970539642693584 0.002483051165313624 0.0024790366545027016 6.057193134558626e-5 6.047395415309092e-5 1.2478575615179925e-6 1.245835195168138e-6 6.25070914284768e-8 6.239417459727131e-8 4.6143414038963844e-8 4.6060147780889316e-8 
