#mmax= 10
#m-states: all states (FBR)
#Nr. of sites: 38
 
0.0  1.0 
0.1  0.9968288912318476 0.0025555319752725717 0.0006153201202582133 1.5710105377087974e-7 9.957156884978898e-8 
0.2  0.9866739309681312 0.010980373787822713 0.0023399004798319925 2.777112981323191e-6 1.7039449429181317e-6 1.3137062899569878e-6 
0.3  0.9667263948803259 0.02845484266623565 0.004766689618510678 2.3775088125094816e-5 1.75578291331075e-5 1.019856154284972e-5 2.3463137984487572e-7 1.8540725018095852e-7 1.1022792027189076e-7 1.1089579745965851e-8 
0.4  0.9254197101103309 0.06707094612166545 0.007010928156420681 0.0003353372165169572 9.910132301333034e-5 5.343300602347697e-5 5.2863626235270836e-6 3.109261635031441e-6 1.5192997976187616e-6 4.5139283181415623e-7 6.895604908721356e-8 4.186084167274684e-8 4.161948250128083e-8 2.5312766315769e-8 
0.41  0.9184974994333244 0.07368819380402042 0.007159605628700945 0.0004517721247923655 0.00012286511954729982 6.53445392796343e-5 7.314256940304506e-6 4.038754185430647e-6 2.5950709474172977e-6 4.95890815367874e-7 1.0404301372597563e-7 7.713715654202151e-8 5.5231169849884475e-8 3.490117668569059e-8 4.064929668926873e-9 
0.42  0.9105322429487973 0.08131399938976926 0.0072811462684002105 0.0006153648832700064 0.00015544510192447219 8.122675952024323e-5 1.0083720498554864e-5 5.226253380011506e-6 4.262936087995892e-6 5.69620711846335e-7 1.4891507210897916e-7 1.3393343324251003e-7 7.498410468432939e-8 5.3256193409065743e-8 2.1028834519859248e-8 
0.43  0.9011806214026575 0.09026528830868269 0.0073691659857656935 0.0008508591595484015 0.0002021601799136378 0.00010309541796509214 1.3961085482375382e-5 6.809388596969627e-6 6.7209028806883834e-6 6.478090240826568e-7 2.268479964873657e-7 2.2581068445931937e-7 1.0146139490392399e-7 8.344308963031551e-8 2.5389653206444326e-8 7.406667323358336e-9 
0.44  0.8899168728021905 0.10102182496875561 0.007414407990953817 0.0011987630460880837 0.0002728134782523818 0.000134373637876446 1.939250974699318e-5 1.1092653904501659e-5 8.592583015918439e-6 7.565625657702541e-7 4.119939477535922e-7 3.4606982743050146e-7 1.3810739486129993e-7 1.350642965131255e-7 2.9535449301194047e-8 2.2240106392997132e-8 1.6945891083284392e-8 9.80973943518373e-9 
0.45  0.8758249819531124 0.11440114749032797 0.007403274275175159 0.001740195980254618 0.0003878319742101601 0.00018149917623202824 2.742167687681682e-5 1.9750903542722218e-5 1.1004622834698365e-5 9.074590362717827e-7 8.235865846611693e-7 5.736178275994808e-7 2.3903717419319733e-7 1.90428808623349e-7 4.841224686658216e-8 4.781029312108506e-8 3.3618159485778436e-8 1.5519609837356844e-8 1.2457695958503155e-8 
0.46  0.8576626107919362 0.13155402337588568 0.007317871646215041 0.00254321358638084 0.0005798960153820041 0.00025467648383513153 3.7745998626704155e-5 3.170448601022485e-5 1.38367956209422e-5 1.4199029683642198e-6 1.1646243977887034e-6 9.345024554209399e-7 3.854827032107898e-7 2.4462968703469687e-7 1.0421804662094398e-7 8.722291019172575e-8 3.728594955478231e-8 2.2644677729304114e-8 2.0306312194530665e-8 
0.47  0.8335000660713217 0.1542973342563193 0.007132882219288308 0.0036715722569948157 0.0009057076509035564 0.000371297522768055 5.0218753989330436e-5 4.712649031491541e-5 1.692059136421682e-5 2.329015847649835e-6 1.6386342305840107e-6 1.5414370889351829e-6 5.717946312011334e-7 2.9415012776022844e-7 2.2129350195847883e-7 1.5235646407530076e-7 4.3905631413806585e-8 4.120365385495079e-8 3.3750833586072306e-8 6.644727915854361e-9 
0.48  0.800930974783368 0.18503197533365762 0.006818720814356322 0.0050648825225720175 0.001438063193343894 0.0005565567621196566 6.446980231030642e-5 6.377047243261823e-5 1.977204624366444e-5 3.7141942228197068e-6 2.578788582133739e-6 2.477982476768742e-6 7.672819004005547e-7 4.3325343757159913e-7 3.24196832435503e-7 2.79309083540773e-7 8.136661797453352e-8 7.564919048041331e-8 4.550762175294377e-8 1.7864016523615425e-8 9.960077190637415e-9 8.915537138859956e-9 
0.49  0.7586919109226569 0.22537055724978539 0.006362201307733119 0.006356495575117141 0.00219596143560413 0.0008323619250842608 7.76117356482955e-5 7.555217366994114e-5 2.158367176929627e-5 5.325261552190373e-6 3.963183572724472e-6 3.822898620371138e-6 8.883331997913057e-7 6.524154681173532e-7 3.9894073031526513e-7 3.3107208227384283e-7 1.4036274200823648e-7 1.046515423536871e-7 5.294054011189753e-8 3.8120920251447066e-8 1.3578717179157963e-8 1.3091221032319385e-8 1.021283159010973e-8 8.939193123552827e-9 
0.5  0.708950764467448 0.2737628414111291 0.007042086153785126 0.00579328273451033 0.0030491499584274235 0.0011946922003137554 8.24685285430916e-5 8.240043543317622e-5 2.1775863703330736e-5 6.5773076600560295e-6 5.604571792979013e-6 5.427613367667697e-6 8.851692447656604e-7 7.671592076088148e-7 4.776807767563196e-7 3.0760081312696633e-7 2.0914748532544882e-7 1.1597132540673266e-7 6.380472849434416e-8 5.0519895268946515e-8 1.5856532016613897e-8 1.4889138125058908e-8 1.2249203669556635e-8 8.705537638968123e-9 
0.51  0.6581928553152543 0.32415149910865754 0.006925689374421585 0.005194492329206106 0.0037318791168708706 0.0015967909689880136 8.289007519368235e-5 7.950967039143843e-5 2.0550170775792167e-5 7.476012973328214e-6 7.0889049371746265e-6 6.435583757226766e-6 7.769617070125109e-7 7.399207734911659e-7 5.026072353674811e-7 2.6920425407091516e-7 2.642810585950694e-7 1.0641622548279609e-7 7.816377812609142e-8 5.54458540559859e-8 1.591403011971475e-8 1.50083845838809e-8 1.0339872524576238e-8 9.10540187572217e-9 
0.52  0.6133806196035658 0.3694702113605403 0.0062678200631836505 0.004653428966622986 0.004059024050247036 0.001975153763420583 7.791596349544428e-5 7.211222082995407e-5 1.8677414605703303e-5 9.033123027511965e-6 6.8259392105556035e-6 6.6579912398622276e-6 6.246695909869629e-7 6.246107271485938e-7 4.7171612838074933e-7 2.895158038491783e-7 2.2941262352788594e-7 9.160023766288626e-8 8.658437978226181e-8 5.3225589206839895e-8 1.4382305345158254e-8 1.4325027879783939e-8 1.0158777458284877e-8 9.338823814492825e-9 
0.53  0.5780886058274803 0.405749531434373 0.005436107215897875 0.004216810318531713 0.004047041315430634 0.0022873844762298255 6.98141688390769e-5 6.34093446482948e-5 1.6810821879559737e-5 1.009538757637412e-5 6.200747778530249e-6 6.075900538135691e-6 4.88318883975436e-7 4.794926624706779e-7 4.033300633805422e-7 2.834154247802247e-7 1.966637213506058e-7 1.0156100964868982e-7 6.534724526539507e-8 4.604458914735307e-8 1.2467018464991137e-8 1.206499750342648e-8 1.147375273483696e-8 9.114785995810246e-9 3.746643243195602e-9 
0.54  0.5524843041762255 0.432476614010831 0.004652563692803595 0.0038903005831664723 0.003821299106569747 0.0025207326101391128 6.087351012376069e-5 5.514628067345712e-5 1.5250003575269832e-5 1.0695881048452395e-5 5.374701347235841e-6 5.1355631242972205e-6 3.684354905305036e-7 3.631834690083457e-7 3.226661995910655e-7 2.5969550242252954e-7 1.647701180906151e-7 1.0639337407539096e-7 4.745058944000092e-8 3.5608656299960315e-8 1.2625297800921738e-8 1.0743710553037174e-8 1.0158002123888963e-8 8.149962601623092e-9 
0.55  0.5343201663127538 0.45170684219786184 0.003991131529550694 0.0036497303340502422 0.0035076269948302514 0.002689177996598659 5.24274399151935e-5 4.797748060265826e-5 1.402766967463517e-5 1.0983691426457636e-5 4.442241842824647e-6 4.121900629912929e-6 2.7943471720813285e-7 2.741952173808514e-7 2.3933328516743154e-7 2.3128935243605807e-7 1.372597893922912e-7 1.0627663675217686e-7 3.1895638232680546e-8 1.3629246430805154e-8 1.181016641738413e-8 1.0763748873160715e-8 8.322466686411095e-9 
0.56  0.5220368368785341 0.46492826004189475 0.003478756643415947 0.003456796521853765 0.0031769423405756695 0.002802526366916166 4.549250990021013e-5 4.215010553438432e-5 1.3108672488080981e-5 1.1067860002286815e-5 3.596229235344709e-6 3.360180022440839e-6 2.244618643892334e-7 2.0878538918813704e-7 2.0672381221800762e-7 1.8713658373684043e-7 1.1417859216762268e-7 1.0063089753474752e-7 2.2598097397571543e-8 1.2326013386782908e-8 1.1402283824940549e-8 1.0711814975682138e-8 6.694277575628325e-9 
0.57  0.5135487973006416 0.47422041401956394 0.0033535205301432535 0.0030259018912537276 0.002879515258653107 0.0028650275147905475 3.968650069999604e-5 3.727632036825091e-5 1.2405025164128853e-5 1.1039131717065547e-5 2.8158882922326985e-6 2.693316230861445e-6 1.909233224298498e-7 1.906737060263123e-7 1.528408761096555e-7 1.462620114002616e-7 9.367884886279348e-8 8.938065799736106e-8 1.1810122391303073e-8 1.0885292503368993e-8 1.0446409374026019e-8 1.0401236401423024e-8 
0.58  0.5078497618533521 0.48059971260969003 0.003262743649497745 0.002928581271362296 0.002677708594514635 0.0025849965721743656 3.507328824987625e-5 3.339740516919983e-5 1.1867655965409646e-5 1.094574719188539e-5 2.2530234470859064e-6 2.1753516245045354e-6 1.7784866952482607e-7 1.7244656326330454e-7 1.2090091295779058e-7 1.1733380308891818e-7 7.703348602940716e-8 7.646082340559463e-8 1.0587594008000133e-8 1.0496149847648837e-8 1.0177323505606823e-8 9.692437896737291e-9 
0.59  0.5039732089208263 0.4850542463891226 0.0031950956269658328 0.0029591644997821118 0.0023917988615890615 0.002338475018730947 3.131544707564934e-5 3.017311885917824e-5 1.144323475797491e-5 1.0818748140580893e-5 1.809538035482039e-6 1.7604813057958831e-6 1.6790769608918916e-7 1.6178761328683436e-7 9.796718010790955e-8 9.587237756209213e-8 6.414078952564811e-8 6.364027060380634e-8 1.0064730560078192e-8 9.854115117733363e-9 9.703280436564678e-9 9.176754134824788e-9 
0.6  0.5013563470700099 0.4881648113094155 0.003143965118467549 0.0029767370422110963 0.0021539964433127234 0.0021234096670301734 2.8166864964729247e-5 2.738947906851048e-5 1.1100967229718866e-5 1.0671992857928083e-5 1.4111049592743667e-6 1.3934728093353952e-6 1.5966921353195223e-7 1.5450534380536877e-7 7.906282567601588e-8 7.263371301766373e-8 5.341082108485109e-8 5.268114998795804e-8 9.496073319499037e-9 9.37071329402823e-9 8.637810624811964e-9 
0.7  0.49686161660898426 0.49519248703593 0.002950963404041029 0.002939446861025292 0.0010062310648293008 0.0010029710980475203 1.3406175828665763e-5 1.3369466019514216e-5 9.405964366475372e-6 9.373225733096132e-6 1.9760582682323374e-7 1.9502662927123228e-7 1.2473407551627165e-7 1.242780237426311e-7 2.3374582109224837e-8 2.3139877795213762e-8 2.051950786737426e-8 2.0416674887618497e-8 
0.8  0.4973969012904877 0.4955782166253393 0.002880148343088093 0.0028696221335708255 0.0006222570288980854 0.0006199767661983921 8.482866842093881e-6 8.451832789455673e-6 7.786077609807096e-6 7.756001103337475e-6 1.1244183731340641e-7 1.1204154197077613e-7 5.2587230655484354e-8 5.214247223654499e-8 1.9310528417360233e-8 1.9222317563161786e-8 1.6662626323344473e-8 1.6625518990680383e-8 
0.9  0.49720727088607125 0.49622790602709854 0.0028270312637825126 0.0028214622912215775 0.00044593254815974027 0.00044505496957163935 7.707281817136894e-6 7.692136765994553e-6 4.8138824260354e-6 4.804472775537323e-6 1.0427992245484113e-7 1.0407849039154625e-7 2.598297605770676e-8 2.5936486109488687e-8 1.9141352119089496e-8 1.909730962668332e-8 1.2874130468978239e-8 1.284964351229077e-8 
1.0  0.4975588757191351 0.4961526392255011 0.0027887223954864947 0.002780754945476419 0.0003497636221906652 0.0003487430964447601 7.0239642337028935e-6 7.002111415661843e-6 3.112187576995971e-6 3.101610515999638e-6 9.443526390720585e-8 9.38565304359624e-8 1.8867396504887537e-8 1.878206364706346e-8 1.7681395611436336e-8 1.7499373180322518e-8 
1.1  0.5004390215132528 0.49345842803487927 0.002772138250693055 0.0027334646205087977 0.00029188289805488765 0.0002878140926868193 6.450973495830402e-6 6.361047769957742e-6 2.111431929464338e-6 2.0824865030229324e-6 9.05701183859559e-8 8.928153525846987e-8 1.8456006239282498e-8 1.8202070668667984e-8 1.4155647621545297e-8 1.398485059300874e-8 
1.2  0.4979288185739109 0.49610431175041403 0.002731191027844895 0.0027211958989264025 0.00025024028501088207 0.0002493253237161028 5.877847208310281e-6 5.856424596659695e-6 1.4784422634299277e-6 1.4731473585427183e-6 8.691548347848584e-8 8.65884432418757e-8 1.7616117083081026e-8 1.755331589349704e-8 1.1311681336655726e-8 1.1293708607880437e-8 
1.3  0.4988973155062183 0.49524069155206213 0.002713432786230045 0.002693545744376386 0.00022174034275237707 0.00022011301772104587 5.409812289316749e-6 5.370029106210762e-6 1.0850468628147855e-6 1.0766693847349914e-6 8.443367566976327e-8 8.37651203029136e-8 1.6734987801145983e-8 1.6611008720398618e-8 9.066950053168443e-9 8.881255376325268e-9 
1.4  0.49747568299508893 0.4967463968753722 0.0026859276426260646 0.0026819901034541367 0.00019925118036688102 0.000198957147524391 4.973875104854684e-6 4.966520256925127e-6 8.22880933345671e-7 8.213612302859078e-7 8.199808037960737e-8 8.189531910990679e-8 1.5643821332098104e-8 1.5619072457264906e-8 7.167531514994566e-9 7.09422110727411e-9 
1.5  0.49860037475570823 0.495691482050677 0.002674596793474531 0.0026590246939025303 0.00018245158188444593 0.0001814062268083912 4.6112420492265885e-6 4.5856078467139925e-6 6.404706663150475e-7 6.329563186399054e-7 8.025584482939283e-8 7.984853148579649e-8 1.4534257456024767e-8 1.4491843980054023e-8 4.490186739852863e-9 
1.6  0.4982983049021782 0.4960523550613347 0.002657732362749923 0.0026457405480557255 0.0001684301600096639 0.00016767058421238328 4.282954219527455e-6 4.263837217794639e-6 5.192882118004591e-7 5.131371380088277e-7 7.865462292044851e-8 7.829145332010076e-8 1.341757205582036e-8 1.338161696056533e-8 3.419408986633976e-9 
1.7  0.4982500777258708 0.4961513106993497 0.002643794524647906 0.0026327584976090696 0.00015685888050855854 0.00015620435954010457 3.9933651001890245e-6 3.977013571197376e-6 4.2405137002905586e-7 4.223141417605595e-7 7.720822377493616e-8 7.690800660766125e-8 1.2298498364956108e-8 1.2153564634793211e-8 
1.8  0.498249291039051 0.4961962605828909 0.002631650594917715 0.002620807485281836 0.00014711993098204132 0.00014651379186213275 3.739225244296635e-6 3.7238495680631277e-6 3.604044897424881e-7 3.589233301308039e-7 7.600339711646579e-8 7.569124816384535e-8 1.1313902930991438e-8 1.11638368606055e-8 
1.9  0.498029609827228 0.49645495511041415 0.002619473937978822 0.0026111917523825748 0.0001387017960357749 0.00013826326052304906 3.511796678114075e-6 3.500696494022056e-6 3.1128248362256236e-7 3.102986721863739e-7 7.48592643356249e-8 7.462268536727273e-8 1.0401636284315002e-8 1.0357523583183057e-8 
2.0  0.49816046404271713 0.4963588200232982 0.002610173137518776 0.002600734219846606 0.00013148060873491546 0.0001310052032456186 3.311410512713457e-6 3.2994492588675073e-6 2.7317231316740063e-7 2.7218699649422336e-7 7.390100159900996e-8 7.363493182122868e-8 9.542865402513148e-9 9.466760279143082e-9 
2.1  0.49815901791073786 0.4963915260539572 0.0026010091531808704 0.0025917804161113512 0.0001251058643235356 0.0001246619687220201 3.1312044571987187e-6 3.120088394883429e-6 2.4246494112297446e-7 2.4160370531352394e-7 7.301303599996054e-8 7.275283171091095e-8 8.782058951405292e-9 8.723545052949302e-9 
2.2  0.498194998913762 0.4963837472135337 0.0025928281711876193 0.0025834008712072327 0.00011946824600848419 0.00011903383285340984 2.969632529606182e-6 2.9588262323112056e-6 2.1739882930856157e-7 2.1660684819785536e-7 7.22180671207683e-8 7.1954285071034e-8 8.073824053333148e-9 8.040833345758494e-9 
2.3  0.4983212161610347 0.496283208242693 0.002585761068613057 0.0025751879525263525 0.00011445368058524078 0.00011398570880284361 2.824289758292048e-6 2.8127454784112326e-6 1.967024881391027e-7 1.9589888517322632e-7 7.149962496449828e-8 7.12087003157399e-8 7.43568845912218e-9 7.405121859601579e-9 
2.4  0.49824562592172594 0.49638240063039474 0.0025781779948908365 0.002568561730155866 0.00010989410172218207 0.00010948320522870952 2.6853209309579306e-6 2.6691206039389084e-6 1.781767513365343e-7 1.7643705227123595e-7 7.078043887134882e-8 7.050156320043099e-8 6.0785444465723155e-9 
2.5  0.4982073702058008 0.4964421631242574 0.0025713743017659095 0.0025622733265894485 0.00010579020369742598 0.00010541503223376856 2.5710803268176945e-6 2.5618732325772126e-6 1.6433153587781944e-7 1.6372466391878838e-7 7.021016423521452e-8 6.995023808240371e-8 6.319108494323749e-9 6.31638537710866e-9 
2.6  0.4983325504730485 0.4963369468966023 0.0025658386147515543 0.0025555688587412294 0.00010208046190757996 0.00010167211399000725 2.4560389986115333e-6 2.442594219289939e-6 1.5071621937143354e-7 1.4897901892619052e-7 6.962124565232953e-8 6.935153027546415e-8 5.279730503989192e-9 
2.7  0.49829078001944477 0.496397177572595 0.0025598493255708874 0.0025501198901638155 9.866504913062713e-5 9.828859549036576e-5 2.3557990854722106e-6 2.343444412153879e-6 1.3959556292658943e-7 1.3791389877978872e-7 6.908325359923619e-8 6.882407313895515e-8 4.8873187284509665e-9 
2.8  0.4982944333035121 0.496410669623548 0.0025544636537427174 0.002544800286783676 9.553981660789675e-5 9.51771066464942e-5 2.2622633988196614e-6 2.254272780835652e-6 1.2945201352765304e-7 1.2874035350075705e-7 6.861254858244477e-8 6.832931781365992e-8 4.538746499524371e-9 
2.9  0.49843903152630353 0.4962820505174364 0.0025501251335344646 0.0025390907035414195 9.268696210431722e-5 9.228557041637646e-5 2.180633770955763e-6 2.167549848937379e-6 1.2123988947490608e-7 1.1984891540421533e-7 6.816639105856805e-8 6.78661914005958e-8 4.281657637535382e-9 
3.0  0.49841665239789884 0.4963193613986649 0.002545234403172106 0.0025345308864770074 9.00208628485128e-5 8.96425094465504e-5 2.1024100380081232e-6 2.0900802588057963e-6 1.1360169905560466e-7 1.1228720157658026e-7 6.772905993688064e-8 6.745035938487074e-8 3.982876516654523e-9 
3.1  0.4984179349740411 0.4963320862489104 0.0025407358328590583 0.0025301045246649214 8.755291174098034e-5 8.71868822583286e-5 2.028369238500838e-6 2.0198466238370396e-6 1.0654637566418615e-7 1.0576661814045007e-7 6.733788402914617e-8 6.704226449076146e-8 3.7165221861931435e-9 
3.2  0.49843096860004027 0.49633226227029525 0.002536527012387402 0.0025258423077227313 8.525911230988172e-5 8.490049117933262e-5 1.957808615269964e-6 1.95017014572578e-6 9.956269972372709e-8 9.904280835969615e-8 6.69488845155023e-8 6.667291374138906e-8 
3.3  0.49840224668331423 0.4963734575551721 0.0025322937894405873 0.0025220247384434846 8.310683488281054e-5 8.277183781934184e-5 1.8930528171376642e-6 1.8856326203285276e-6 9.361171064794648e-8 9.334633743262055e-8 6.661437172695357e-8 6.630306829567215e-8 
3.4  0.4984196573915575 0.4963676697422698 0.0025286091864148035 0.00251820398792775 8.111075095489357e-5 8.07770023241331e-5 1.8350970325475035e-6 1.8275542175815046e-6 8.872447711415207e-8 8.837213452417399e-8 6.623570228702514e-8 6.595498704415973e-8 
3.5  0.49841955611560107 0.49637883218243695 0.0025249735253312523 0.0025146376934641777 7.923542231041154e-5 7.891112274365169e-5 1.7807842207134098e-6 1.7735017353880382e-6 8.4205276501275e-8 8.388837594951115e-8 6.591684169313071e-8 6.564166219289525e-8 
3.6  0.4984245111745517 0.4963843579352615 0.002521536359023858 0.0025112176309218387 7.747506617546715e-5 7.715806514676585e-5 1.7299723247305326e-6 1.722900014470381e-6 8.01105096471503e-8 7.980837867621753e-8 6.562588036039968e-8 6.535180809009727e-8 
3.7  0.4984336188150018 0.4963852014216912 0.002518279618307744 0.0025079344690010327 7.58185803214997e-5 7.550713606998631e-5 1.682051646461567e-6 1.6751499927887966e-6 7.633074487434483e-8 7.603268072816971e-8 6.533284007694639e-8 6.506170147076658e-8 
3.8  0.49843242120462056 0.4963958028380805 0.0025151493612089754 0.0025048727815315396 7.42570181974494e-5 7.39536780157909e-5 1.6372217446163641e-6 1.630545541807858e-6 7.288806387954757e-8 7.260419810096607e-8 6.506225433683909e-8 6.479654181820342e-8 
3.9  0.49843565729118444 0.4964016112000877 0.002512116320974045 0.00250190032565137 7.277976211168928e-5 7.248374745844075e-5 1.594680193434733e-6 1.5882256007750758e-6 6.968356200604787e-8 6.94111099791314e-8 6.48158201868625e-8 6.453624493736565e-8 
4.0  0.49844191418834777 0.4964039076164397 0.0025092980815071965 0.002499038503090285 7.13841762308217e-5 7.109235747817109e-5 1.5546824201738237e-6 1.5483343594861803e-6 6.672750635034295e-8 6.647694196403494e-8 6.455976389840183e-8 6.429591378490312e-8 
4.1  0.49844055711101415 0.4964134637838071 0.00250652755426886 0.0024963340119815744 7.005949972060547e-5 6.97746213195047e-5 1.516730369959963e-6 1.5105700329310825e-6 6.432502598814498e-8 6.406354612885195e-8 6.39816262011288e-8 6.374728736264545e-8 
4.2  0.4984488189089581 0.4964130411848985 0.002503917190725545 0.002493690751792297 6.880338336320794e-5 6.852241298447635e-5 1.480810429145392e-6 1.4747696141404331e-6 6.410112378912073e-8 6.383941943591511e-8 6.143559267898605e-8 6.121109917343833e-8 
4.3  0.49844732276374054 0.4964220402427973 0.002501363052360394 0.00249119968706864 6.760799526274375e-5 6.733332790225133e-5 1.4466909638648308e-6 1.4408195879233248e-6 6.388372847673938e-8 6.362425619621815e-8 5.9063971728877985e-8 5.884836007257572e-8 
4.4  0.49845206217633187 0.49642449041078024 0.002498938661978413 0.002488773761354517 6.647095607569235e-5 6.620060273385036e-5 1.4142951478609328e-6 1.408548450833864e-6 6.367600702868634e-8 6.341707151254572e-8 5.685172236777065e-8 5.664234510994971e-8 
4.5  0.4984515046812665 0.49643194461953605 0.002496580158640398 0.0024864649699279347 6.538653740039336e-5 6.512164329277788e-5 1.3834655165660037e-6 1.377866053730656e-6 6.347576881083277e-8 6.321865455211065e-8 5.478335142717553e-8 5.458059172384666e-8 
4.6  0.4984574827191915 0.4964325913213194 0.0024943407567622855 0.002484207209496434 6.435249421918929e-5 6.40909775555449e-5 1.3541140825889921e-6 1.3486034605765818e-6 6.328407988319998e-8 6.30270194656818e-8 5.284708856193396e-8 5.264572624565479e-8 
4.7  0.49845888901789454 0.4964375567250277 0.002492155995492266 0.0024820531678248206 6.336369001678667e-5 6.3106837500557e-5 1.3260527283191442e-6 1.3206822662688364e-6 6.314314469667314e-8 6.283834159837313e-8 5.10248337181276e-8 5.0824928327204034e-8 
4.8  0.4984631507737194 0.4964394218771486 0.002490066532672388 0.002479959239663079 6.241869957906277e-5 6.2165305499486e-5 1.2993848838536054e-6 1.2941123210654188e-6 6.295678535005652e-8 6.266423208277414e-8 4.9323065214070883e-8 4.9130431201050145e-8 
4.9  0.4984651259966218 0.49644334330339274 0.0024880400738735457 0.0024779502078142984 6.151346568786371e-5 6.126398958565567e-5 1.2738144161284343e-6 1.2686502468833429e-6 6.27821726843807e-8 6.248659771971882e-8 4.770865553292265e-8 4.752093480265329e-8 
5.0  0.4984668207903379 0.4964473303121372 0.0024860811288858805 0.002476010511083633 6.064599836512377e-5 6.040031094279868e-5 1.2494248295722836e-6 1.2443643554855647e-6 6.262204633044191e-8 6.232395039507643e-8 4.619755945968692e-8 4.6015506850481895e-8 
