#mmax= 5
#m-states: all states (FBR)
#Nr. of sites: 15
 
0.0  1.0 
0.1  0.9968294406809621 0.0025549305332131338 0.0006153721516004946 1.570982196699577e-7 9.95360051934533e-8 
0.2  0.9867309791495038 0.010920469161658761 0.0023431080677353317 2.749803616291225e-6 1.6933418573512288e-6 9.87321628975842e-7 1.315399927544755e-8 
0.3  0.9675939112664039 0.02756157980103548 0.004806664477799873 1.6343799340792642e-5 1.1501295671982632e-5 9.687383590042778e-6 1.1078714709102441e-7 1.0234084213873375e-7 9.8848168721492e-8 
0.4  0.9340293697719873 0.05849327167204838 0.007302756471066532 6.726093708148675e-5 6.636413714510593e-5 3.859043521934083e-5 9.203225819675422e-7 9.186870975352448e-7 4.5302677960620813e-7 5.0195728234417044e-8 2.3116972094190254e-8 2.122629278435998e-8 
0.41  0.9294344707859368 0.06285103086189374 0.007513428286625008 7.858109625813793e-5 7.562499236084746e-5 4.4027586124109334e-5 1.1083183541233912e-6 1.1081092167151133e-6 5.026538531755892e-7 6.452236692164782e-8 2.826239100097667e-8 2.4524620045580882e-8 
0.42  0.924534155621361 0.0675233921282369 0.007711434863859108 9.133605517578005e-5 8.609483168609856e-5 5.0231624123956835e-5 1.325585883388241e-6 1.3245827273939914e-6 5.546349956335863e-7 8.052575616065152e-8 3.428261404861982e-8 2.8086920129290063e-8 7.176660511008112e-9 
0.43  0.9192836296550218 0.07255643830290771 0.007894619586992264 0.00010604079544817667 9.797650512203944e-5 5.734647262727792e-5 1.580363364570219e-6 1.5752013534601874e-6 6.104436608339754e-7 1.0056731919131254e-7 4.187444487583976e-8 3.1968117447839005e-8 8.26362078272467e-9 
0.44  0.9136624625383978 0.07797207538849427 0.008061483950253646 0.00012246036338054854 0.00011140146099644656 6.550161772631407e-5 1.8674093639245353e-6 1.8581325064491962e-6 6.682510866148237e-7 1.2490842832722504e-7 5.03956768568072e-8 3.607375452803855e-8 9.509934541056659e-9 
0.45  0.9076236601348797 0.08381881454567908 0.008209792669254833 0.00014087617868519512 0.00012660163755016254 7.488853293317626e-5 2.1929023816735397e-6 2.176784823468831e-6 7.297872005471607e-7 1.5475934126031144e-7 6.071759777169405e-8 4.048018892732399e-8 1.0869484235459603e-8 
0.46  0.9011283678206197 0.09013692267080871 0.008337682512168083 0.0001613110521121134 0.00014378426315870803 8.570827485710812e-5 2.556626355985087e-6 2.5304547098293356e-6 8.051614337221491e-7 1.9143443959124194e-7 7.286308826140101e-8 4.525425215045972e-8 1.2457261839094805e-8 9.1547344226231e-9 
0.47  0.8941367671738025 0.09696804325924904 0.008443067957250163 0.00018364359135301936 0.00016313771614237502 9.81888944863586e-5 2.9615619479544167e-6 2.917046365304716e-6 8.749764105717097e-7 2.362042789333672e-7 8.70628190382605e-8 5.0086713573897216e-8 1.4062518242893486e-8 1.0406662885663734e-8 
0.48  0.8866172161300183 0.10434558013594199 0.008524213900880005 0.00020750373864030603 0.0001847801093514874 0.00011256502069847016 3.388132151859164e-6 3.3302133746717576e-6 9.481041747578873e-7 2.893076530735288e-7 1.0292623673509172e-7 5.497602457684692e-8 1.5578630364373495e-8 1.1726222948743754e-8 
0.49  0.8785433416752032 0.11229745072381556 0.008579619415610097 0.00023251649461000263 0.00020880263597340562 0.00012908205363140269 3.834046654887836e-6 3.763772868459284e-6 1.0257594076510535e-6 3.5246049541684113e-7 1.2077510287166842e-7 5.991414092525037e-8 1.7106403689333396e-8 1.3166082786833467e-8 
0.5  0.8699213583382164 0.12081870802303478 0.00860876262440884 0.000257886504042222 0.00023509651053061668 0.00014792340523470172 4.283955728891044e-6 4.206535895272085e-6 1.1090327933738117e-6 4.2634950804121744e-7 1.4049320805509552e-7 6.48922833575359e-8 1.8600013688418493e-8 1.4735102370038086e-8 
0.51  0.8607720880201871 0.12988947797499725 0.008611646070591342 0.0002827733537913727 0.00026343305743638484 0.00016923576208811638 4.7225280715117815e-6 4.646210916497599e-6 1.198277259878077e-6 5.11327229618901e-7 1.6128152576747747e-7 6.976994219123406e-8 1.9969609343491634e-8 1.6396353673587076e-8 
0.52  0.8511512814146603 0.13945420525977736 0.008589421772316008 0.00030624055656451187 0.00029338344541521706 0.00019306535312963306 5.133784709134791e-6 5.070716350872322e-6 1.2940610130344661e-6 6.07292497259291e-7 1.825407800582246e-7 7.450061745273375e-8 2.1175501692220693e-8 1.812666804612401e-8 
0.53  0.8411410881874307 0.14943016260576203 0.00854417713666189 0.000327432645458819 0.00032437155945600187 0.00021935847745347642 5.5042784062524e-6 5.46944713953132e-6 1.3969802066979847e-6 7.136014066248483e-7 2.0386059744219503e-7 7.908777425567273e-8 2.2220221787379835e-8 1.991202452295159e-8 
0.54  0.8308522098996143 0.15970519123249638 0.008479004840725283 0.00035569144197044174 0.0003456205645227669 0.00024793642730213224 5.833609740245265e-6 5.8230864811212805e-6 1.507131149093347e-6 8.288938562136972e-7 2.2454894170628615e-7 8.352657583085586e-8 2.308591947792317e-8 2.171070584999771e-8 
0.55  0.820406150701016 0.17015565426105675 0.008397496258880142 0.00038661769053258013 0.0003603505715614875 0.0002785327812313144 6.158350757193852e-6 6.08400782203013e-6 1.623935543061091e-6 9.514361915920921e-7 2.446793758997717e-7 8.787234689852897e-8 2.3931370593590733e-8 2.3522314991642956e-8 
0.56  0.8099311143439328 0.1806506333451534 0.008303608144481665 0.0004164582327649877 0.0003714331971133703 0.0003108010143464089 6.439332663864939e-6 6.283666172802115e-6 1.7470339024862299e-6 1.0785606482993225e-6 2.618397503875749e-7 9.193280288610878e-8 2.5153963639756494e-8 2.4202302514578776e-8 
0.57  0.7995437506211809 0.1910704926313973 0.008201124050600759 0.00044465032827615826 0.00037896366019569825 0.0003443740876967237 6.691425731774185e-6 6.432134005409806e-6 1.8750604013933023e-6 1.2089460840023989e-6 2.827423954975828e-7 9.640779650630528e-8 2.693203650771644e-8 2.469778810803458e-8 6.274412870607438e-9 
0.58  0.7893399773041588 0.20131663944400066 0.008093264403498366 0.0004707914204339353 0.00038322454843764826 0.00037888837253495603 6.893046412161858e-6 6.5207030203128995e-6 2.0052525146619562e-6 1.3392991752011791e-6 2.96608120052596e-7 1.000717198408481e-7 2.8283215931979746e-8 2.4728354334198644e-8 6.514403069955818e-9 
0.59  0.7794056580490064 0.21130037268742213 0.007983086646988227 0.0004945984991674851 0.00041398717808751207 0.00038459300484543045 7.0605161925310506e-6 6.562188471751886e-6 2.138234170523621e-6 1.4691353141199007e-6 3.087731730721049e-7 1.0380595036317426e-7 2.9593236748986218e-8 2.4887379828793775e-8 6.800594013665306e-9 
0.6  0.7697737183726262 0.22098700251382256 0.007872091597488542 0.0005160350560417283 0.0004494637463447946 0.00038357139122122114 7.195810354128852e-6 6.56339268968166e-6 2.2727278361094214e-6 1.596159459786184e-6 3.1918814142220624e-7 1.07386511052231e-7 3.071318949806454e-8 2.4889274567570424e-8 7.054998081423917e-9 
0.7  0.6925346602958883 0.2988159233933963 0.006898744884174581 0.0007933248375870132 0.0006203790931931114 0.0003171668777743952 7.5689230713539725e-6 5.5029638485867285e-6 3.5816329344580724e-6 2.5754958563436882e-6 3.6615966761301823e-7 1.3937262796438397e-7 3.470319001187134e-8 2.2523591780992246e-8 8.84319856111088e-9 
0.8  0.6416760290083984 0.35016733997325467 0.006177673834968508 0.0010948456330896325 0.000616317297905579 0.00024814077733411336 7.226194110624284e-6 4.707458567351708e-6 4.125454939738426e-6 2.988185380415452e-6 3.7151607193529597e-7 1.6630279272853655e-7 3.270723767411828e-8 1.999558565315997e-8 1.019605815230059e-8 5.464305121771055e-9 
0.9  0.6066091151265564 0.385625633091193 0.005616108296281587 0.0013529125870585053 0.0005758308058599016 0.0002015141893517742 6.677344305708937e-6 5.606999115717412e-6 3.022194045362379e-6 2.9546844250136546e-6 3.646331064029169e-7 1.889731648707973e-7 2.889887665522101e-8 1.7459730781180882e-8 1.1370311091145584e-8 7.172495672663136e-9 6.174121921469682e-9 
1.0  0.5816378425794592 0.410907474316954 0.005168666312466399 0.0015710058759940441 0.0005256321656328336 0.00017151979441322433 6.265549431234121e-6 6.081402194548789e-6 2.6606647621517736e-6 2.2239356801568555e-6 3.5278166070273183e-7 2.0575011511182637e-7 2.4914773032919306e-8 1.5030150443889543e-8 1.2095414733257117e-8 8.568820351474852e-9 8.262077914310143e-9 
1.1  0.5633986427434788 0.429395458303639 0.004807043442639213 0.0017541690570939815 0.00047584448859138475 0.00015206369253505152 6.7085928162789455e-6 5.5106184662013195e-6 2.2681036575524713e-6 1.665937908273789e-6 3.399833918649649e-7 2.1851946476450006e-7 2.1379665695913365e-8 1.2804929814588381e-8 1.258388960986833e-8 1.0244475102759451e-8 9.503357802643323e-9 
1.2  0.5498110290248859 0.443184537719874 0.004512094151663106 0.0019074056413236258 0.0004301132875166586 0.000139084269428569 6.9676902644440855e-6 4.9937282131841686e-6 1.8759201043213283e-6 1.2789988410928629e-6 3.2770708370253963e-7 2.2805831072682653e-7 1.8412909058727658e-8 1.2824624777445458e-8 1.196140334385714e-8 1.0814650906824795e-8 9.788902736617302e-9 
1.3  0.5395060941449573 0.45365496048573306 0.0042690804885170425 0.0020355519325509575 0.0003894187328593232 0.0001301235454998208 7.078024839035837e-6 4.5401756643282125e-6 1.5301510446812917e-6 1.0095234661259422e-6 3.1643401450495825e-7 2.35254482321888e-7 1.6360673072057846e-8 1.3360143275138236e-8 1.2884585340087442e-8 9.336216562548787e-9 9.16475297137207e-9 
1.4  0.5315696921035228 0.46172924115442676 0.004067008727230288 0.002142786020325472 0.00035369476376998383 0.00012368719506428993 7.0724057488537486e-6 4.148983018300491e-6 1.2437961820365662e-6 8.19438600557226e-7 3.0640676673330027e-7 2.406060623408696e-7 1.510528459354792e-8 1.4384296118550715e-8 1.278475197157037e-8 8.219632532539426e-9 7.9053156646447e-9 
1.5  0.5253754331889626 0.46803986570306705 0.003897605186006763 0.0022326368007317614 0.00032250669330982596 0.00011886303093237502 6.979711737838941e-6 3.814825122317493e-6 1.0139535090085423e-6 6.828442212222524e-7 2.975899585183255e-7 2.4462884653657307e-7 1.5031791350347992e-8 1.4355964865305408e-8 1.2560400111421567e-8 7.0896886928056505e-9 6.805748663110651e-9 
1.6  0.5204831626508086 0.4730316308234963 0.0037544494135378307 0.002308041914771947 0.00029529601304718954 0.0001150786403885434 6.820443447847681e-6 3.530314032897079e-6 8.254758691290473e-7 5.805188144893589e-7 2.88664724195977e-7 2.4754967016260125e-7 1.5313391822779554e-8 1.3311444081133379e-8 1.220184522120827e-8 6.7507098606753396e-9 
1.7  0.5165785942532626 0.47702205025404 0.0036326837905456735 0.0023714417377464774 0.000271553187754412 0.00011199682010745279 6.622311330960654e-6 3.289403426932938e-6 6.838141876884171e-7 5.058934881254628e-7 2.822935112235924e-7 2.4956874947450367e-7 1.5308060905028664e-8 1.2922823318393412e-8 1.181379184126301e-8 6.627172486074624e-9 
1.8  0.5134325093356779 0.48024305692475977 0.0035283690920225883 0.00242484355637618 0.00025076736478392685 0.00010938060700172186 6.39486518753117e-6 3.084878119698529e-6 5.722818611774469e-7 4.487503259288538e-7 2.7638169305167535e-7 2.504280622235622e-7 1.506057620366158e-8 1.249165241037084e-8 1.1390163325365658e-8 6.591735275929117e-9 
1.9  0.5108765503836032 0.48286497473536305 0.0034384807846196447 0.0024698699608181264 0.00023252757969153664 0.00010708056172015381 6.150767327018906e-6 2.910751458145585e-6 4.842875523265197e-7 4.042222088222758e-7 2.711163843638482e-7 2.506314197817272e-7 1.4619409953501329e-8 1.204515171264217e-8 1.0943777339210367e-8 6.609494444485298e-9 
2.0  0.5087840853364396 0.48501600543124906 0.0033605705309230154 0.0025078736685253855 0.00021646269314448512 0.00010500017141208035 5.89847091402266e-6 2.7618325667977853e-6 4.141196031142269e-7 3.6843666227489517e-7 2.663282780141274e-7 2.5024136049747336e-7 1.4035176772385346e-8 1.1580117789551987e-8 1.0488061695251023e-8 6.635565061194927e-9 
2.1  0.5070596611827706 0.48679277363734497 0.003292715930118843 0.0025399789547936895 0.00020226665666138831 0.0001030759614730524 5.644616901016877e-6 2.6337822566042272e-6 3.5765816775327255e-7 3.389650860477472e-7 2.6202478189104456e-7 2.494632155953001e-7 1.3352828159891814e-8 1.1119538319854027e-8 1.003287089214315e-8 6.66119111634491e-9 
2.2  0.505629581949209 0.4882700251469632 0.0032333057963463132 0.002567096167213216 0.00018966154171488165 0.00010125947816193508 5.392121067095656e-6 2.5223243538407036e-6 3.120865751337093e-7 3.110873749552372e-7 2.563296041752408e-7 2.4441227599767945e-7 1.2621717077001204e-8 9.584968234312753e-9 9.35245425309286e-9 
2.3  0.5044369176371446 0.48950531399588765 0.003181090501972406 0.0025900206353723504 0.00017845802650660815 9.953534202955064e-5 5.1477392682973e-6 2.425758515558626e-6 2.9098416072092703e-7 2.736989114697601e-7 2.527425119447833e-7 2.4304814154006416e-7 1.1852709526402578e-8 9.152627428611902e-9 8.88424014601058e-9 
2.4  0.5034370282057268 0.49054398837642615 0.0031349837809562177 0.0026093809278324312 0.00016845231603163923 9.78789987480908e-5 4.9118968751842146e-6 2.340926996170096e-6 2.7251777159033175e-7 2.494736619622702e-7 2.427645459191571e-7 2.4155795954333395e-7 1.1076910766991381e-8 8.735131416927574e-9 8.444425433787785e-9 
2.5  0.5025948028610538 0.49142167332230824 0.003094108061373271 0.002625713542333351 0.00015948600810743247 9.627818325995943e-5 4.686006245660731e-6 2.2658036952140786e-6 2.5610005351860053e-7 2.46484811928933e-7 2.3998665120687445e-7 2.169650348517015e-7 1.03105863181899e-8 8.333633418147776e-9 8.030852116298947e-9 
2.6  0.5018822090895653 0.49216683198279476 0.0030577290585858787 0.0026394670915161986 0.00015142432353383613 9.472487615142615e-5 4.470883359549421e-6 2.198725356564096e-6 2.437464785843355e-7 2.413444157785834e-7 2.3838596821548253e-7 1.9530819899138888e-7 9.57973849225729e-9 7.952043181273085e-9 7.652292675827271e-9 
2.7  0.5012769119064091 0.4928021561011339 0.003025234407747252 0.0026510195537369718 0.0001441525058155371 9.321364002461481e-5 4.266883976814064e-6 2.1383270718316677e-6 2.412243290059838e-7 2.3677136217795385e-7 2.2793191725513077e-7 1.769748325594126e-7 8.883410708266488e-9 7.58814311378345e-9 7.300088754936898e-9 
2.8  0.5007616143547847 0.49334507691872265 0.002996219847518184 0.0026607336381472063 0.0001375815752601144 9.174193372523743e-5 4.074524621932354e-6 2.083514361494957e-6 2.3900453178769816e-7 2.3526254988048293e-7 2.156372101357146e-7 1.613537595829799e-7 8.225927432863059e-9 7.241154859930914e-9 6.967724441708402e-9 
2.9  0.5003194981355928 0.4938131590663166 0.0029699167193188696 0.0026687508405578396 0.0001316009306237799 9.03049258615288e-5 3.892305543332919e-6 2.033334611459216e-6 2.367375448091324e-7 2.3356510132110774e-7 2.043068744264707e-7 1.4793280892425858e-7 7.613408001220678e-9 6.912386136736113e-9 6.67344935612766e-9 
3.0  0.49994110537528974 0.4942154321591986 0.002946386076670739 0.0026754732733177797 0.00012617258370956118 8.890470002317764e-5 3.7216205084669688e-6 1.9870997195107858e-6 2.348277750685413e-7 2.3210716552406158e-7 1.9379644020467472e-7 1.363527494869615e-7 7.042048875825514e-9 6.598864482793574e-9 6.386518451982947e-9 
