#mmax= 10
#m-states: all states (FBR)
#Nr. of sites: 7

0.0  -0.0  0.0
0.1  -0.3983677472490589  0.20020246339109962
0.2  -18.78966265486823  0.9999969728576119
0.3  -21.057882939242145  0.7788443744529595
0.4  -42.79213531582553  0.9975301914046881
0.41  -40.78965964074135  0.9999999872811971
0.42  -43.49192295052968  0.7007124300119393
0.43  -41.48404542904637  0.7061970802376806
0.44  -44.916587639431434  0.8888148444977855
0.45  -42.91876853946755  0.8868809709006964
0.46  -44.213647316323275  0.4825458960088294
0.47  -42.78965963125142  0.9999999967720749
0.48  -38.78965985810644  0.9999997698943974
0.49  -41.54944347295687  0.6645043254896428
0.5  -44.92094468928883  0.8849555081765519
0.51  -68.78965962806313  0.9999999999606716
0.52  -45.91322033668002  0.5631903691155323
0.53  -74.78965962802384  0.9999999999999727
0.54  -70.78965962802627  0.9999999999975383
0.55  -72.78965962802523  0.9999999999985766
0.56  -45.17577164752395  0.6984226490878603
0.57  -70.9165876390747  0.888814844814894
0.58  -45.637964381691845  0.46239988709481455
0.59  -72.79213531316286  0.9975301940610449
0.6  -72.7896596280251  0.9999999999987127
0.7  -70.78965962805535  0.999999999968468
0.8  -75.93239574479114  0.5540504589663705
0.9  -75.64481946242029  0.6069777672232075
1.0  -112.78965962802381  0.9999999999999994
1.1  -110.79213531316155  0.9975301940623563
1.2  -152.78965962802383  0.9999999999999993
1.3  -156.78965962830276  0.9999999997210253
1.4  -146.78965962802383  0.999999999999999
1.5  -110.8081509939742  0.9818414174591171
1.6  -154.78965962802383  1.0000000000000007
1.7  -112.25867429308622  0.4623990545860586
1.8  -154.79213531316154  0.9975301940623585
1.9  -158.79004124928355  0.9996184706648363
2.0  -153.02924012271848  0.8012195854118851
2.1  -190.78965962802383  0.9999999999999989
2.2  -204.9165876390668  0.8888148448219266
2.3  -153.6414899677736  0.6089998411745043
2.4  -262.7896596280238  0.9999999999999996
2.5  -200.78965962802383  1.0000000000000007
2.6  -204.91876863575837  0.8868808854913421
2.7  -250.78965962802383  0.9999999999999993
2.8  -200.9325913540707  0.8748460039228785
2.9  -154.93540712158259  0.8723885134709798
3.0  -193.0292043942457  0.8012482159384332
3.1  -244.78965962802383  1.0000000000000004
3.2  -258.7896596280238  1.0000000000000004
3.3  -156.92186739123267  0.8841393778064839
3.4  -204.789671916373  0.999987710535093
3.5  -202.808139761873  0.9818524467705784
3.6  -250.78965962802383  0.9999999999999997
3.7  -330.7896596280238  0.999999999999999
3.8  -252.78965962802383  1.0
3.9  -206.93477837085027  0.8729371755783887
4.0  -194.78999503439672  0.9996646725798847
4.1  -258.7896596280238  1.0000000000000004
4.2  -256.7896596280238  0.9999999999999992
4.3  -250.78966577249625  0.9999938549508236
4.4  -324.7896596280238  1.0
4.5  -259.0292043942457  0.8012482159384341
4.6  -260.79033034352966  0.9993295547662248
4.7  -326.8078095559416  0.982176692188776
4.8  -258.9504555902778  0.8594983742044194
4.9  -254.81056934197267  0.9794726139883616
5.0  -246.79213531316154  0.9975301940623578
