#mmax= 10
#m-states: all states (FBR)
#Nr. of sites: 7
 
0.0  1.0 
0.1  0.99682880403107 0.0025556134326598905 0.0006153259693986138 1.569907208303577e-7 9.957615072991904e-8 
0.2  0.9866810516711115 0.010973076388351008 0.0023401468261168715 2.7731321473663888e-6 1.7025077361467816e-6 1.24947453768358e-6 
0.3  0.9670000080538712 0.028177871938665448 0.004776740170654659 1.7855246422002257e-5 1.7089105560777925e-5 1.0013501389577177e-5 1.6450636219225223e-7 1.458479547244649e-7 1.1162911955042825e-7 
0.4  0.931136152734485 0.061468280651103296 0.007168652905975234 0.00010777528126413495 7.334509334467682e-5 4.239947366917371e-5 1.4477886506176376e-6 1.359335565819655e-6 4.6682326116997793e-7 7.074387902820123e-8 2.7331506711588095e-8 2.183729634128703e-8 
0.41  0.9262206869206999 0.06615407855765473 0.007364706221634602 0.00012421294751820003 8.377003855671052e-5 4.860458934256095e-5 1.7132921591027002e-6 1.6104525039538909e-6 4.776535596117747e-7 9.564784835457682e-8 3.2538451852637094e-8 1.1140069903885257e-8 
0.42  0.9210155807729699 0.07113770148308246 0.007549310924453956 0.00014165812850680024 9.53930227831915e-5 5.570045941454522e-5 1.9930842891202856e-6 1.8898827171895749e-6 5.7318577467825e-7 1.1667175348318941e-7 4.1001748227296856e-8 2.889939181199935e-8 1.2483114636481251e-8 
0.43  0.9154998251002053 0.07644217150415022 0.007720013373951812 0.00016053264582967822 0.00010835221615008615 6.373831697235504e-5 2.300469403358146e-6 2.196505020395563e-6 6.31318972509415e-7 1.4204442686048402e-7 4.959432456097335e-8 3.286917254857767e-8 1.404142038283302e-8 
0.44  0.9096665195285386 0.08207495803832386 0.007876278685344212 0.00018055365716547275 0.00012270973808344615 7.284503616043471e-5 2.6303702049237756e-6 2.5291136837990335e-6 6.918722107116683e-7 1.7182979256984852e-7 5.9546999397641186e-8 3.7079726989116e-8 1.5503765098355986e-8 
0.45  0.9035026761611658 0.0880498194959688 0.00801709753648615 0.00020173561705303373 0.00013855513684306846 8.31494175194314e-5 2.9849045284039372e-6 2.8874214185352923e-6 7.563855485176894e-7 2.07606972309598e-7 7.140293031615778e-8 4.1623190402213875e-8 1.7290376238042842e-8 
0.46  0.8969967250510091 0.09437929114645126 0.0081414750997848 0.00022388199512564602 0.0001559650429804806 9.478602291531644e-5 3.359716753502014e-6 3.2691620415491482e-6 8.370254587327446e-7 2.494484152282579e-7 8.526356780665266e-8 4.6698930508321046e-8 1.9314799204125127e-8 9.01176677777802e-9 
0.47  0.8901560216488801 0.10105708108847028 0.00824888563559185 0.0002464925538529568 0.00017489017551738844 0.00010785224710946312 3.7439617358966795e-6 3.6681615524395506e-6 8.956195948660293e-7 2.9710790594760203e-7 9.968435685308713e-8 5.14392654657637e-8 2.0676166632539832e-8 
0.48  0.8829750363122241 0.10808904224252464 0.008338837645490498 0.00026944344683077704 0.00019538738244780614 0.00012248448235119985 4.14043898815521e-6 4.081957553917053e-6 9.856570908109819e-7 3.5251488792796347e-7 1.1729469834501692e-7 5.7007249421831175e-8 2.2474686372454502e-8 1.1142976512705398e-8 
0.49  0.8754446407849534 0.11548540807072609 0.008410287762811898 0.00029264063214590603 0.00021743937818137672 0.0001388423897993136 4.542910574266303e-6 4.508473100701827e-6 1.052375318022488e-6 4.1589558231988657e-7 1.3511840378969648e-7 6.22469356411529e-8 2.396146805677803e-8 
0.5  0.8675946343522583 0.12321639899198727 0.008463923164596515 0.0003153792897964877 0.0002409148616055054 0.00015696608107110865 4.944328631718183e-6 4.938332078657618e-6 1.1503809668944012e-6 4.877531677627196e-7 1.5553453511025074e-7 6.796451209157648e-8 2.5468564318908237e-8 1.3496228199949885e-8 
0.51  0.8594226099013852 0.13128526302383633 0.008499038554809216 0.0003375888015992465 0.00026571887714619505 0.00017700848238005393 5.369741499130231e-6 5.338596868345956e-6 1.221116915097392e-6 5.682574836970896e-7 1.7531237124762982e-7 7.307142527348188e-8 2.626228060294753e-8 
0.52  0.8509480300185339 0.13967214886469628 0.008516261369319326 0.00035892168167483366 0.00029174847254011623 0.00019904605090832308 5.797235885132962e-6 5.725404353323245e-6 1.3374239065469578e-6 6.593779103599755e-7 2.0027615339332434e-7 7.940969476222654e-8 2.828098447469786e-8 1.6133439458986452e-8 
0.53  0.8421767022853826 0.1483722693525118 0.00851487279661927 0.00037927687169893434 0.00031881069928519214 0.0002232076473280101 6.229503391129e-6 6.10333575476572e-6 1.420506877953686e-6 7.599145921231542e-7 2.272902234445684e-7 8.510288365701793e-8 2.9121836333620766e-8 5.571615429458366e-9 
0.54  0.8331690879218192 0.15732406474525823 0.008497075880773133 0.00039791027310568793 0.0003465900514335543 0.00024939526384114464 6.62266938602715e-6 6.446563185860998e-6 1.5478616962039295e-6 8.704454130745399e-7 2.481246735192554e-7 9.080035145486872e-8 3.0479809865472015e-8 1.8919253675165178e-8 
0.55  0.8239178040651873 0.16653568388470588 0.008461857123406677 0.0004150849408901021 0.0003749220785069335 0.00027779130900016605 7.011826200346786e-6 6.773140290034547e-6 1.6603481328679944e-6 9.910510833112857e-7 2.723310730895405e-7 9.639929939827432e-8 3.138548324498046e-8 2.011674132510696e-8 
0.56  0.8144739118242643 0.1759547203856885 0.008411274322651036 0.00043041090724701747 0.00040349804089281606 0.00030832945982957907 7.394815387137588e-6 7.080002054448262e-6 1.789006394399194e-6 1.1214065791212799e-6 3.058309467861089e-7 1.0295772730609423e-7 3.230333481718893e-8 2.1769674846597388e-8 6.967328456310521e-9 
0.57  0.804867016100061 0.18555176868851678 0.008345683832264148 0.0004437705159872727 0.0004320082753211784 0.0003409837453606928 7.740238811881703e-6 7.347244044774017e-6 1.9190314037671525e-6 1.26083376579473e-6 3.2947264302149574e-7 1.0838638925182079e-7 3.293021203447421e-8 2.333751437707579e-8 7.367704430454966e-9 
0.58  0.7951523733702954 0.1952704767081668 0.008266864208002586 0.0004600764202740875 0.00045494315798891153 0.0003756352026199084 8.05780200590408e-6 7.57933664798503e-6 2.0547962813054182e-6 1.4083611948681361e-6 3.5141892875543706e-7 1.1346080863187245e-7 3.341892413324602e-8 2.4644867902080047e-8 7.69299278399116e-9 
0.59  0.7853533418540704 0.2050867528896478 0.008175661652390242 0.0004874730520069241 0.0004640543181535199 0.00041227225446159826 8.347554079449087e-6 7.776752897433964e-6 2.198460595861603e-6 1.5634517795212379e-6 3.7153635833336276e-7 1.183132622907321e-7 3.376085959652715e-8 2.5945969126142426e-8 8.203468298965463e-9 
0.6  0.7755178271773774 0.21495171407651617 0.008073588089270665 0.0005138696169179752 0.0004710483555765856 0.00045075070891173485 8.607643237736996e-6 7.937829906699291e-6 2.3495984175474992e-6 1.724784718211367e-6 3.8950111729012357e-7 1.2287309364534192e-7 3.397770278954778e-8 2.7172740978530595e-8 8.594495092695517e-9 
0.7  0.6832163761461755 0.3079804456009251 0.006748178016450804 0.0009002224834109241 0.0006796923689715473 0.00044944640914854343 9.664429942107325e-6 7.799279281212725e-6 4.1208527606034995e-6 3.3604692594378256e-6 4.5352236809852503e-7 1.526401712229973e-7 3.6197159752286526e-8 3.280798782680723e-8 1.1552648647298728e-8 7.2233390706703494e-9 
0.8  0.6156444511412322 0.37645286624927127 0.005501136072979434 0.0013500919917752811 0.0006622668293949311 0.00036365625541300196 9.0064247354424e-6 5.990120689317081e-6 5.74551646954771e-6 4.13625038696997e-6 3.972843836320232e-7 1.621109806228486e-7 3.5606539481659334e-8 2.781164782545111e-8 1.3300836465008414e-8 1.0263441110369747e-8 6.769823196779086e-9 
0.9  0.5727231490635784 0.4200629432043318 0.004617635256047848 0.001711878275044253 0.0005673846978044554 0.00029369817098301774 7.952795969328104e-6 6.719918104218904e-6 4.209582888369258e-6 3.854385458705892e-6 3.2535393321071264e-7 1.595965959783594e-7 3.021709783123653e-8 2.2981221327802614e-8 1.38498925756086e-8 1.2470278055027384e-8 1.0180770669300719e-8 
1.0  0.5464622412686003 0.44678824459273025 0.004035687082050585 0.0019762397188674164 0.0004694753189358458 0.000247530227503272 7.077064641147667e-6 6.991069103246103e-6 3.096998081407512e-6 2.9093699627890706e-6 2.689209539205267e-7 1.5382004823425755e-7 2.4282945120032313e-8 1.878171559830753e-8 1.5177522509144866e-8 1.3305413097543763e-8 1.3000925198629862e-8 
1.1  0.5301794607765706 0.46338240457417135 0.0036494235126204155 0.0021635070158702893 0.00038978274046512783 0.00021737045463404218 7.020520730254315e-6 6.205639926366847e-6 2.3290562084980336e-6 2.0418859453357364e-6 2.283644258202931e-7 1.4740257655007295e-7 1.9519502920667277e-8 1.5511711379530533e-8 1.5255892634351305e-8 1.5005516891963707e-8 1.2763231484168676e-8 
1.2  0.5198325143814758 0.4739451390289486 0.0033862165422089046 0.002294748095759496 0.0003289189591424414 0.0001965486738808472 6.7320509551895545e-6 5.57665539526188e-6 1.7188913932118304e-6 1.4750414226079962e-6 1.9931703473410877e-7 1.4128146466251677e-7 1.6162676188513317e-8 1.5952794444934007e-8 1.5601557239230034e-8 1.2279887329110752e-8 1.108400346006281e-8 
1.3  0.5130783987836354 0.48085569787475774 0.0032012148134464655 0.002386518217149829 0.00028284486241364026 0.00018116693323879312 6.33305879542652e-6 5.06908811489545e-6 1.2772026955795204e-6 1.1015874627888943e-6 1.7777104410991818e-7 1.3563475596063496e-7 1.6336036960586336e-8 1.5325627594996062e-8 1.3652129526281916e-8 9.835016809970205e-9 9.02367791368812e-9 
1.4  0.5085579087777603 0.48549468808259677 0.0030673477658883074 0.0024506569831689315 0.00024760947493001294 0.00016908649918659298 5.896649670952742e-6 4.653021679341486e-6 9.650335782783023e-7 8.50320975459941e-7 1.58489578689541e-7 1.304297733831459e-7 1.5849481984970654e-8 1.4834596181347147e-8 1.0022770458382523e-8 7.764364678114807e-9 
1.5  0.5054691743091008 0.4886766009316328 0.0029680833064962744 0.0024952510099790918 0.0002202404694674991 0.00015913147700532894 5.468938981993351e-6 4.305977257542752e-6 7.481131302584055e-7 6.767916835432336e-7 1.47586409206352e-7 1.264186716887645e-7 1.5627259867101022e-8 1.422318378249945e-8 8.642989316799497e-9 6.1767507979553514e-9 
1.6  0.503316340287775 0.49090511093818795 0.0028927101744870985 0.002526094154004038 0.00019857255082674174 0.00015064283698113518 5.0665534834421426e-6 4.011909962185962e-6 5.942876756692318e-7 5.527475466818736e-7 1.396215057476301e-7 1.2317124128168574e-7 1.4784389197814589e-8 1.3429396975843517e-8 7.542731178148769e-9 5.009805467141096e-9 
1.7  0.50178963857964 0.4924949496168099 0.0028342437927686933 0.00254717287554528 0.00018109691202098852 0.00014322406400929953 4.696580765787059e-6 3.757443346728339e-6 4.790317125296305e-7 4.5570834764068003e-7 1.3300198301950217e-7 1.1988636321754002e-7 1.3639952826954976e-8 1.259630808274356e-8 6.270425677591677e-9 
1.8  0.500690620856758 0.49364771126160367 0.0027880276852911795 0.0025612543706289535 0.00016678503370997917 0.00013663614269068494 4.363190015250375e-6 3.537750748026523e-6 3.9882353381254724e-7 3.88844602441853e-7 1.2837003713671914e-7 1.174647181129886e-7 1.2656837667122381e-8 1.1735211719735992e-8 5.81361368784097e-9 
1.9  0.49988914249419925 0.4944957472141611 0.0027508714808399154 0.002570300529518079 0.0001548739440078306 0.0001307126870764954 4.063829781657315e-6 3.344283387809446e-6 3.3916645243549286e-7 3.3745333169092886e-7 1.2402802404276824e-7 1.1511686056107839e-7 1.163148134849506e-8 1.0888688943163149e-8 5.252188883006911e-9 
2.0  0.4992976872403511 0.4951282275201016 0.002720460842903242 0.002575682031558139 0.00014480011609917102 0.00012533841923163274 3.79415918322819e-6 3.172039903713679e-6 2.9487650677460187e-7 2.9246653916748167e-7 1.1749184522761386e-7 1.1214908212855713e-7 1.0610787011315257e-8 1.00359087743085e-8 
2.1  0.4988570038428034 0.4956051993841371 0.002695339835717802 0.00257845902709612 0.00013622423563310225 0.0001204368216998149 3.5559240327586523e-6 3.0177588394281692e-6 2.6253114967917436e-7 2.568833114925467e-7 1.1446616006581118e-7 1.1024125011273272e-7 9.763671856988021e-9 9.28449739551057e-9 
2.2  0.49852541891837304 0.49596931228447505 0.0026742537754390304 0.0025793282773401904 0.00012881972440011627 0.00011594338601730858 3.3431645031125877e-6 2.8784707705038682e-6 2.3583899621723365e-7 2.283484664637239e-7 1.1183143159733959e-7 1.084718398535086e-7 8.928498685695704e-9 8.579449680769432e-9 
2.3  0.4982741513918319 0.49624995022541674 0.0026563463071015403 0.002578823700050014 0.00012236402922194227 0.00011180837540081271 3.1528284757759446e-6 2.751917714834495e-6 2.1356136320988405e-7 2.0514735458654627e-7 1.0955941274033517e-7 1.068700897017447e-7 8.14651535468374e-9 7.94005102818438e-9 
2.4  0.4980821247204221 0.4964686688556092 0.002640969473971291 0.002577332132826085 0.0001166862983631486 0.00010799162476303404 2.982275605696932e-6 2.6363826026046613e-6 1.9457973891548664e-7 1.8584708300284362e-7 1.0756866464311052e-7 1.0540332082152691e-7 7.497605741225139e-9 7.339423591228084e-9 
2.5  0.4979348231156883 0.49664037463281496 0.0026276233971774896 0.002575136606504871 0.0001116524398299803 0.00010445897990879783 2.828916053630573e-6 2.530390415700252e-6 1.783141567167678e-7 1.6964859273731168e-7 1.0580100648453577e-7 1.0404794686754506e-7 6.902282301397829e-9 6.807621915273233e-9 
2.6  0.49782100239423316 0.4967766164570598 0.0026159302288635295 0.002572448965277888 0.00010715751229398121 0.00010118126543605353 2.690543809656714e-6 2.432762851707447e-6 1.6427593669571098e-7 1.559161427618615e-7 1.0423264329089207e-7 1.0280535612536518e-7 6.334540497311625e-9 6.305555266546399e-9 
2.7  0.4977328506048048 0.4968854589542162 0.002605594230135374 0.002569424794789208 0.00010311782435542304 9.813349573295357e-5 2.565403321523815e-6 2.3425564428599083e-6 1.5193011180464436e-7 1.4402393423912377e-7 1.0280781418093164e-7 1.0164107344447185e-7 5.8711228638668405e-9 5.86214492909818e-9 
2.8  0.49766448817234105 0.4969729982806986 0.002596395619777149 0.002566181465002444 9.946510792799813e-5 9.529026022262168e-5 2.4428797760058956e-6 2.257966740456842e-6 1.4107552017608882e-7 1.3160664133331548e-7 1.0153645851788887e-7 1.0057910933490019e-7 5.449784589541291e-9 
2.9  0.49761099271284365 0.4970443452959652 0.002588117233779208 0.002562792578350773 9.614407512181395e-5 9.263460815428035e-5 2.336915302133061e-6 2.1786329586255886e-6 1.3086914506792805e-7 1.2281476986793265e-7 1.0032889314662676e-7 9.954198925524355e-8 4.3927258208619114e-9 
3.0  0.497569474672387 0.49710249962902453 0.0025806264290695454 0.002559343619619106 9.310782929758502e-5 9.01590995566475e-5 2.2505726997547464e-6 2.09892597610304e-6 1.212611111703377e-7 1.1604825498664029e-7 9.927349839606309e-8 9.856940190924864e-8 4.070103639482579e-9 
3.1  0.4975371954528803 0.4971502915694139 0.0025738477057986667 0.0025558820917238466 9.033226825493419e-5 8.783275506427206e-5 2.1574746032800727e-6 2.038166125770214e-6 1.1472043828369717e-7 1.0799256721652011e-7 9.833188038038677e-8 9.769061094593156e-8 3.7806385094824534e-9 
3.2  0.49751227008869153 0.497189760276907 0.0025676406783501325 0.0025524413069726477 8.776979419772887e-5 8.565580385531674e-5 2.0830885868180127e-6 1.9706369517591606e-6 1.0725981183970593e-7 1.0249482943749366e-7 9.763923535961014e-8 9.719231013005292e-8 3.7393004238355686e-9 
3.3  0.49749295663791865 0.4972228217525615 0.0025619008347336036 0.0025489992774976235 8.540337070147602e-5 8.360271954151951e-5 2.0067187162065845e-6 1.914588226561007e-6 1.0164465261191157e-7 9.65746232402046e-8 9.621577338246209e-8 9.61833067136139e-8 3.4817470156519043e-9 
3.4  0.4974784271269171 0.4972502619570969 0.0025566138310598513 0.0025456374521105837 8.32070330098921e-5 8.167349441934965e-5 1.9402012931294758e-6 1.8573349424750823e-6 9.59065156038664e-8 9.586995259367169e-8 9.535101737208422e-8 9.135494731992742e-8 3.0867179318819334e-9 
3.5  0.4974670594115923 0.4972738288028021 0.0025517154758299848 0.002542347197320319 8.116116742227063e-5 7.984944153283632e-5 1.8724424868782635e-6 1.8002570609293921e-6 9.524435804827651e-8 9.498094427074026e-8 8.963190398604783e-8 8.594674650227374e-8 
3.6  0.4974587594077462 0.4972936823690102 0.002547133177680424 0.0025391217701167747 7.92531100618901e-5 7.812979159296472e-5 1.813999863386016e-6 1.7509551617407906e-6 9.441587577390346e-8 9.419718886525141e-8 8.506931446910599e-8 8.173638664101621e-8 
3.7  0.49745273922488326 0.49731066844542254 0.0025428383242587452 0.002535974616434594 7.74666079842644e-5 7.650321463090591e-5 1.7593912031765755e-6 1.7043484412784276e-6 9.37818402087321e-8 9.332173959905218e-8 8.085795450397661e-8 7.786520650481515e-8 
3.8  0.49744896201868893 0.49732482356986163 0.00253882632565953 0.002532924909072224 7.579288984297054e-5 7.496392135156453e-5 1.70867188038362e-6 1.6604337539595667e-6 9.318214616765172e-8 9.270610673098525e-8 7.703191479818097e-8 7.433972148242919e-8 
3.9  0.49744633437261726 0.497337325806236 0.0025350432225150505 0.0025299644585854396 7.42187625983023e-5 7.350411459677779e-5 1.6611158667671171e-6 1.6187925025326435e-6 9.258958072643796e-8 9.214705924272147e-8 7.35175814259359e-8 7.110026058538976e-8 
4.0  0.4974453501239595 0.49734772000578253 0.0025314727861617753 0.002527085437336931 7.27356413373105e-5 7.211812955840173e-5 1.616521701376218e-6 1.579321014162679e-6 9.205640257856377e-8 9.160084642583774e-8 7.027263137242291e-8 6.810326728828437e-8 
4.1  0.4974449089176971 0.4973571394413224 0.0025280873478463503 0.0025242974191213535 7.133490200056706e-5 7.080045398940729e-5 1.5745299102150352e-6 1.5418020552268836e-6 9.149577855457096e-8 9.10971235825353e-8 6.726987286164464e-8 6.532328214142336e-8 
4.2  0.49744539839866453 0.4973652224919007 0.002524881096370249 0.0025215918898597012 7.000985024183097e-5 6.954634147323165e-5 1.53496066267117e-6 1.506140185008126e-6 9.100636442087205e-8 9.060602262567367e-8 6.448236723572228e-8 6.273588770353334e-8 
4.3  0.4974463880656245 0.49737242118238895 0.002521831329922499 0.002518980548696515 6.875434642680036e-5 6.835180150619296e-5 1.49761137180581e-6 1.4722052235917036e-6 9.051799056775166e-8 9.014011298754098e-8 6.190702713163965e-8 6.034370826066528e-8 
4.4  0.4974479995747682 0.49737865434806083 0.0025189296578311195 0.0025164418584729172 6.756272460219906e-5 6.721215579684724e-5 1.462383971120686e-6 1.4399289934282675e-6 9.008230571765075e-8 8.969196670669391e-8 5.949597264238265e-8 5.809725935720227e-8 
4.5  0.4974498889768848 0.49738428350945785 0.002516153195697474 0.002513990499949874 6.642946474365493e-5 6.612407140360432e-5 1.4289750777943696e-6 1.4091439173608891e-6 8.964521400733435e-8 8.928017176214532e-8 5.725213682884689e-8 5.598534513685551e-8 
4.6  0.4974521645786247 0.4973891954389526 0.0025135157049343553 0.0025116229770189603 6.535143978193932e-5 6.508505245725577e-5 1.3973332230530207e-6 1.3798417113854204e-6 8.919678293953637e-8 8.915339777172104e-8 5.520524571243576e-8 5.4077869125159624e-8 
4.7  0.4974546319492616 0.49739372242706337 0.0025109470403158573 0.0025092899033782993 6.432055376705621e-5 6.408773274556564e-5 1.3668381470286515e-6 1.3513533861972367e-6 8.848000787735036e-8 8.844454356267227e-8 5.3147283648200844e-8 5.2130099117319456e-8 
4.8  0.49745719406415423 0.49739783231435 0.002508507552354385 0.0025070524731908624 6.333854025517379e-5 6.313466677471768e-5 1.3381469238475505e-6 1.3244200215202962e-6 8.80738092117715e-8 8.804299086799904e-8 5.130936407890229e-8 5.039581163080296e-8 
4.9  0.4974597928900093 0.49740163758025535 0.002506172830373395 0.0025048917473029096 6.24002340035846e-5 6.222142722671937e-5 1.3108419184052079e-6 1.2986587266277106e-6 8.773690331866022e-8 8.770998025620501e-8 4.9581212958568704e-8 4.8762086643880894e-8 
5.0  0.49746244087021213 0.49740517367904974 0.0025039204193279723 0.0025027894074971897 6.150201796383526e-5 6.13449923969035e-5 1.2847761302110848e-6 1.2739540873078319e-6 8.736403141764505e-8 8.7340380729215e-8 4.795858520579173e-8 4.722033723827951e-8 
