#mmax= 10
#m-states: all states (FBR)
#Nr. of sites: 27

0.0  -0.0  0.0
0.1  -20.78966036953278  0.9999992584171601
0.2  -80.78965962802383  0.9999999999999968
0.3  -80.93259658239474  0.8748414293749637
0.4  -170.78965962802383  0.999999999999999
0.41  -168.78965962802383  1.0000000000000004
0.42  -224.78965962802383  1.0000000000000004
0.43  -168.78965962802383  1.0000000000000004
0.44  -171.0292043942457  0.8012482159384336
0.45  -172.81056934197267  0.9794726139883606
0.46  -171.61208576886904  0.626973043989685
0.47  -220.78965962802383  1.0000000000000002
0.48  -290.7896596280238  0.9999999999999997
0.49  -286.7896596280238  0.9999999999999988
0.5  -290.7896596280238  0.9999999999999997
0.51  -282.78970502692306  0.9999545986215858
0.52  -356.7896596280238  Inf
0.53  -286.9165876390668  0.8888148448219263
0.54  -227.66970740648333  0.59451386826809
0.55  -227.15642783614712  0.711945666236977
0.56  -288.79213531316157  0.9975301940623585
0.57  -287.04355151599356  0.7899607000836553
0.58  -286.7924760172906  0.9971904112715725
0.59  -290.9165876390668  0.8888148448219271
0.6  -362.7896596280238  Inf
0.7  -598.7896596280239  Inf
0.8  -424.7896596280238  Inf
0.9  -512.9165876390667  Inf
1.0  -612.7896596280239  Inf
1.1  -620.7896596280239  Inf
1.2  -520.7896596280239  Inf
1.3  -518.7899950343967  Inf
1.4  -Inf  NaN
1.5  -Inf  NaN
1.6  -Inf  NaN
1.7  -Inf  NaN
1.8  -610.7896605720873  Inf
1.9  -Inf  NaN
2.0  -690.8078095559416  Inf
2.1  -Inf  NaN
2.2  -Inf  NaN
2.3  -Inf  NaN
2.4  -Inf  NaN
2.5  -Inf  NaN
2.6  -Inf  NaN
2.7  -Inf  NaN
2.8  -Inf  NaN
2.9  -Inf  NaN
3.0  -Inf  NaN
3.1  -Inf  NaN
3.2  -Inf  NaN
3.3  -Inf  NaN
3.4  -Inf  NaN
3.5  -Inf  NaN
3.6  -Inf  NaN
3.7  -Inf  NaN
3.8  -Inf  NaN
3.9  -Inf  NaN
4.0  -Inf  NaN
4.1  -Inf  NaN
4.2  -Inf  NaN
4.3  -Inf  NaN
4.4  -Inf  NaN
4.5  -Inf  NaN
4.6  -Inf  NaN
4.7  -Inf  NaN
4.8  -Inf  NaN
4.9  -Inf  NaN
5.0  -Inf  NaN
