#mmax= 10
#m-states: all states (FBR)
#Nr. of sites: 27
 
0.0  0.9999999999999998 
0.1  0.9968287942987679 0.002555624463391825 0.0006153245593146888 1.5713662767444573e-7 9.954189825086069e-8 
0.2  0.9866742798643956 0.01098010530618678 0.0023398293131045274 2.776860264394588e-6 1.7039070361216358e-6 1.30474901373587e-6 
0.3  0.9667258672105941 0.028455287346602107 0.0047667674704210995 2.3778897230429193e-5 1.7558800733950893e-5 1.0199618544066537e-5 2.3409241675014244e-7 1.8560654013686006e-7 1.1057712454344955e-7 1.0379794252693838e-8 
0.4  0.9254530717084573 0.06704315276731593 0.00701148089577499 0.0003302628546667618 9.875035085592706e-5 5.3341084375002044e-5 5.087340085633658e-6 3.0793714065102827e-6 1.1919948999938784e-6 4.523153480287759e-7 6.348440777682246e-8 4.1562234190303925e-8 2.4270171346485226e-8 
0.41  0.9185680932927891 0.07362667249000213 0.007160904954256288 0.0004429474579542011 0.00012215859376603748 6.513102005848762e-5 7.105905538726808e-6 3.98708389785054e-6 2.2414775601953457e-6 5.026068353330206e-7 9.79305646741634e-8 6.443400933741609e-8 5.709533003384435e-8 3.235307591876447e-8 3.304362947279709e-9 
0.42  0.9106774578379743 0.08118735148715807 0.007283670639910193 0.0005974907785422706 0.0001537781220321262 8.072077978460992e-5 9.709114332293515e-6 5.133900981717233e-6 3.7070876735761295e-6 5.714265634673223e-7 1.4640999472551112e-7 1.1400997887617979e-7 7.441556512688915e-8 4.811595705101756e-8 2.0528955870161725e-8 5.3445959969012155e-9 
0.43  0.9015246305220743 0.08996897551239218 0.007374546674788959 0.0008064725024250446 0.00019747987966359408 0.00010172904230166011 1.3035735436545765e-5 6.50765606884307e-6 5.39082610543105e-6 6.465973331653725e-7 2.0846109870643709e-7 1.7399695435809314e-7 1.0255076915422527e-7 6.878915355293895e-8 2.4452609642191143e-8 6.80082497315095e-9 
0.44  0.8906614074426572 0.10038350860299132 0.0074257273668236114 0.001101841977815256 0.00026087521974058455 0.0001310043693414717 1.752353087873321e-5 8.299252295439048e-6 8.168173529388105e-6 7.492927492380038e-7 3.0934412588169414e-7 2.929428647261137e-7 1.3270579706783636e-7 1.0379221540046682e-7 2.8562477417036563e-8 1.817374149095083e-8 9.249955410282034e-9 
0.45  0.8776049628356507 0.1128932727886773 0.007428940243801238 0.0014999086083818303 0.00035335614591005854 0.00017237587616302205 2.3005711587560324e-5 1.1876487387365492e-5 1.0099418737290016e-5 8.820986312140247e-7 4.5514999402393596e-7 4.4960001720675647e-7 1.7856922140952505e-7 1.5014064392036397e-7 3.211248800271038e-8 3.1110842623522964e-8 1.3171598674566512e-8 9.930267441231279e-9 
0.46  0.8616165099947282 0.1281978668013542 0.007372842856137769 0.002028218894616002 0.0004907748253796689 0.00023187635507328165 2.9568004751645802e-5 1.7035332279178678e-5 1.2213347940033879e-5 1.082624653896511e-6 7.295499666094317e-7 6.919366790647015e-7 2.2383873594437746e-7 2.1329455721049376e-7 5.4557115478240715e-8 3.573848582587932e-8 3.4053125367574815e-8 1.4061850313093056e-8 1.3932570379710368e-8 
0.47  0.8418649070130334 0.14711715326288588 0.007245570370781414 0.0026846152146670884 0.000691956805745495 0.00031757174977687264 3.672234861701558e-5 2.2861719649472592e-5 1.4366258965582071e-5 1.3967437254240861e-6 1.0757833211336702e-6 1.031308930844911e-6 2.844658300450123e-7 2.65552733474553e-7 9.139613338299262e-8 5.391260431052687e-8 3.903174603880293e-8 1.9777908448487995e-8 1.7282946058515762e-8 
0.48  0.8175357618502894 0.17049922407142412 0.007035980891184519 0.003421107484676787 0.0009744891152977399 0.00043905649091178193 4.3740579956604406e-5 2.8519150897305548e-5 1.631993574099699e-5 1.8804666715459976e-6 1.4923647360780626e-6 1.4764174079143753e-6 3.50058169905861e-7 2.9570696349261254e-7 1.4051800256415692e-7 7.553990699939004e-8 4.218411321539297e-8 2.8304687313363664e-8 1.8868962091910737e-8 
0.49  0.7881178338275155 0.19894358050531 0.00673851488358666 0.0041394823436185346 0.0013453453700299598 0.0006055401937300457 5.009207034455189e-5 3.3923183073669336e-5 1.783681081800265e-5 2.5931770419192544e-6 2.0973851265524252e-6 2.0044502155241706e-6 4.0371432601994575e-7 3.127015716869051e-7 2.0346985777985214e-7 1.0535154724662954e-7 5.114255125911956e-8 4.5811555102743304e-8 2.1047778916762933e-8 7.970021733882163e-9 4.59038127843143e-9 
0.5  0.754134927754148 0.2320981558038811 0.006361630110194982 0.004687443224878745 0.001776929208538371 0.0008195716292292663 5.46606094762765e-5 3.790752219923151e-5 1.867238972440711e-5 3.523064851620939e-6 2.776907647473196e-6 2.505820995824624e-6 4.28950706793538e-7 3.081753031487319e-7 2.577433684151412e-7 1.3468824346008514e-7 7.109258482294625e-8 4.964676377096128e-8 2.9049844660731368e-8 9.567922411673696e-9 7.039497983970407e-9 
0.51  0.7173313169722778 0.2683795819472268 0.005930786820606434 0.004950081194932334 0.0022071462166412415 0.0010731478106164598 5.690040776252879e-5 3.999237053728955e-5 1.8770825091565534e-5 4.632795332236554e-6 3.3791400327747843e-6 2.8994336409725253e-6 4.2021603118552673e-7 2.9468805924703584e-7 2.850614662791581e-7 1.5845539393056916e-7 9.136845203483778e-8 5.657012626846815e-8 2.9588135361222964e-8 1.0838823239176548e-8 9.089854008268528e-9 8.188959389408674e-9 
0.52  0.6799614390611758 0.3055894605041713 0.0054780406710544394 0.004920976320864968 0.002568824525897891 0.0013511239514909263 5.696224303940978e-5 4.0768050740823076e-5 1.825321581772186e-5 5.819335545496881e-6 3.8065681521629414e-6 3.1633095198732336e-6 3.88909798057396e-7 2.893998507056589e-7 2.7371599062891667e-7 1.7513445114424082e-7 1.0791474229808168e-7 6.368730244132112e-8 2.9271684987217192e-8 1.1570794208345591e-8 8.946290334780661e-9 8.18130156998879e-9 5.510322114561357e-9 
0.53  0.6454183409726961 0.3403404431659589 0.005049743668107498 0.00464796271493093 0.002791980615973085 0.0016240750681335383 5.48863462246709e-5 3.992834925696102e-5 1.733964186609233e-5 6.916573832677674e-6 3.896440640573647e-6 3.2024636773513663e-6 3.392185984626006e-7 2.671680985020344e-7 2.538511268694963e-7 1.7793488505250365e-7 1.1527386168469126e-7 7.034892346705073e-8 2.4666563381314236e-8 1.1811547727957452e-8 9.544410863229004e-9 7.541890076503995e-9 6.618797140529534e-9 
0.54  0.6147461198403088 0.3714586160258838 0.004661861022669623 0.0042524011655277315 0.0028794838137835804 0.0018796548379464836 5.1444732083787625e-5 3.833381061673276e-5 1.6268835596009002e-5 7.86351939677467e-6 3.7265148019302646e-6 3.054821977064065e-6 2.8778813960407175e-7 2.3510670761442982e-7 2.3398584484070464e-7 1.6938145190766904e-7 1.1299446639323258e-7 7.609743263632257e-8 2.1006326907112367e-8 1.1637025467788649e-8 8.804183714649403e-9 7.268126364606838e-9 6.98970267291642e-9 
0.55  0.5891618075623284 0.3976266735289564 0.004332189328014469 0.0038162662676311586 0.0028467485580368017 0.0021019175207106938 4.725347807871117e-5 3.619537544503472e-5 1.5212016239205206e-5 8.601963676320498e-6 3.3283965808363316e-6 2.7759330424563045e-6 2.406935173617075e-7 2.206119045380568e-7 1.9190205493739625e-7 1.5301872949511058e-7 1.0359269488212888e-7 7.908288807122006e-8 1.3505802008985627e-8 1.1319543765584957e-8 9.054500686524102e-9 7.289624484470905e-9 
0.56  0.5685756151991582 0.41884065337162335 0.004061462431080374 0.0033964164545362443 0.0027325868545059998 0.002286676976978342 4.29339376988202e-5 3.3967861451944563e-5 1.4260104108357446e-5 9.138548033507458e-6 2.9073537316427094e-6 2.461434361726791e-6 2.0803736111066725e-7 2.0444683209095567e-7 1.609074238689919e-7 1.3497178321579814e-7 9.144557714623607e-8 7.896316805107731e-8 1.2586748262192797e-8 1.098447760855909e-8 9.387373113707532e-9 7.741985492107603e-9 
0.57  0.5522643919687824 0.43576528659000713 0.0038419644210881568 0.0030188155737372385 0.002573934443119499 0.002436822197647408 3.875888187884838e-5 3.168019517163707e-5 1.343969671685268e-5 9.508388595453007e-6 2.4600601912579674e-6 2.1198734842238418e-6 1.9682534570669197e-7 1.7847222732639516e-7 1.3285765977173735e-7 1.1624947282508283e-7 7.8739465991312e-8 7.508101112873251e-8 1.1380530278500124e-8 1.0801230192497977e-8 9.517515862371098e-9 7.785122088683953e-9 
0.58  0.5396527420791495 0.4489461655618605 0.0036675205974109047 0.002690874396457122 0.002554677015828752 0.002396509415065783 3.497359144867875e-5 2.9472316216551935e-5 1.2751986144056622e-5 9.741879539574253e-6 2.0428282826045846e-6 1.7983149030894227e-6 1.8631359870757846e-7 1.617248003317881e-7 1.0949144817519705e-7 9.942992150825386e-8 6.813801600608436e-8 6.71407860156802e-8 1.0389880093137447e-8 1.0356232486728924e-8 9.399953338701011e-9 7.633055813377265e-9 
0.59  0.5297728777151464 0.45933980614389974 0.0035267662766905834 0.002648049016117915 0.002409949005815036 0.0022176909115075023 3.15903375277433e-5 2.7392305893208714e-5 1.2176782052528424e-5 9.875998898308418e-6 1.6738792105288428e-6 1.5059400162145e-6 1.766878587174675e-7 1.5175013199903033e-7 8.678590733619067e-8 8.49415352772616e-8 5.980823994234125e-8 5.70892541143007e-8 9.944208639103326e-9 9.490667895132873e-9 9.18942211792912e-9 
0.6  0.5222696113859622 0.46729851573840875 0.003415737446471789 0.0027186679799713156 0.002171564939181464 0.0020468649238461123 2.868203816079305e-5 2.5492497669437378e-5 1.1703869883027453e-5 9.941209956983636e-6 1.3708512048118136e-6 1.2603407270033228e-6 1.6856471319111953e-7 1.4563867750163162e-7 7.314390221312828e-8 7.157260352856671e-8 5.1735184859724894e-8 4.9008331007747235e-8 9.400718385889037e-9 8.864342355414053e-9 8.85008178702184e-9 
0.7  0.4987308333916103 0.49332367229647317 0.0029831974617192196 0.0029075632861183007 0.001006163746188731 0.0010023120233714226 1.3463699754315035e-5 1.3288072619888522e-5 9.457502095607756e-6 9.320288191085696e-6 1.9739670009509544e-7 1.9418835554177665e-7 1.264079195504664e-7 1.2299313513594596e-7 2.3428213130504925e-8 2.3122415104304038e-8 2.0533632589289903e-8 2.016148709530596e-8 
0.8  0.4968994456679522 0.4960756728568519 0.0028800974435654555 0.002869686795768965 0.000621632327243725 0.000620589692001988 8.474743941207407e-6 8.45982346589749e-6 7.77633372012192e-6 7.763632653446253e-6 1.1245313274208096e-7 1.1202245782193581e-7 5.2309946340465005e-8 5.219155289638524e-8 1.926395917562816e-8 1.9133676328037832e-8 1.6679531812115937e-8 1.662857915437193e-8 
0.9  0.49705613875398214 0.49637926008848854 0.00282629076270971 0.002822105859974679 0.00044579206004918484 0.0004451024254598271 7.70463880963666e-6 7.688317393560054e-6 4.811780697036089e-6 4.800995952562866e-6 1.0409738807499998e-7 9.981836211068515e-8 2.595581767204573e-8 2.356819206430326e-8 1.912450026215379e-8 1.8980984611850015e-8 1.2771239930018251e-8 
1.0  0.49734381948773815 0.49636767268454174 0.002787543500217834 0.0027819196426314115 0.0003496386815714791 0.00034888879230734636 7.023064559087962e-6 7.005171094919289e-6 3.111321829059497e-6 3.102875372529002e-6 9.775004721105645e-8 9.392405712867797e-8 1.8859287964809883e-8 1.880235051846576e-8 1.8136934595118554e-8 1.7570553555835982e-8 9.734904900922153e-9 
1.1  0.49740729738188916 0.49649008148650464 0.0027553765761398905 0.002750284416810548 0.0002901230576037082 0.00028958483047055697 6.4124369137694585e-6 6.4005540932127505e-6 2.0993964793521203e-6 2.0952908599634505e-6 9.006384695975819e-8 8.988790637595849e-8 1.8323372114198624e-8 1.823117529823917e-8 1.4084708130522001e-8 1.3981226778961205e-8 
1.2  0.49808122260506055 0.49595189557532776 0.002732039052658677 0.002720358307248796 0.0002503189935910201 0.00024924807514885945 5.879836972053311e-6 5.854611931966431e-6 1.479025007387734e-6 1.472594961549349e-6 8.69629446980877e-8 8.659030521962273e-8 1.7627344555834915e-8 1.7534223440976968e-8 1.1334920913902006e-8 1.1272354591092518e-8 
1.3  0.498609527392084 0.4955283878104467 0.0027119088809656458 0.002695149814442562 0.0002216165335166942 0.000220246924243325 5.407005772418312e-6 5.3735530478969386e-6 1.0844853735845156e-6 1.0777546932062362e-6 8.445769533566975e-8 8.393446748416241e-8 1.6748814467097143e-8 1.6614498979419772e-8 9.084116793941575e-9 9.005820342675843e-9 
1.4  0.4991706271498927 0.49505147214779704 0.0026950816106938455 0.002672840101251591 0.0001999222357932112 0.00019826681374844425 4.990556771307311e-6 4.949183012410631e-6 8.242866511713508e-7 8.166288693688503e-7 8.230635730693783e-8 8.162244690179579e-8 1.570375932165207e-8 1.5564761266556918e-8 7.0854547201830055e-9 7.002741308667506e-9 
1.5  0.49861040275497126 0.4956814592515078 0.002674675578838419 0.00265894106918432 0.00018247889009756474 0.00018137832504982936 4.613360655125519e-6 4.583590828478547e-6 6.470578072284162e-7 6.256188813111914e-7 8.032256453711077e-8 7.97915960180941e-8 1.4603770578135242e-8 1.4401157071546588e-8 5.383091243152544e-9 
1.6  0.4991432327779577 0.4952074133870325 0.002662229490695495 0.002641255707241323 0.00016871333518347678 0.0001673886383106307 4.288887732703487e-6 4.257916805288228e-6 5.183516884438383e-7 5.143074938709993e-7 7.878481606850022e-8 7.818001825777885e-8 1.3483325527095522e-8 1.3421740036346962e-8 3.329960704506262e-9 
1.7  0.4990414042168319 0.4953599595407031 0.002648052116590154 0.0026285241464888173 0.0001571116037586193 0.00015595300122653755 4.000038184571911e-6 3.970566322543759e-6 4.245943573761059e-7 4.2146719773774375e-7 7.734685962964209e-8 7.677554909545092e-8 1.2330763096870447e-8 1.2255169267007743e-8 
1.8  0.4996593685333021 0.49478617632371136 0.0026391102525456477 0.0026133542618045555 0.00014753726451700703 0.00014609702315777472 3.749939566398978e-6 3.713270044125493e-6 3.61201366636085e-7 3.576484597439065e-7 7.621138113240307e-8 7.545318166424329e-8 1.136646227135224e-8 1.1250501786949506e-8 
1.9  0.4995026695163163 0.4949818367383076 0.0026272419237393014 0.0026034797062023905 0.00013911286317903174 0.00013785487676620483 3.5221939267633373e-6 3.4903991990099702e-6 3.121643950354627e-7 3.0934908638936635e-7 7.508066482443142e-8 7.440501301774984e-8 1.0438252264785783e-8 1.0344955136742913e-8 
2.0  0.49965145122786414 0.4948678743484318 0.002617965902855955 0.0025929020567433416 0.00013187318888165607 0.0001306106487645951 3.3212737217632094e-6 3.2894655739000737e-6 2.739864930037712e-7 2.7136189710769687e-7 7.412295496541075e-8 7.34139510439697e-8 9.580214387874632e-9 9.421653565743262e-9 
2.1  0.4995800412088613 0.4949704998627079 0.0026084298345982913 0.002584362480817157 0.000125462803945025 0.00012430519285274008 3.1401495227082967e-6 3.1111723069155737e-6 2.4312768196991317e-7 2.4088403505238946e-7 7.321675228270093e-8 7.254178105261695e-8 8.806619065673576e-9 8.717520519335277e-9 
2.2  0.499877436010876 0.49470130115907446 0.0026015877593085998 0.0025746503100623746 0.00011987147747372479 0.00011863044235749762 2.97958703174482e-6 2.9487581081593562e-6 2.1822113706046733e-7 2.159667046932059e-7 7.24638392537275e-8 7.171653161265509e-8 8.108825472340016e-9 8.018671496067837e-9 
2.3  0.4997914828673413 0.49481293981146396 0.002593391390930297 0.0025675594834975064 0.00011479126252640615 0.00011364800051505021 2.832590596268281e-6 2.8043955863751476e-6 1.973252911626207e-7 1.9536462921719082e-7 7.17138221883112e-8 7.10024335784408e-8 7.45971118097075e-9 7.331656587894042e-9 
2.4  0.4998285042237198 0.4947994273788249 0.0025864052317031345 0.0025603861689966786 0.00011025008937436644 0.00010914098824463517 2.7001524334554337e-6 2.672981325180349e-6 1.7977161802060505e-7 1.7796078812126268e-7 7.104595290131855e-8 7.032731901510381e-8 6.880249810275499e-9 6.7994499076547895e-9 
2.5  0.49986592069862484 0.4947835891864085 0.0025799532687342283 0.0025537168717548672 0.00010614319116151427 0.00010506296165849614 2.579701265875325e-6 2.553319333046177e-6 1.6485706364364294e-7 1.6315122053365477e-7 7.043482013237446e-8 6.971555826615009e-8 6.365519524669246e-9 6.2768751838105746e-9 
2.6  0.4998857315020178 0.4947838031193135 0.0025738241674276925 0.0025475490318587267 0.00010239803529295126 0.00010135234796000275 2.460287422317266e-6 2.4378385383609737e-6 1.50008503600913e-7 1.4953323482419341e-7 6.984436370145856e-8 6.9104145955914e-8 5.179920470465011e-9 
2.7  0.49988551168560086 0.4948024497269818 0.0025680331843952408 0.0025419322462568103 9.897964940301424e-5 9.797386665593563e-5 2.3631349256838286e-6 2.336152642694907e-6 1.4003302122724758e-7 1.3750684989547478e-7 6.930169237259771e-8 6.860848484787807e-8 4.9030922976409005e-9 
2.8  0.4998756956251162 0.49482940621108895 0.0025625629234106283 0.002536702394548347 9.584177839027604e-5 9.487506507325161e-5 2.2682903294555838e-6 2.248121915929716e-6 1.2920415096280037e-7 1.2894554107191815e-7 6.882563044595228e-8 6.811535775170288e-8 4.499447396075741e-9 
2.9  0.49988869874826075 0.49483238266153073 0.0025575401177860536 0.002531676258190632 9.295630944364804e-5 9.201641053169652e-5 2.186655504401346e-6 2.161443376882669e-6 1.2166915498225575e-7 1.1942684240901525e-7 6.836043948648291e-8 6.767274560041066e-8 4.266194420891456e-9 
3.0  0.49988831815717416 0.49484770356155044 0.002552749875874519 0.002527007965997781 9.028731182327758e-5 8.937565701874494e-5 2.1069932047882914e-6 2.085469587932419e-6 1.1354851834443167e-7 1.1230861861617926e-7 6.794132329679217e-8 6.72345232760574e-8 3.974785679031903e-9 
3.1  0.49988874550069956 0.49486127708561745 0.002548233788205947 0.0025226051834246685 8.781193205539564e-5 8.692774893498543e-5 2.03570153580612e-6 2.012606026186858e-6 1.0704064245642267e-7 1.0528709386631939e-7 6.753380859716081e-8 6.68447501732015e-8 3.747206168616226e-9 
3.2  0.49990085934252776 0.49486240344161897 0.002543983815664739 0.0025183571917802073 8.550917325964387e-5 8.464731249863665e-5 1.963893065551283e-6 1.9435960550080037e-6 9.985145615770732e-8 9.869096318957683e-8 6.72240338145917e-8 6.646707715072379e-8 
3.3  0.4999020839917308 0.49487354248172266 0.002539971229431696 0.0025144231828790457 8.335976202739716e-5 8.252076720988514e-5 1.898963051472115e-6 1.8797672516245397e-6 9.398435087299807e-8 9.300562902962339e-8 6.677171928910245e-8 6.609299709251115e-8 
3.4  0.49992474596075953 0.494862581799666 0.0025362442351701867 0.0025105681350620205 8.135573660728749e-5 8.053208591107785e-5 1.840698829686438e-6 1.822064658433814e-6 8.901208475127699e-8 8.807819940298148e-8 6.643431929580822e-8 6.575873198922568e-8 
3.5  0.4999349675643395 0.4948634197595404 0.0025326508053011452 0.0025069607688780536 7.947655103116149e-5 7.86703730647672e-5 1.7863042426917217e-6 1.7681826509399982e-6 8.450551218805804e-8 8.361185305100436e-8 6.612514127682025e-8 6.544844292739641e-8 
3.6  0.4999389554935602 0.4948699136471257 0.002529198287417038 0.0025035559404532675 7.771045103702229e-5 7.692257057992854e-5 1.7351682633268858e-6 1.7175720371629628e-6 8.03647544848582e-8 7.953368437131159e-8 6.582256848458009e-8 6.514851930017547e-8 
3.7  0.4999473574694634 0.49487146170755203 0.0025259279495151317 0.0025002863935984984 7.604916510640545e-5 7.527713541622057e-5 1.6872583498377936e-6 1.6701279295491767e-6 7.658874129694606e-8 7.57924681293494e-8 6.553994075630691e-8 6.487191859421719e-8 
3.8  0.4999544961288491 0.49487377728490833 0.0025228069735119545 0.002497169176999669 7.448231674792414e-5 7.372537400584667e-5 1.6420646127402588e-6 1.625372316953079e-6 7.310358040658418e-8 7.234270210038398e-8 6.526250545444912e-8 6.459925981032637e-8 
3.9  0.4999610621673672 0.49487621551293215 0.0025198185196978026 0.0024941906272225476 7.300221458082109e-5 7.225972202245132e-5 1.5995415325158987e-6 1.5832692480099634e-6 6.990479448545487e-8 6.916552308313445e-8 6.500813948964313e-8 6.434693876559747e-8 
4.0  0.4999670481305572 0.49487881640699516 0.002516956233560468 0.0024913407657382158 7.160125332945833e-5 7.087253471183401e-5 1.559276456571988e-6 1.5434036183686807e-6 6.69334479363428e-8 6.620844471109712e-8 6.475610136711989e-8 6.409703883706395e-8 
4.1  0.49997229922057035 0.494881719719897 0.0025142315255542724 0.0024886323188604512 7.02747614078391e-5 6.955920153193252e-5 1.521330142595883e-6 1.5058307536964698e-6 6.451653531895485e-8 6.419168696118708e-8 6.385945576715182e-8 6.352360398407303e-8 
4.2  0.49997630560856093 0.4948855935749744 0.0025115724559967518 0.0024859997792392673 6.901281679421734e-5 6.831011418750368e-5 1.485128409566291e-6 1.470002952285699e-6 6.428616214657266e-8 6.363158865285294e-8 6.16244165500747e-8 6.097671827565078e-8 
4.3  0.4999805411601571 0.4948888211743207 0.002509057775375508 0.002483505867391178 6.7815942385626e-5 6.712528316594285e-5 1.4510918783848157e-6 1.4363069532298727e-6 6.407468504000737e-8 6.342207052717018e-8 5.925878520511123e-8 5.864283023349364e-8 
4.4  0.4999838368345723 0.49489274992451926 0.0025066020817316723 0.002481078517304002 6.667423168974038e-5 6.599530242363084e-5 1.4185028535318877e-6 1.4040548270907096e-6 6.386980893229843e-8 6.321943582855972e-8 5.702798559848548e-8 5.643284949908122e-8 
4.5  0.4999876884024115 0.4948957621135485 0.002504274759840444 0.0024787698049469893 6.558794964506471e-5 6.491981351730226e-5 1.3876488872882136e-6 1.3734894429363063e-6 6.366225269923675e-8 6.30138472610856e-8 5.4955582685184147e-8 5.438607621170898e-8 
4.6  0.4999930169390415 0.49489706607545225 0.0025020186887498783 0.002476520609229861 6.455047855262617e-5 6.389264843104584e-5 1.3582774852117232e-6 1.3444295994008733e-6 6.352247076927469e-8 6.283290594613627e-8 5.302427401154713e-8 5.2473807927875286e-8 
4.7  0.49999507594192816 0.49490136934002527 0.00249983701505223 0.002474373071123187 6.355882503297619e-5 6.291137829086147e-5 1.3300898285163565e-6 1.316532739666769e-6 6.333223305679672e-8 6.263524812003287e-8 5.118327246705902e-8 5.065522491812982e-8 
4.8  0.49999650498721576 0.49490606746563554 0.0024977265268946378 0.002472299422000127 6.261070560170719e-5 6.197331788872612e-5 1.3033872513789802e-6 1.2901122145150106e-6 6.315117414582923e-8 6.247056460271684e-8 4.948252135449165e-8 4.897103805751613e-8 
4.9  0.4999998453183141 0.49490862401408076 0.002495700608605399 0.002470289496015046 6.170292890946554e-5 6.107462861922325e-5 1.2777599965821001e-6 1.2647388599299636e-6 6.297708535338302e-8 6.229568406108558e-8 4.786393233884633e-8 4.7369897359247674e-8 
5.0  0.5000039795188428 0.4949101730033901 0.0024937473155708556 0.002468343480834764 6.0832821651891466e-5 6.0213061951729636e-5 1.2532243789945734e-6 1.240445872768155e-6 6.280506847639922e-8 6.21239760331831e-8 4.633882537241256e-8 4.5859639504761216e-8 
