#mmax= 5
#m-states: all states (FBR)
#Nr. of sites: 50
 
0.0  1.0 
0.1  0.9968294406546443 0.002554930558287693 0.0006153721532469172 1.570979026803208e-7 9.953591871752634e-8 
0.2  0.9867309403307948 0.010920506714204851 0.002343108648029212 2.749895508414654e-6 1.6934119737384891e-6 9.87822225375631e-7 1.3177263547014776e-8 
0.3  0.9675933685849017 0.02756205977187232 0.004806704920961186 1.6344865125156796e-5 1.1520910290005185e-5 9.687854266659379e-6 1.1152560983713277e-7 1.0257627490649296e-7 9.899069887899591e-8 
0.4  0.9340204608077564 0.05850218447872231 0.0073025153802781274 6.744986260514395e-5 6.639426297177209e-5 3.860277763385346e-5 9.223706884341804e-7 9.221488021969893e-7 4.529791938953176e-7 5.0629011385850675e-8 2.3070559023253824e-8 2.1231778350322745e-8 
0.41  0.9294200431792977 0.06286552803879264 0.007513002399493035 7.885545185698319e-5 7.567642877407642e-5 4.4049537634515186e-5 1.1133532690039474e-6 1.1111060119253877e-6 5.026927722087838e-7 6.48440520711598e-8 2.8433704833570424e-8 2.4534341102405164e-8 
0.42  0.9245010895413189 0.06755650831231749 0.007710546728082835 9.19735214586355e-5 8.62193111267182e-5 5.028614828405371e-5 1.337959838185966e-6 1.3315956439029408e-6 5.556201372993209e-7 8.126603303824361e-8 3.4541336179937385e-8 2.8142784534592834e-8 7.311638920478591e-9 
0.43  0.9192232571569202 0.07261706373339173 0.007892921607917547 0.00010711267970108318 9.821143086356031e-5 5.7452317023578225e-5 1.6000999173892709e-6 1.5867087082443087e-6 6.102975532713866e-7 1.017312235287955e-7 4.183001765905704e-8 3.196518268524616e-8 8.441579409410174e-9 
0.44  0.913539090692229 0.07809606852293303 0.008057984931223623 0.00012454691740225693 0.00011189868123606598 6.573116992449412e-5 1.9062310596429994e-6 1.8808816208336088e-6 6.681701456877927e-7 1.2726416762964056e-7 5.069667832048826e-8 3.6078171371484926e-8 9.763207730263977e-9 
0.45  0.9073806016263222 0.08406317844234872 0.008202922274848881 0.00014482020575952561 0.00012761785714767777 7.53709576801868e-5 2.266417587215773e-6 2.219858468746437e-6 7.297478897333582e-7 1.595388298774762e-7 6.128732817870132e-8 4.048754680067559e-8 1.129824218796737e-8 
0.46  0.9006533367438284 0.09061487800461356 0.008324228056842645 0.00016855073768005225 0.00014584126680445672 8.671049005335358e-5 2.6962234917512343e-6 2.608875315727376e-6 8.067006116902257e-7 2.00896696214775e-7 7.410979191929399e-8 4.528355430558991e-8 1.329357433135961e-8 9.317141531605725e-9 
0.47  0.8932180681977391 0.09789337236646856 0.008416906519933685 0.00019665976245608068 0.00016719248897221692 0.00010024782720770696 3.1997270461302763e-6 3.0565295621768937e-6 8.77545028927486e-7 2.5356506672114157e-7 8.942251319542579e-8 5.008303859657752e-8 1.5299518122183606e-8 1.0665449151368473e-8 
0.48  0.8848769099617931 0.10610032223311842 0.00847444096729069 0.0002302028465860886 0.00019259238627073374 0.00011670076652007103 3.79396715240494e-6 3.5684422367692824e-6 9.543816894383435e-7 3.21721842446656e-7 1.0763555694075006e-7 5.493389314678118e-8 1.7519404874640397e-8 1.2236644371632607e-8 
0.49  0.8754387173594267 0.11543181440559261 0.008490341012357659 0.000269131351658338 0.00022283656739170962 0.00013688845755854766 4.46563730274437e-6 4.135478446013076e-6 1.0390600415274876e-6 4.0888790578377825e-7 1.2836196738474895e-7 5.964733163431497e-8 1.9720399436879393e-8 1.4052620094018829e-8 
0.5  0.8649782779667208 0.12581630418325543 0.008465644548893168 0.00030966123423689467 0.00025732842265695466 0.0001610333641744741 5.138471152779905e-6 4.71125012022306e-6 1.1332385375257774e-6 5.139451214141172e-7 1.5141654388374568e-7 6.415934850714711e-8 2.1698662693550596e-8 1.610057508361194e-8 
0.51  0.8539970092717574 0.13674927748447616 0.008413880138826886 0.00034519283065875545 0.0002934208779362921 0.00018813007992106204 5.707543182852585e-6 5.230958744121217e-6 1.236407777005051e-6 6.296386988758093e-7 1.7473553055777233e-7 6.852849569050679e-8 2.326103606660003e-8 1.8242958401341578e-8 
0.52  0.8429530207496675 0.14776661191464577 0.008347972704969333 0.0003723804141477324 0.0003287798177704112 0.00021702845251885265 6.134780096071591e-6 5.664302377243282e-6 1.3449172025197786e-6 7.491092857706443e-7 1.9586077354927702e-7 7.25913432618705e-8 2.413457589503629e-8 2.025062635949071e-8 
0.53  0.8321162671384141 0.1585924398095739 0.008275899797211201 0.00039122341717551213 0.0003621104958484277 0.00024693736905078274 6.4352542130160604e-6 6.018840935518312e-6 1.4584357656700354e-6 8.69538128168779e-7 2.161102482568499e-7 7.675261043662456e-8 2.4852314473550386e-8 2.2188511330406758e-8 
