#mmax= 10
#m-states: all states (FBR)
#Nr. of sites: 26

0.0  -0.0  0.0
0.1  -6.418426486577484  0.16134967402766542
0.2  -47.55682413340077  0.6596706117709552
0.3  -81.58216935799032  0.6433177280909275
0.4  -166.78965962802383  0.9999999999999999
0.41  -170.7924698903396  0.9971965216227096
0.42  -172.93259125652372  0.8748460892726185
0.43  -288.9165876390668  0.8888148448219264
0.44  -222.78965962802383  1.0000000000000002
0.45  -172.9329213387833  0.8745573772179255
0.46  -226.78965962802383  1.0000000000000004
0.47  -167.72235157480566  0.5665239154455532
0.48  -167.61885096050588  0.6227950286252972
0.49  -227.49192294946292  0.7007124307595858
0.5  -222.78965962802383  1.0000000000000004
0.51  -286.8078095559416  0.9821766921887763
0.52  -226.80780966645273  0.9821765836361214
0.53  -222.84315007772975  0.9483865571863972
0.54  -225.48404848557823  0.7061949213009068
0.55  -284.7896596280238  0.9999999999999992
0.56  -362.7896596280238  Inf
0.57  -288.9165876390668  0.8888148448219264
0.58  -282.93259658242744  0.8748414293463519
0.59  -286.7896596280238  0.9999999999999992
0.6  -364.8078095559416  Inf
0.7  -430.7896596280238  Inf
0.8  -358.792141457355  Inf
0.9  -606.7896596280239  Inf
1.0  -Inf  NaN
1.1  -523.4828068085837  Inf
1.2  -522.7921353131992  Inf
1.3  -Inf  NaN
1.4  -620.7921353131616  Inf
1.5  -584.7896596280239  Inf
1.6  -Inf  NaN
1.7  -Inf  NaN
1.8  -Inf  NaN
1.9  -Inf  NaN
2.0  -Inf  NaN
2.1  -Inf  NaN
2.2  -690.7896596280239  Inf
2.3  -Inf  NaN
2.4  -Inf  NaN
2.5  -Inf  NaN
2.6  -Inf  NaN
2.7  -Inf  NaN
2.8  -Inf  NaN
2.9  -Inf  NaN
3.0  -Inf  NaN
3.1  -Inf  NaN
3.2  -Inf  NaN
3.3  -Inf  NaN
3.4  -Inf  NaN
3.5  -Inf  NaN
3.6  -Inf  NaN
3.7  -Inf  NaN
3.8  -Inf  NaN
3.9  -Inf  NaN
4.0  -Inf  NaN
4.1  -Inf  NaN
4.2  -Inf  NaN
4.3  -Inf  NaN
4.4  -Inf  NaN
4.5  -Inf  NaN
4.6  -Inf  NaN
4.7  -Inf  NaN
4.8  -Inf  NaN
4.9  -Inf  NaN
5.0  -Inf  NaN
