#mmax= 10
#m-states: all states (FBR)
#Nr. of sites: 26
 
0.0  1.0 
0.1  0.9968288030694938 0.0025556160828898206 0.0006153241108852143 1.5716122384096364e-7 9.957550894467973e-8 
0.2  0.9866740554460034 0.010980257018231653 0.0023398965017507726 2.7770010222927807e-6 1.704068215629204e-6 1.3099647756948704e-6 
0.3  0.9667267223746598 0.028454555200608782 0.004766758716876509 2.3696992390375837e-5 1.7545164547683393e-5 1.0194964229998747e-5 2.312031308974589e-7 1.8495596491553592e-7 1.1042758807505297e-7 
0.4  0.9254604347374772 0.06703626491897384 0.007011659350876574 0.0003296969594352145 9.869821002939933e-5 5.3322162970369176e-5 5.077370991527956e-6 3.0753526635884102e-6 1.1889363053418795e-6 4.5260481308449297e-7 6.348017431876951e-8 4.166402060588347e-8 2.4251269248012782e-8 
0.41  0.9185819530998679 0.07361424231309233 0.00716121878814529 0.00044149829545679967 0.00012201953389248797 6.508843743571394e-5 7.0634892802248325e-6 3.972095487376826e-6 2.196676471238904e-6 5.021376094342334e-7 9.583172367665826e-8 6.2670278806394e-8 5.476445515119895e-8 3.186680450371486e-8 
0.42  0.9107068242622219 0.08116149674167174 0.007284117771288151 0.0005941248593751076 0.00015345728154728073 8.061886261871061e-5 9.64039651747389e-6 5.114908542481505e-6 3.6296678092990227e-6 5.708664916824243e-7 1.45692663016748e-7 1.1147722459782781e-7 7.413953474959522e-8 4.737787440168337e-8 2.0364412312047208e-8 5.330208118937299e-9 
0.43  0.9015874302472143 0.08991348269304915 0.00737556902453423 0.0007994663047944416 0.00019669924763056985 0.00010148403909593091 1.2899379909009733e-5 6.465144825926597e-6 5.283039972809571e-6 6.458188008560418e-7 2.073980814329866e-7 1.7056166963613305e-7 9.880654459736785e-8 6.722911197458546e-8 2.4360345986003937e-8 6.704421122492689e-9 
0.44  0.8908218973528108 0.10024540139772978 0.007427870008051069 0.0010817644036499657 0.0002583873506361273 0.00013029583255487476 1.712418343130678e-5 8.07655197442014e-6 7.641954418513409e-6 7.163683979580516e-7 3.000089199481908e-7 2.64986981685213e-7 1.2963262475870106e-7 9.701440520886285e-8 1.7150846059897e-8 8.752953966690655e-9 7.049616611941439e-9 
0.45  0.8778741583895866 0.11265910533716916 0.007432954086214774 0.0014682263386752233 0.0003487196633462115 0.00017103826936693583 2.2481040622556416e-5 1.119170692768762e-5 9.97702603693995e-6 8.785766719540091e-7 4.4421310775358645e-7 4.2261197155490955e-7 1.7691397645042998e-7 1.4189315632782133e-7 3.1932733441395165e-8 2.9550246821293782e-8 1.2797704335284502e-8 9.65248494916964e-9 
0.46  0.8621368485265705 0.12774323339564628 0.007380453244962796 0.001970196592252872 0.00048061276396689463 0.0002289930657295536 2.87217096278687e-5 1.5926196675598208e-5 1.202317665835876e-5 1.0730998957358905e-6 6.81038180039566e-7 6.70776088348869e-7 2.2127201712472428e-7 1.997070290525321e-7 5.075543559697053e-8 3.555764952747075e-8 3.199112325719362e-8 1.3756573303728179e-8 1.3373917987204603e-8 
0.47  0.8428418913798402 0.14625763445519938 0.007259373809006084 0.002584548897652694 0.000670651632364275 0.0003115849013437032 3.536783208551215e-5 2.081409381303289e-5 1.408992602990751e-5 1.3732883384033839e-6 9.797002281241876e-7 9.65482480224063e-7 2.6236920986103406e-7 2.602265313948741e-7 8.2568588672983e-8 4.6564295575478556e-8 3.876207145526601e-8 1.862429066418924e-8 1.5486631565093663e-8 
0.48  0.8192448360080844 0.16896979790512306 0.007059681874208254 0.0032734066967462804 0.0009349469854019314 0.0004276102945273266 4.2052510871441115e-5 2.616987924070173e-5 1.5986639759787924e-5 1.8337387409427263e-6 1.4146990436211644e-6 1.3533592212815963e-6 3.224154804027038e-7 2.929320200333921e-7 1.2842296668125872e-7 6.82746651123719e-8 4.202486541474185e-8 3.159510910799753e-8 1.8145797146481733e-8 5.598128376987784e-9 
0.49  0.7908625991995224 0.1964446045661788 0.006775740626698505 0.003948100397028147 0.0012794096915352438 0.0005855848082416894 4.804331241780869e-5 3.109952164064704e-5 1.747412039256477e-5 2.4942632490768017e-6 1.967300413156379e-6 1.810248330538668e-6 3.7127085103506857e-7 3.0811280066452156e-7 1.800042625734663e-7 9.417366071563945e-8 4.6046630118477076e-8 4.5270212461876084e-8 1.957263013808663e-8 7.493301248762e-9 
0.5  0.7583643952659359 0.22817857871306807 0.006417983764171791 0.004462276427894336 0.0016758436184936688 0.0007865183316189568 5.2288697291938746e-5 3.4446135395317376e-5 1.832523421798504e-5 3.36120234465847e-6 2.559844759444261e-6 2.2320956956758852e-6 3.912373806130692e-7 3.0867343827434704e-7 2.233033725930901e-7 1.1797592713097232e-7 6.312019532958794e-8 4.9766629092937185e-8 2.0587111117686437e-8 9.03973699925701e-9 6.9653206560373956e-9 
0.51  0.7228109625629466 0.2632124418769551 0.006002990918135138 0.004741971677228215 0.002082539445765195 0.0010274264920018554 5.4720731350208704e-5 3.695966893624877e-5 1.8519805297118408e-5 4.4057934822416865e-6 3.155570385649985e-6 2.628009600125385e-6 3.908531792328336e-7 2.9628143087571846e-7 2.5706660204198294e-7 1.4221531360218233e-7 8.161449658672287e-8 5.525173214001388e-8 2.7625579594514407e-8 1.0537846899712507e-8 8.572247882992035e-9 7.4294875048356265e-9 
0.52  0.6867432252423207 0.2991041324658448 0.005566498578074952 0.004743807960803777 0.0024273714378293377 0.0012910157861603798 5.4926400918845596e-5 3.7769321412065545e-5 1.8101805376192726e-5 5.519840770136213e-6 3.52666346205533e-6 2.8621356333949673e-6 3.6305863577499184e-7 2.772466516530569e-7 2.5708818215872593e-7 1.5621184400635398e-7 9.608646656291066e-8 5.8622366285605995e-8 1.84664167274239e-8 1.0693719852997162e-8 4.887111519217185e-9 
0.53  0.6527245949222376 0.33327423092641867 0.005144541941300499 0.004521150624445085 0.0026573728364861927 0.0015557988505915151 5.3248815508754766e-5 3.740671323956819e-5 1.730158186867514e-5 6.594330838129397e-6 3.6444748172018056e-6 2.92251853879543e-6 3.217804893793356e-7 2.56979694000695e-7 2.4044770070176715e-7 1.607521532787624e-7 1.0391767434006647e-7 6.77018369607202e-8 1.6893541866296993e-8 1.0688359648802668e-8 7.684137952520831e-9 4.61811993148444e-9 
0.54  0.6220056605435157 0.36437623929050567 0.004755794447792274 0.0041712850557965 0.002764863994776544 0.0018084372614645555 5.0227996470624357e-5 3.622369428680148e-5 1.6315456822644242e-5 7.545215233810128e-6 3.490553632285696e-6 2.818495830967977e-6 2.753456720000131e-7 2.386309402919155e-7 2.1221778100837043e-7 1.5508126806037138e-7 1.0362629089992384e-7 7.299808375123728e-8 1.4749274392200335e-8 1.0487420278031234e-8 8.550676263136371e-9 6.306465630171812e-9 
0.55  0.5961555551121653 0.39075730267343534 0.004422634865402133 0.003767885469550077 0.0027550000417590303 0.0020302349000115814 4.643759332350702e-5 3.457195981716473e-5 1.5310361486548432e-5 8.302102397937527e-6 3.1771810020587474e-6 2.5938400767919645e-6 2.3348409411460544e-7 2.2325016930534296e-7 1.815363637472637e-7 1.4267577938723e-7 9.686311108096661e-8 7.607364397057855e-8 1.3234218055892681e-8 1.1242244112805177e-8 8.802288148322431e-9 6.737661021916267e-9 
0.56  0.574924383906571 0.4125739209663382 0.004143728294449191 0.0033701209554978266 0.0026644020552681314 0.0022189837688800537 4.243563263477205e-5 3.273679479456478e-5 1.4385633235612425e-5 8.873689450080934e-6 2.8029404056357815e-6 2.327249427571364e-6 2.1159364633574533e-7 2.0022147190816357e-7 1.54541020422113e-7 1.2776717545881669e-7 8.70085222595753e-8 7.60915542235079e-8 1.2329183136668329e-8 1.1005665833132379e-8 1.0277768595209728e-8 7.2770390949864795e-9 
0.57  0.557983030230482 0.4300991633386582 0.003916286744045368 0.003005780587947057 0.0025247531420019456 0.00237363403915216 3.8514551223338436e-5 3.076777545959236e-5 1.3566274612318577e-5 9.278447562390225e-6 2.3941412282033994e-6 2.0285739514024033e-6 1.9868101770711146e-7 1.7577525507699728e-7 1.2892325179744878e-7 1.1159342491455345e-7 7.572077062951026e-8 7.299478383978067e-8 1.1265871489770906e-8 1.0568510317476352e-8 9.253458790759692e-9 7.377330522377725e-9 
0.58  0.5444542887317412 0.4441771700668476 0.0037303338255061545 0.0026848954077183713 0.0024998910134751244 0.0023628648500381853 3.48565557000549e-5 2.8807011165104367e-5 1.28685195344413e-5 9.554448014032066e-6 2.0092381924859473e-6 1.7381206158711497e-6 1.8822482430718068e-7 1.5992595957307452e-7 1.0775876921559663e-7 9.646971005347301e-8 6.682171374173085e-8 6.519490786076637e-8 1.0462743341610576e-8 1.0450908728954535e-8 9.470459520078156e-9 7.431457424704452e-9 
0.59  0.533896329702231 0.45523624546659885 0.003581032738462502 0.0025996068475354333 0.002407784620776711 0.002194797658463609 3.1549937978865774e-5 2.6879468059286606e-5 1.2282875852936264e-5 9.726277467280224e-6 1.6515882218781027e-6 1.4610561073368019e-6 1.788468597379506e-7 1.5002139341821147e-7 8.980767742435587e-8 8.279535666425842e-8 5.884377332663073e-8 5.573016367480161e-8 9.911557694558789e-9 9.474580959899279e-9 9.08165165475566e-9 7.249230653364955e-9 
0.6  0.5256864048768176 0.4638942993153281 0.003461129906035269 0.0026774923912647893 0.0021707441749108727 0.0020313041380615867 2.8684424090226033e-5 2.5118590922935288e-5 1.1794413714384781e-5 9.820986639728967e-6 1.3727169593910882e-6 1.2363524832407111e-6 1.7069821390741077e-7 1.44347091250085e-7 7.700738051356642e-8 7.179522234278646e-8 5.120339821822784e-8 4.8091592278637815e-8 9.453417110085071e-9 8.988305164837347e-9 8.843461634626073e-9 7.2846900042675406e-9 
0.7  0.49913607676016 0.4929183786742235 0.002990980338991041 0.0028998505282006666 0.00100507931347517 0.001003328724653138 1.3493223536060823e-5 1.3289228116023224e-5 9.469119846742197e-6 9.307786320587065e-6 2.0851799586431056e-7 1.9791240588719977e-7 1.2725186246678454e-7 1.2326396815665575e-7 2.4978623363769202e-8 2.333927100390988e-8 2.0553986423225986e-8 2.0484365249053654e-8 
0.8  0.4989353549089674 0.49403972942348 0.002890280378935541 0.0028595050666369117 0.0006241898771514058 0.0006180581056890079 8.509292091733812e-6 8.425505624167487e-6 7.811642060969133e-6 7.73420153197943e-6 1.1283018465122875e-7 1.1161151856979935e-7 5.2970686328638524e-8 5.23375367636481e-8 1.9378787524652157e-8 1.918940533675642e-8 1.6722232181407544e-8 1.6557477836382147e-8 
0.9  0.500971851421258 0.4924635264747212 0.002848469128416536 0.0027998992568643404 0.0004493212401258975 0.0004415992961677286 7.765845451868265e-6 7.629071401430573e-6 4.851615771230181e-6 4.763834771193811e-6 1.0508954814129772e-7 1.024672942351229e-7 2.6234183535737467e-8 2.542230895041401e-8 1.9291447622205016e-8 1.8911727646138093e-8 1.2961885987658724e-8 1.2436656581120192e-8 
1.0  0.5008453710265534 0.49286603170127774 0.002807163786753937 0.002762386459472042 0.0003520815744452831 0.0003464589979536669 7.07090642278389e-6 6.956576914152035e-6 3.1338713291257906e-6 3.083796848320855e-6 9.510583926048243e-8 9.331175319395297e-8 1.886131771766838e-8 1.860227594875089e-8 1.7854978368440568e-8 1.75658669580502e-8 
1.1  0.5021518906137795 0.4917454907036733 0.002781659920448439 0.002723998499565047 0.00029289028043888346 0.00028681757244196956 6.473620387334763e-6 6.3392477589180525e-6 2.119470480237245e-6 2.07535696712366e-6 9.088905940414269e-8 8.901388738136566e-8 1.8500059567684065e-8 1.8128563743017317e-8 1.4243863292145911e-8 1.3938626519414515e-8 
1.2  0.5024203689977657 0.4916127595197924 0.0027558399448298185 0.002696552102771086 0.0002524996691381177 0.00024706297586141646 5.930963332396133e-6 5.803330956570482e-6 1.4919514833796822e-6 1.4593013674339603e-6 8.769989060229139e-8 8.581214752748031e-8 1.77434327816268e-8 1.7373695493748683e-8 1.1435457536798851e-8 1.1178076779265574e-8 
1.3  0.5029290362129928 0.4912088567526218 0.0027354108754780067 0.0026716684695021996 0.0002235362665959642 0.00021832846332244104 5.453792779785527e-6 5.326864302499286e-6 1.0940015199272566e-6 1.0685479412793222e-6 8.514149648368291e-8 8.315752409873482e-8 1.6871372212487872e-8 1.6476190263121907e-8 9.16160698517784e-9 8.944753595992536e-9 
1.4  0.5024555475826227 0.49176661283831946 0.002712818796191525 0.002655089013077055 0.0002012452201095828 0.00019692807956850903 5.0235089975894305e-6 4.912762087626968e-6 8.310330486481489e-7 7.889505374748377e-7 8.282105988243877e-8 8.101170536977018e-8 1.579219118693053e-8 1.5357940582565106e-8 7.232542487590892e-9 
1.5  0.5025392550609662 0.4917525981225908 0.0026957357288269683 0.002637889901257987 0.0001838895212976605 0.00017996789162321271 4.647276082767826e-6 4.54965396633444e-6 6.384359630650439e-7 6.340295858540543e-7 8.091198329696758e-8 7.922051645285581e-8 1.4607609453959353e-8 1.4395852381154094e-8 5.241876685181132e-9 
1.6  0.5021452326642798 0.4922054161156255 0.0026782372271348526 0.00262524605796479 0.00016973128511158008 0.00016637020518163375 4.315969702740131e-6 4.230887359629839e-6 5.23017270152028e-7 5.093735395060535e-7 7.925223035606797e-8 7.768859612338695e-8 1.3549929197198895e-8 1.3304897815602838e-8 3.401176377995795e-9 
1.7  0.5021594897386924 0.49224188352066767 0.002664585688271774 0.002611981025198247 0.00015809273836585474 0.00015497159417177212 4.024946186406563e-6 3.945563902045634e-6 4.274792443831874e-7 4.1904309697843987e-7 7.783615346972543e-8 7.630504855247898e-8 1.2335137961015178e-8 1.218586241906057e-8 
1.8  0.5018822248502478 0.4925633232386395 0.002650840597261297 0.0026016208818387954 0.00014819269892973582 0.00014544112419678906 3.7665257936999085e-6 3.6966044300946048e-6 3.629685776386519e-7 3.56229753029212e-7 7.655266409590573e-8 7.51323409879094e-8 1.1377568158456792e-8 1.1217760560830402e-8 
1.9  0.5016118618643031 0.4928727018754645 0.002638315397975976 0.00259235144985594 0.00013969944137665971 0.0001372656462034188 3.5370477493989564e-6 3.4754446301447386e-6 3.1353166007171337e-7 3.0807150047886846e-7 7.539854449010374e-8 7.408546467076077e-8 1.0440918619501739e-8 1.0304353829672619e-8 
2.0  0.5016402292340598 0.49287909577875816 0.002628386430843275 0.0025824820918277534 0.0001323980744179384 0.00013008577574867954 3.3345154471741362e-6 3.2762799912507262e-6 2.750133600886885e-7 2.7021077648540826e-7 7.441294217346148e-8 7.31139176423446e-8 9.60803832171772e-9 9.459871665090758e-9 
2.1  0.5015251465291586 0.4930253538482262 0.002618606725047325 0.0025742242792100153 0.00012595221356010512 0.0001238176180318748 3.152365231420089e-6 3.098930997731279e-6 2.44211770494568e-7 2.4007639438055704e-7 7.35150021611533e-8 7.227287059519893e-8 8.84849084447898e-9 8.56600958977133e-9 
2.2  0.5015665877215172 0.49301218629105076 0.0026103617507457332 0.002565841064033536 0.00012027592457153123 0.00011822457717032863 2.9896792989274846e-6 2.938672805133102e-6 2.188874549818919e-7 2.1515254657760033e-7 7.269958242314023e-8 7.145986295449718e-8 8.129772717360811e-9 7.989588499242635e-9 
2.3  0.5014984739733032 0.493105923928935 0.0026022668068504105 0.002558707639491463 0.00011518423373357142 0.00011325611005908438 2.8423673776555063e-6 2.7947617025796146e-6 1.9797793683030157e-7 1.9465829765896512e-7 7.196191461869498e-8 7.074602464149577e-8 7.482413022342036e-9 7.351962142006656e-9 
2.4  0.5012360973320511 0.49339182419445604 0.0025936987802845455 0.00255310139697322 0.00011056141730792502 0.00010883079879160469 2.707831529199351e-6 2.665436480671022e-6 1.802819884604234e-7 1.7745139772079865e-7 7.125727196012265e-8 7.0138429943072e-8 6.895608754323658e-9 6.78742844668569e-9 
2.5  0.5012520830254855 0.4933975204543481 0.002587072349767069 0.0025465443248478877 0.00010643061022787485 0.0001047625221533057 2.579945513934414e-6 2.5359687066979638e-6 1.6441664182543507e-7 1.606198884761946e-7 7.0582971067305e-8 6.949499710370499e-8 5.684451384456768e-9 
2.6  0.5012077166796348 0.4934618031311925 0.0025806361464486265 0.002540751038701339 0.00010267025749067195 0.00010108082004049021 2.4678213316240806e-6 2.430405779772625e-6 1.5068787648677293e-7 1.4887242325645673e-7 7.00330857672788e-8 6.89227994361595e-8 5.183196263660217e-9 
2.7  0.5011850469690049 0.4935029179976415 0.0025747096363192452 0.0025352523295212245 9.923768508764108e-5 9.771557326496774e-5 2.3696634909102752e-6 2.3297638765346052e-6 1.4045843855360676e-7 1.370337116408811e-7 6.949340143320809e-8 6.843794550866432e-8 4.958295914856247e-9 
2.8  0.5010788616921719 0.493626246319638 0.0025687290399565373 0.0025305294526158767 9.607332629524995e-5 9.464384199428928e-5 2.2766621965280105e-6 2.2399421268129446e-6 1.3060704547699634e-7 1.2759483952369291e-7 6.898525614903299e-8 6.797447360177485e-8 4.561392319818511e-9 
2.9  0.5010635707870269 0.49365751110440664 0.0025635542314493094 0.002525661855453161 9.317570938162899e-5 9.17968548521007e-5 2.192006603722929e-6 2.156062301659544e-6 1.2194815537504936e-7 1.1913786984864725e-7 6.852286396349393e-8 6.750400064870104e-8 4.2756364222573255e-9 
3.0  0.5010470458444725 0.4936889748934195 0.002558666564189939 0.002521092535427495 9.04964960996887e-5 8.916624306422061e-5 2.110494518893875e-6 2.0818771829480975e-6 1.1336305161205875e-7 1.1255217148215283e-7 6.810018863478101e-8 6.708343392848078e-8 3.95277970314329e-9 
3.1  0.5010510490094101 0.4936989644887753 0.0025541641733418698 0.0025166838818926974 8.801577658972325e-5 8.672410961927497e-5 2.0378602183704443e-6 2.0103053205533745e-6 1.0651281341541706e-7 1.058160087957987e-7 6.769099652485112e-8 6.668366859844309e-8 3.6913476601865114e-9 
3.2  0.5010475798471579 0.49371565867647815 0.002549846796854449 0.00251253004328337 8.570262797672342e-5 8.444777102847436e-5 1.965823872989746e-6 1.9369366863857082e-6 9.969448415595363e-8 9.821233041257003e-8 6.727992999048095e-8 6.628991730118263e-8 
3.3  0.5010438338767532 0.49373179175044885 0.0025457723663804967 0.0025086218145635147 8.355023687557994e-5 8.233050804474198e-5 1.9036328893570587e-6 1.8757677381962941e-6 9.42853305330578e-8 9.286326351497953e-8 6.694043387791533e-8 6.595727765668545e-8 
3.4  0.50105303149609 0.49373429508568845 0.0025419692433029414 0.0025048439679079314 8.153936450369678e-5 8.034846051706262e-5 1.8449903570826475e-6 1.8180446530292481e-6 8.924822592298256e-8 8.789421331046379e-8 6.658989858778076e-8 6.561464110833451e-8 
3.5  0.5010381712254498 0.4937602187403037 0.0025382371030355905 0.002501372321194062 7.965168659027788e-5 7.849482458754454e-5 1.790200441093708e-6 1.7642011449216656e-6 8.469124222085407e-8 8.344443970067788e-8 6.626336045918327e-8 6.529821106499258e-8 
3.6  0.5010346144506855 0.49377420015999973 0.002534758645479572 0.002498046236907072 7.78820243409363e-5 7.675443379289901e-5 1.7391165561710843e-6 1.713958479673668e-6 8.055279298136199e-8 7.938294766079719e-8 6.603105425758415e-8 6.500696472326996e-8 
3.7  0.501039398389406 0.4937794053520279 0.0025314338056005147 0.0024947933278096097 7.62159078655401e-5 7.511259857647999e-5 1.6911070424262631e-6 1.666647631060972e-6 7.678129074311573e-8 7.565587435051383e-8 6.569717293635843e-8 6.472970197455787e-8 
3.8  0.5010569642658621 0.49377129789902074 0.00252835523814383 0.002491629797099739 7.464705457972525e-5 7.356265718010664e-5 1.645805133004587e-6 1.6219174891916267e-6 7.32819343537185e-8 7.22085289228586e-8 6.542084111259181e-8 6.44541863738931e-8 
3.9  0.5010585042495002 0.49377872895403124 0.002525370335413212 0.002488679973089745 7.316387297116041e-5 7.210088796281148e-5 1.6032628970508632e-6 1.5799673532975914e-6 7.008698159778243e-8 6.904535974712685e-8 6.515553858834379e-8 6.420890099747545e-8 
4.0  0.501060867390057 0.4937849538447548 0.0025224829126228687 0.002485854161566248 7.175930765521425e-5 7.071728654536965e-5 1.5628623784406412e-6 1.5401652932478788e-6 6.709973946381436e-8 6.610982582411836e-8 6.490100754821349e-8 6.395855446501722e-8 
4.1  0.5010625509858656 0.4937914704781908 0.002519712600816601 0.0024831484337318214 7.042805560924504e-5 6.940604606961341e-5 1.5247047333810578e-6 1.5025765272366272e-6 6.46624406584635e-8 6.434093992379478e-8 6.372413740550161e-8 6.339093706847982e-8 
4.2  0.5010633295072157 0.49379853104168764 0.0025170507333615723 0.0024805568819902743 6.916426621923282e-5 6.81614722010693e-5 1.488551749641209e-6 1.466967793064984e-6 6.443417029124901e-8 6.350002573496091e-8 6.177711695182286e-8 6.086646955281046e-8 
4.3  0.5010674908019753 0.4938018723350884 0.0025145117831764205 0.0024780509918216603 6.796336020658187e-5 6.697788224102159e-5 1.4542633892195699e-6 1.4331756056068036e-6 6.421548893763913e-8 6.328444041913625e-8 5.9391244815140917e-8 5.8515321531466036e-8 
4.4  0.501069395444972 0.4938071570930643 0.0025120605232705553 0.002475652452476107 6.681985810730907e-5 6.585142857281267e-5 1.4216282147834019e-6 1.4010253063629683e-6 6.400014611977257e-8 6.307266987012761e-8 5.7153284233349597e-8 5.6319917173720575e-8 
4.5  0.5010715885515936 0.49381187126892406 0.002509696335204816 0.0024733381719552246 6.573008991823351e-5 6.477787302492657e-5 1.390849699089076e-6 1.3707001306009552e-6 6.386729636900172e-8 6.28984097486393e-8 5.511446482135574e-8 5.427937853174307e-8 
4.6  0.5010747838351193 0.4938152936164785 0.0025074349014433416 0.002471110589810384 6.468995660891504e-5 6.37528548739553e-5 1.3611017984441103e-6 1.3413896032614575e-6 6.36024788810845e-8 6.268274043982295e-8 5.3121337242242e-8 5.234770963971216e-8 
4.7  0.5010774913498075 0.4938189576864216 0.0025052467694209176 0.002468959004481085 6.369658209482783e-5 6.277396632238127e-5 1.333054517537765e-6 1.3137477479765732e-6 6.346620260522542e-8 6.251035455934654e-8 5.130640942539597e-8 5.055621976662994e-8 
4.8  0.5010796756222846 0.4938228966994458 0.0025031378521178102 0.0024668886229980837 6.274622050236936e-5 6.183754400657931e-5 1.3061532019637014e-6 1.2872382281138005e-6 6.328276192216402e-8 6.232723795842438e-8 4.9579595102595103e-8 4.885761928389428e-8 
4.9  0.5010819701762708 0.49382649915627125 0.0025011015325648303 0.002464888473107892 6.183646518735165e-5 6.094112898716558e-5 1.2805441000420018e-6 1.2620036846701314e-6 6.311243628089715e-8 6.216226923602476e-8 4.797237986176314e-8 4.727274377942586e-8 
5.0  0.5010866705587428 0.4938274821755919 0.0024991466148785056 0.00246294344831002 6.096470481195406e-5 6.0081546745353794e-5 1.2559939854389556e-6 1.2378006250535002e-6 6.294634345426459e-8 6.199587873914896e-8 4.6444758101760896e-8 4.576932789090011e-8 
