#mmax= 10
#m-states: all states (FBR)
#Nr. of sites: 13

0.0  -0.0  0.0
0.1  -5.292657563446954  0.2835537672050242
0.2  -38.78965970417374  0.9999999238424667
0.3  -42.78965963489412  0.9999999931290074
0.4  -78.78965962802387  0.9999999999999435
0.41  -47.980583115043565  0.44559787398690603
0.42  -116.78965962802381  0.9999999999999999
0.43  -75.88827191669331  0.5772925255002107
0.44  -79.55682413333024  0.6596706118174921
0.45  -77.61776864248542  0.6234686890734392
0.46  -114.78970502692303  0.9999545986215874
0.47  -118.78965962802381  0.9999999999999993
0.48  -120.78965962802381  0.9999999999999994
0.49  -118.91662762639277  0.8887793006037851
0.5  -78.67059790824467  0.3755862869215759
0.51  -120.79037571199004  0.9992842142409634
0.52  -164.78965962802383  1.0000000000000004
0.53  -118.9326306090138  0.8748116589644624
0.54  -168.78965962802383  1.0000000000000009
0.55  -160.80780955594162  0.982176692188776
0.56  -119.0292043942457  0.8012482159384323
0.57  -120.80785413830492  0.9821329018790778
0.58  -119.61776864248503  0.6234686890736805
0.59  -162.78999503439672  0.999664672579885
0.6  -119.50217348865446  0.6936242066731444
0.7  -222.78965962802383  1.0000000000000004
0.8  -218.789659740559  0.999999887453589
0.9  -218.9165876390668  0.8888148448219264
1.0  -208.9165876390668  0.8888148448219273
1.1  -220.79247612978742  0.9971902990795382
1.2  -280.7896657722173  0.999993855229795
1.3  -216.9329319869816  0.8745480636218739
1.4  -328.7896596280238  1.0000000000000009
1.5  -280.9325966799412  0.8748413440261523
1.6  -340.9165876390668  0.8888148448219252
1.7  -280.7896596283028  0.9999999997210258
1.8  -342.7896596280238  0.9999999999999992
1.9  -344.9168830833358  0.8885523042172232
2.0  -352.78999514689417  Inf
2.1  -348.81089780904813  Inf
2.2  -334.7896657722173  0.9999938552297941
2.3  -420.7896596280238  Inf
2.4  -348.9165876390668  Inf
2.5  -488.7896596280238  Inf
2.6  -416.7899950343967  Inf
2.7  -352.7946057138978  Inf
2.8  -416.78970502692306  Inf
2.9  -402.7896596280238  Inf
3.0  -586.7896596280239  Inf
3.1  -598.7896596283027  Inf
3.2  -420.7896596432545  Inf
3.3  -496.7896657722173  Inf
3.4  -510.7896596280238  Inf
3.5  -688.7896596280239  Inf
3.6  -606.7896596280239  Inf
3.7  -426.78970585841364  Inf
3.8  -488.7896596280238  Inf
3.9  -424.7896598683241  Inf
4.0  -590.7896597405589  Inf
4.1  -584.7896596280239  Inf
4.2  -502.7896596280245  Inf
4.3  -576.7896596280239  Inf
4.4  -496.7896596280289  Inf
4.5  -674.7896596280239  Inf
4.6  -598.7921353131616  Inf
4.7  -580.7896596280239  Inf
4.8  -588.7896596280239  Inf
4.9  -698.7896596280239  Inf
5.0  -590.7896596280239  Inf
