#mmax= 10
#m-states: all states (FBR)
#Nr. of sites: 13
 
0.0  1.0 
0.1  0.9968288634700684 0.0025555582417245534 0.0006153216212222882 1.570944805666886e-7 9.957250362794237e-8 
0.2  0.9866742027830135 0.010980170746018609 0.0023398365029320546 2.7769293258339366e-6 1.7039583685531412e-6 1.3090803418822285e-6 
0.3  0.9667335120329603 0.028447940774608754 0.004766934171793021 2.3374326778405073e-5 1.7529242778988212e-5 1.0189669351594034e-5 2.2636667343980106e-7 1.8308526398593235e-7 1.1032979236140264e-7 
0.4  0.9264140024935571 0.0661412832749983 0.007031210132992468 0.0002623838625296864 9.253422316870174e-5 5.102807808939651e-5 3.862322741881915e-6 2.625875848808715e-6 5.099044308639651e-7 4.5241733002734887e-7 4.702545910665435e-8 3.827279639260057e-8 2.211605744802937e-8 
0.41  0.9201216611858688 0.07217931496552422 0.007191750782820278 0.0003262485121714176 0.00011062703939348497 6.090821054599489e-5 4.890703887690286e-6 3.242729263606369e-6 6.983562139250855e-7 5.042275963535128e-7 6.345733373518315e-8 4.9117451417198115e-8 2.5600849025815755e-8 1.5111079304964565e-8 
0.42  0.913159640263787 0.07888754313348252 0.00733144100714306 0.0004036798591368014 0.0001328177587057858 7.310799634073851e-5 6.1185639378503085e-6 3.958168488787792e-6 9.331269767787082e-7 5.605426742087886e-7 8.450369465531823e-8 6.279768554438768e-8 2.9498935173537447e-8 2.2779011032611382e-8 
0.43  0.9054496921054596 0.08634532388644942 0.0074474900062467 0.0004949909355492846 0.00015993561528635138 8.819677284961775e-5 7.523497962353836e-6 4.769716711652147e-6 1.1907535552542321e-6 6.24349776603045e-7 1.1208207700706034e-7 8.233676594123913e-8 3.395600890827158e-8 3.0283248478252425e-8 3.7020531059573525e-9 
0.44  0.8969066788919391 0.09463819591787001 0.007537912796924302 0.0006001910694088073 0.0001929157200177709 0.00010684842701166635 9.075046023499634e-6 5.654891502031614e-6 1.4989240207524586e-6 6.945635648768096e-7 1.443027674280505e-7 9.986447965223726e-8 3.9383897157520633e-8 3.849860988099705e-8 1.170196274453419e-8 
0.45  0.8874232792355136 0.10387374297778128 0.007599861737114527 0.0007198030986289696 0.0002329439378870475 0.0001299421408166963 1.0802473360574356e-5 6.593445346666833e-6 1.8250287421263398e-6 7.837594223867182e-7 1.8467252781753093e-7 1.2783882630540545e-7 5.0662914888652276e-8 4.356033961665839e-8 1.0212286970030697e-8 5.218488547409831e-9 
0.46  0.8769160560961955 0.11413827692737148 0.0076310673838410606 0.0008514341746496198 0.000280931283381028 0.00015839119805412347 1.2624962136368757e-5 7.59157789680858e-6 2.2258095716451838e-6 8.776852205852318e-7 2.361965188444804e-7 1.5151053168372571e-7 6.275894522037328e-8 4.887831653042299e-8 1.702046036416178e-8 6.536908141612193e-9 
0.47  0.8652878598861307 0.1255316593220287 0.007629161666771062 0.0009927655534707292 0.0003378919111723499 0.00019328054570752663 1.4502397118556095e-5 8.582076358298121e-6 2.6450128536176518e-6 1.0046796284463064e-6 2.9175222085138485e-7 1.7975517111507006e-7 7.805466553547511e-8 5.4228749190876093e-8 1.9561283699390737e-8 1.531321835489775e-8 8.283451518130737e-9 
0.48  0.8524671521398696 0.138129268526972 0.007592492125433338 0.001139988801835503 0.0004043544630827728 0.00023575959431108083 1.6397788342804017e-5 9.573034804911694e-6 3.1172930885995813e-6 1.1382613471241331e-6 3.535758097168103e-7 2.1218855581152717e-7 9.277526965842046e-8 5.993445795902734e-8 2.1976922502546084e-8 9.564304790512832e-9 7.95559175521339e-9 
0.49  0.8384142206396502 0.15197534503187554 0.007520383031420128 0.0012878146775464907 0.00048070043929972017 0.00028691167328271267 1.8241690276382335e-5 1.050052337504024e-5 3.6460568671343484e-6 1.32756680559814e-6 4.209006232528692e-7 2.423717259026308e-7 1.1381874119994445e-7 6.563623178393063e-8 2.4334616319127375e-8 2.1603418736169976e-8 1.0940543508535282e-8 9.063700080589503e-9 
0.5  0.8232442062474048 0.16696576163661736 0.0074144941354114475 0.001425602069993243 0.0005647897044425216 0.0003471487287874661 1.9900809031481852e-5 1.1334223004113221e-5 4.1927299624008555e-6 1.5414089301638507e-6 4.856141916782133e-7 2.656889823699695e-7 1.3263493147459845e-7 7.056148685896871e-8 2.620098456192374e-8 2.4976559875928137e-8 1.2487732416518067e-8 1.0141545865131963e-8 
0.51  0.8069229774621574 0.18313608187255304 0.007274745685394664 0.0015511884606205523 0.0006562110245476973 0.0004176000549559945 2.1391677189744563e-5 1.2067079040841483e-5 4.7975608287411295e-6 1.7976487765534819e-6 5.479504577285045e-7 2.8381417394581874e-7 1.531483964357952e-7 7.506107038658564e-8 2.8362213310005732e-8 2.7803947701511355e-8 1.4037052041284987e-8 1.1296623962271701e-8 
0.52  0.7896853523724328 0.20026063042888506 0.007105487990622528 0.0016552697879668307 0.0007512660231320518 0.0004979435480069866 2.2618288850263514e-5 1.2669157277510789e-5 5.429999293929298e-6 2.095917506916224e-6 5.999756829995461e-7 2.9626112241335666e-7 1.7296391726378856e-7 7.891483478220456e-8 3.149216925629299e-8 2.8922816538086734e-8 1.5502931590950212e-8 1.2452550323607389e-8 
0.53  0.7717115243696523 0.21816235594302943 0.0069104716134172454 0.0017343590960708219 0.0008467927256487894 0.0005879563559912751 2.3564586552296056e-5 1.3134372261547744e-5 6.094495851694808e-6 2.435147562282593e-6 6.394078684747355e-7 3.032191577888553e-7 1.9212424848338874e-7 8.216747807807112e-8 3.4242224792821735e-8 2.963519114238239e-8 1.7003010249654408e-8 1.3494783721126057e-8 
0.54  0.7532838480441504 0.2365616533320564 0.006695345104557644 0.0017853457505468122 0.0009386084714385735 0.0006865929846681981 2.4203145964038042e-5 1.3459252806221892e-5 6.772956508935903e-6 2.8100983438146373e-6 6.626394520498382e-7 3.051799324292114e-7 2.092204815084126e-7 8.47930152058984e-8 3.645912612840342e-8 2.988850136938762e-8 1.8321294788057074e-8 1.4357155629525046e-8 
0.55  0.7347152742216143 0.25514560786284307 0.006466251895956903 0.001807740268777845 0.0010226012462879327 0.0007922940423505149 2.4533405530684507e-5 1.364984510538551e-5 7.449615267503249e-6 3.2130797975334593e-6 6.687458344189678e-7 3.0300350094821187e-7 2.234332906281976e-7 8.685976097539544e-8 3.800976577450511e-8 2.9661753983797258e-8 1.9560212588084896e-8 1.5242349127760954e-8 
0.56  0.7162194917521114 0.2736963435201093 0.006227809044382055 0.0018048221693439076 0.001096229016540416 0.0009038536015713162 2.458942352778828e-5 1.3721632837483301e-5 8.118052117968537e-6 3.637143866953655e-6 6.597145867359043e-7 2.974842756088177e-7 2.3416279828333987e-7 8.851550758493048e-8 3.896685256480759e-8 2.9107646659451424e-8 2.0602795297801018e-8 1.608912842591421e-8 
0.57  0.6982101669328725 0.2917976572919855 0.0059879624275126055 0.001777931432988819 0.001155691626745123 0.0010183540449593546 2.4375011298460627e-5 1.3687662354398033e-5 8.743336827920357e-6 4.068713045230376e-6 6.362420519101578e-7 2.89546800471752e-7 2.4058584719652417e-7 8.981624542745234e-8 3.9234093801770325e-8 2.813362737398642e-8 2.139300180245547e-8 1.6567742752978396e-8 
0.58  0.6808088978672192 0.30932013467014247 0.005749742468945837 0.0017330973471502476 0.0012007698653566385 0.001134635942844594 2.3962910078990662e-5 1.3570479699577824e-5 9.341097540108612e-6 4.501439599878947e-6 6.073305896506355e-7 2.802004984454744e-7 2.5367352092417216e-7 9.158423909392334e-8 3.9222013045948546e-8 2.7080942437485973e-8 2.4499030939434917e-8 1.72121058198737e-8 5.108482907269636e-9 
0.59  0.6643304454787073 0.32594404744403205 0.005519316477023852 0.0016735528980241772 0.0012498645844670232 0.0012299837168806497 2.3346220160183554e-5 1.3386154851167564e-5 9.844334527888607e-6 4.921810968314935e-6 5.652993136069218e-7 2.697669508509737e-7 2.511523392721182e-7 9.259434703537898e-8 3.857901497809984e-8 2.59370587356604e-8 2.4891203124272392e-8 1.7601344591174423e-8 5.058786377223018e-9 
0.6  0.6488240715388562 0.3416123766585563 0.005298379659814416 0.0016046742855087483 0.0013630261955928555 0.0012448718892379923 2.2606246262253835e-5 1.3154102754422446e-5 1.0282676760928259e-5 5.325280677721436e-6 5.213762402750555e-7 2.5862708003569326e-7 2.484232015589807e-7 9.352399578905364e-8 3.7298499285362314e-8 2.5018827855447536e-8 2.434862748107178e-8 1.785763727149912e-8 4.9918695235314636e-9 
0.7  0.5508612511536949 0.44119153061853433 0.003812826423942297 0.0021995723811432553 0.0009641265471762553 0.0009278174935165714 1.3640066491179316e-5 1.0467729436746458e-5 1.039516478666313e-5 7.747941590036834e-6 1.7068081089666309e-7 1.5919118729217984e-7 1.1610442258481307e-7 9.944283813226787e-8 2.3759111565058207e-8 1.8586969713229276e-8 1.8379523388824588e-8 1.833482418291144e-8 
0.8  0.5167541633695105 0.4762038438858225 0.003224276799543057 0.002552877404565378 0.0006420055281679456 0.0005903760072364617 8.799495349685054e-6 8.037563430773604e-6 7.895079361365588e-6 7.324827110936073e-6 1.3081255450519726e-7 1.0105397293082158e-7 5.1756161443802806e-8 4.618852418427177e-8 1.8742242178394417e-8 1.869419140691162e-8 1.7826580115275622e-8 1.4965674679498372e-8 
0.9  0.504842020600064 0.4885865343127134 0.00297687583601912 0.0026788545148382025 0.0004601751504122185 0.000430240821737664 7.774170494511813e-6 7.611404205133125e-6 4.824890923782929e-6 4.762470142335652e-6 1.1204683522446772e-7 9.881491836722283e-8 2.6207085471672267e-8 2.5252150398856623e-8 1.9010809137612936e-8 1.8939656170638598e-8 1.3803207983085308e-8 1.1753787453123283e-8 
1.0  0.5003562204580819 0.4933523096171578 0.002856213603917233 0.002715927711297205 0.0003572637058814298 0.0003415302666255203 7.022443780150747e-6 7.013364300347257e-6 3.116304815698145e-6 3.1049610960001713e-6 1.0143178272611205e-7 9.247823484876204e-8 1.8860072228694212e-8 1.8754621676907458e-8 1.8117179391629426e-8 1.7900845489355712e-8 1.0020310715091827e-8 
1.1  0.4985563109177316 0.49533980406582695 0.0027880721025099376 0.0027186889486477514 0.0002940345942883036 0.0002858297474866536 6.4277891101586884e-6 6.389244378761292e-6 2.105408169428941e-6 2.0916995012669878e-6 9.167856255517861e-8 8.898151299463613e-8 1.837207411981826e-8 1.82737682334636e-8 1.4133200659065456e-8 1.4043230484200772e-8 
1.2  0.4978121235715976 0.4962202726105134 0.0027444249563755544 0.0027085891569974207 0.0002520252715410656 0.00024764180290021284 5.888143879874979e-6 5.849669272238034e-6 1.4807414001243647e-6 1.4727462657482555e-6 8.771442837733886e-8 8.634084476670775e-8 1.7549139437168208e-8 1.706992643464161e-8 1.134959675040208e-8 1.1305321009706818e-8 
1.3  0.4975634276140827 0.4965739999327156 0.002713447605703653 0.002694035111958348 0.0002221672970069298 0.00021975641699051722 5.406743170478451e-6 5.3763057306460565e-6 1.0836046281193393e-6 1.0792869343111097e-6 8.468699761303914e-8 8.39563652269331e-8 1.6683706673857284e-8 1.661371810870197e-8 9.094553163443073e-9 9.045738839976352e-9 
1.4  0.4973668276629724 0.4968549069931273 0.0026894622735714915 0.00267876666262347 0.0001997959821932359 0.0001984455324535326 4.981622710280534e-6 4.960220729445943e-6 8.228186521850515e-7 8.205600134006345e-7 8.230726219828615e-8 8.190491542125998e-8 1.5658104311183216e-8 1.5537129974403284e-8 7.181219252134078e-9 7.08232227023355e-9 
1.5  0.4973327885434677 0.49695872226731136 0.0026700685042591074 0.002663858920621878 0.00018234266043998056 0.0001815521561773848 4.605231286610367e-6 4.593335226741195e-6 6.413955614753608e-7 6.331366155882785e-7 8.030227859979226e-8 8.008266728695904e-8 1.4568111549940344e-8 1.4389455313949379e-8 4.506520512074291e-9 
1.6  0.4973520457591129 0.49699836527737556 0.0026537992803917954 0.0026498968557016494 0.00016829778693771915 0.0001678269853792029 4.277888969476073e-6 4.270101305519919e-6 5.19038144414507e-7 5.135856793427088e-7 7.863250762453759e-8 7.851102113236073e-8 1.3483002708898548e-8 1.3390289934748259e-8 3.4241808488800764e-9 
1.7  0.49730062972162603 0.4971005482160821 0.002639517379777399 0.002637226014426977 0.00015667993946367432 0.0001564022592080022 3.9890974942313315e-6 3.9823496623925954e-6 4.231730227397947e-7 4.2295317065480297e-7 7.71793733654494e-8 7.710266101019342e-8 1.2315729361997237e-8 1.2298303373734434e-8 
1.8  0.49729234527320904 0.49715304665627574 0.0026270190033662677 0.002625584030549963 0.00014690897293217223 0.00014673883235647418 3.734204145381966e-6 3.729647274952747e-6 3.5952169070241893e-7 3.594103115294144e-7 7.592989401850224e-8 7.588320234776964e-8 1.1319003313772666e-8 1.1315789680711976e-8 
1.9  0.4972724756864687 0.4972119457654909 0.00261581062465158 0.002614985365248527 0.00013854059626968525 0.00013843684450780058 3.508062275431214e-6 3.5050536332805644e-6 3.108220247053756e-7 3.1078613363319635e-7 7.482360381451567e-8 7.479611022409211e-8 1.0387599837620697e-8 1.0385981499281792e-8 
2.0  0.49728271651501527 0.4972364772465112 0.0026057617686149038 0.002605227192393441 0.00013127980091730068 0.00013121417851694861 3.3066256582026708e-6 3.3046011715124924e-6 2.7271597686202176e-7 2.726917613669648e-7 7.384091822597101e-8 7.382353922352057e-8 9.544144493914587e-9 9.454862095921985e-9 
2.1  0.4972812271342434 0.49726920125414803 0.002596602865915349 0.0025962930190676263 0.00012490894651285626 0.0001248675999344478 3.1265549682954154e-6 3.1251796990025355e-6 2.420256080464737e-7 2.420115014473678e-7 7.294362068499425e-8 7.293345453914059e-8 8.76999759857575e-9 8.761329089360727e-9 
2.2  0.4972940870679598 0.4972845483438521 0.0025882668335392095 0.002588065123134488 0.00011926806501506253 0.00011924129167470385 2.964866980764705e-6 2.963916957597028e-6 2.1706112937478763e-7 2.170447279086194e-7 7.213942910983598e-8 7.213314303789586e-8 8.058533473223323e-9 8.053923470284684e-9 
2.3  0.49731806187517885 0.49728629770698535 0.0025806083108296444 0.002580399945679961 0.00011423173650863873 0.0001142128432685908 2.8189421341303537e-6 2.8182896383131964e-6 1.9638219027400247e-7 1.9636260661484353e-7 7.141303339310284e-8 7.140688593189084e-8 7.429356974032068e-9 7.355703601453e-9 
2.4  0.49732653849186825 0.4973013179562831 0.0025735079242854403 0.002573352762326973 0.00010970463637962797 0.00010969185627127623 2.686900796129771e-6 2.686442833786062e-6 1.789482630020038e-7 1.7893322708381024e-7 7.074394964436524e-8 7.073955161851146e-8 6.854643985487045e-9 6.809320217532123e-9 
2.5  0.49735543088869055 0.4972939915061169 0.002567037444002807 0.002566712382593463 0.0001056142805330984 0.00010559899679754755 2.5669970286435625e-6 2.566539635877018e-6 1.6404331886148592e-7 1.6402001837105628e-7 7.012467909347677e-8 7.01143915185258e-8 6.3319394497619885e-9 6.3302540233025615e-9 
2.6  0.497360495848763 0.4973089457822179 0.0025608605734701363 0.0025605991741080906 0.00010188217180957745 0.00010187356075860693 2.4533416198930406e-6 2.44540143150394e-6 1.5048691773469516e-7 1.492628593572664e-7 6.953734942909072e-8 6.952257028417625e-8 5.336124257160211e-9 
2.7  0.49736582697056675 0.4973220586089432 0.0025551354424099603 0.0025549008384312052 9.848549133014266e-5 9.847275151463903e-5 2.3537563227566994e-6 2.3457441077760824e-6 1.393621503202622e-7 1.3813964284518728e-7 6.899781232043938e-8 6.899000594380012e-8 4.906763043987762e-9 
2.8  0.49737539549715737 0.49732964636405386 0.002549777475782647 0.0025495435994139374 9.53650867163292e-5 9.535549570936945e-5 2.261155622959916e-6 2.2555284252184777e-6 1.296499448315154e-7 1.2856266160563321e-7 6.852553818300018e-8 6.849822002067936e-8 4.560752772107391e-9 
2.9  0.49738369601455595 0.4973373217886303 0.002544759723879775 0.0025445158367725226 9.249266204629503e-5 9.24835803038927e-5 2.1757715876390816e-6 2.1728723332986133e-6 1.2116476728473805e-7 1.2010809352479062e-7 6.807715100344597e-8 6.806758964467397e-8 4.332289761062292e-9 
3.0  0.4974019733342665 0.49733398418053076 0.002540086912505343 0.002539731018962421 8.983978103318606e-5 8.982667827516011e-5 2.0980669750713456e-6 2.0947390405345445e-6 1.1350634664892994e-7 1.1247526247519109e-7 6.764339218668733e-8 6.762790785308764e-8 4.035500874452145e-9 
3.1  0.4974100674257028 0.49733988774703625 0.0025356273257599563 0.0025352755176622954 8.737697169799726e-5 8.73659844446264e-5 2.0263288010334376e-6 2.0221228618256597e-6 1.0670812610267122e-7 1.0565108654046478e-7 6.723140372359914e-8 6.722819315621295e-8 3.7572233962165315e-9 
3.2  0.497428010027443 0.49733518909961555 0.0025314451824658395 0.0025309697641384015 8.50838286937949e-5 8.506772207869255e-5 1.9516000626500013e-6 1.951213663546704e-6 9.898426176339551e-8 9.893656693863925e-8 6.682774239418344e-8 6.681326562037973e-8 
3.3  0.4974374472305223 0.4973381263226566 0.0025274746357558673 0.0025269706087947897 8.294950212407383e-5 8.293296510147463e-5 1.8895757311460848e-6 1.889200385348048e-6 9.352047331094568e-8 9.351124121251594e-8 6.647325528233484e-8 6.645395834316107e-8 
3.4  0.4974533455795636 0.49733392628985656 0.0025237362638407665 0.0025231293525818663 8.095489549993591e-5 8.09354411266546e-5 1.8316244069833296e-6 1.8311851597730834e-6 8.856120988774928e-8 8.854978520864287e-8 6.61419084592113e-8 6.611506057137465e-8 
3.5  0.49745695130967404 0.49734138640290165 0.0025201210093050296 0.0025195378249068838 7.908367381235257e-5 7.906548761440297e-5 1.7774786158271456e-6 1.777078429454385e-6 8.408022904949033e-8 8.402280686347001e-8 6.582567415965729e-8 6.580603022130204e-8 
3.6  0.49746430779373124 0.49734451335159524 0.002516702669766752 0.002516097349104522 7.732681784178857e-5 7.730822295539182e-5 1.7266340881047895e-6 1.726218597453658e-6 7.997057107934962e-8 7.99446037338561e-8 6.551905438010723e-8 6.550808980936168e-8 
3.7  0.4974695665899068 0.4973492052137264 0.00251343388322987 0.0025128262516104657 7.567304874219473e-5 7.565473791284474e-5 1.6789117696988443e-6 1.678503313055072e-6 7.621711178766881e-8 7.61835060243975e-8 6.523425365034763e-8 6.52249159125613e-8 
3.8  0.49747517815946407 0.497353051284956 0.0025103173483534374 0.002509700899742308 7.411372387306959e-5 7.409550870501342e-5 1.6340262655369935e-6 1.6336219502429815e-6 7.277119759200863e-8 7.273802618014846e-8 6.496671952604392e-8 6.495074638246252e-8 
3.9  0.4974803949596417 0.4973568409816335 0.002507336205298455 0.002506713334354812 7.26405911466941e-5 7.262253012150995e-5 1.591639679102444e-6 1.5912411759012677e-6 6.957649984549868e-8 6.954123722446498e-8 6.470765775941371e-8 6.469155327344955e-8 
4.0  0.4974854236766533 0.49736039963086676 0.0025044830400907866 0.002503853508693857 7.124658336725097e-5 7.122865893263841e-5 1.5515948157119706e-6 1.5512016234286003e-6 6.66188246556297e-8 6.658294846377496e-8 6.445970763461112e-8 6.444347524209876e-8 
4.1  0.49749008889923346 0.4973639331600291 0.0025017481716684046 0.0025011136663314498 6.992531232343887e-5 6.9907562865096e-5 1.51372863331019e-6 1.5133416889197567e-6 6.422359020213706e-8 6.420727894716525e-8 6.388061351641964e-8 6.384574481239185e-8 
4.2  0.4974944522423151 0.49736740783634 0.002499123902209846 0.0024984855984425953 6.867109699217279e-5 6.865354249513042e-5 1.4777910341564137e-6 1.4774100523107458e-6 6.399452315608528e-8 6.397812291719137e-8 6.131779017247752e-8 6.128968259632291e-8 
4.3  0.49749795915856293 0.49737140245706746 0.002496600337951198 0.002495965151681544 6.747872695153118e-5 6.746154467250694e-5 1.4437827981714284e-6 1.4434121072782554e-6 6.377914838761896e-8 6.376298547933789e-8 5.8956570019389105e-8 5.892950184544319e-8 
4.4  0.4975024854916732 0.49737406443827203 0.002494180144110963 0.0024935361860614932 6.634385091680747e-5 6.632670627019721e-5 1.4114728781477757e-6 1.4111049736194797e-6 6.35716764096684e-8 6.355517844326739e-8 5.675336011015125e-8 5.6724630773092954e-8 
4.5  0.49750559759908003 0.4973778482090978 0.0024918448874919298 0.0024912049265053116 6.526201720835625e-5 6.524523967844733e-5 1.3807071294935414e-6 1.3803488063108113e-6 6.337144521412157e-8 6.335518989402382e-8 5.468383736330568e-8 5.4654529012154626e-8 
4.6  0.4975093859328986 0.4973806817219937 0.002489599574310786 0.002488955631011121 6.422971211297326e-5 6.42130891221789e-5 1.3514337116246179e-6 1.3510813795194321e-6 6.318068324305154e-8 6.316461580487351e-8 5.275327572593452e-8 5.272488551420977e-8 
4.7  0.4975124219914328 0.49738401035414503 0.0024874324482495676 0.002486790224518458 6.324339257429153e-5 6.322704690754977e-5 1.3235261134062235e-6 1.3231809836816784e-6 6.299875709548334e-8 6.298095339182165e-8 5.094222064160775e-8 5.091314364641867e-8 
4.8  0.49751531722260145 0.4973872389778385 0.0024853410732840137 0.0024847013668674186 6.229996763634324e-5 6.228392417635819e-5 1.2968674256104358e-6 1.2965311387634853e-6 6.28187889587152e-8 6.280273338341987e-8 4.9236582027423405e-8 4.921092773090865e-8 
4.9  0.4975184503833786 0.49739000285755747 0.0024833236957099614 0.00248268250020713 6.139671626993962e-5 6.138085134323594e-5 1.271402460871585e-6 1.271071248781903e-6 6.264917681484136e-8 6.263168676615619e-8 4.763275021323912e-8 4.7608210774429114e-8 
5.0  0.4975216461345776 0.4973924761408693 0.0024813784353605963 0.0024807412576135597 6.0531344746282e-5 6.051574679340595e-5 1.247050182838352e-6 1.2467256066142789e-6 6.248856410938826e-8 6.245977481705832e-8 4.611927641533584e-8 4.6096634007642145e-8 
