#mmax= 10
#m-states: all states (FBR)
#Nr. of sites: 14

0.0  -0.0  0.0
0.1  -4.767260157029065  0.3665351578846132
0.2  -22.451817630498425  0.4257022482487426
0.3  -46.93259125666559  0.8748460891484874
0.4  -78.91658763906686  0.8888148448218636
0.41  -78.78965962802387  0.9999999999999508
0.42  -77.88827191669228  0.5772925255008099
0.43  -118.7924698903396  0.9971965216227089
0.44  -79.73762388101086  0.5580259512355346
0.45  -80.98116933664622  0.8337720532563411
0.46  -81.93989738745323  0.5499400651624747
0.47  -116.78965962802381  0.9999999999999999
0.48  -118.78999503439671  0.9996646725798832
0.49  -166.78965962802383  0.9999999999999999
0.5  -119.48404583252916  0.7061967952423431
0.51  -80.93317232343131  0.3326566836030287
0.52  -119.03115323738172  0.7996903564609378
0.53  -120.79247601729058  0.9971904112715729
0.54  -117.93241022477379  0.5540424339589125
0.55  -114.78965962802381  0.9999999999999991
0.56  -118.94834278721365  0.8613138934802717
0.57  -160.78965962802383  0.9999999999999994
0.58  -117.61914371745036  0.6226127151361653
0.59  -204.78965962802383  1.0000000000000004
0.6  -164.78965962802383  1.0000000000000009
0.7  -276.7896596280238  1.000000000000001
0.8  -278.7896596280238  1.0000000000000007
0.9  -282.7896596280238  1.0000000000000007
1.0  -221.4831422149592  0.7068342972713422
1.1  -218.94834288499487  0.8613138092486015
1.2  -280.7896596280238  1.0000000000000007
1.3  -348.7896596280238  Inf
1.4  -277.48280680858375  0.7070714214274961
1.5  -276.80813893065556  0.9818532629881429
1.6  -278.8102853513172  0.9797507894508337
1.7  -282.8105753590277  0.9794667198695441
1.8  -354.7896596280238  Inf
1.9  -416.7896596280238  Inf
2.0  -344.795272277208  0.9944087333155134
2.1  -510.7896596280238  Inf
2.2  -584.7896596280239  Inf
2.3  -428.7896596280238  Inf
2.4  -510.7899950343967  Inf
2.5  -508.7896596280238  Inf
2.6  -504.7896596280238  Inf
2.7  -416.7896596280238  Inf
2.8  -490.7896604595522  Inf
2.9  -498.7896657722173  Inf
3.0  -508.7896596280238  Inf
3.1  -422.9165883714746  Inf
3.2  -588.7896596280239  Inf
3.3  -510.7896596280238  Inf
3.4  -604.7896596280239  Inf
3.5  -676.7896596280239  Inf
3.6  -Inf  NaN
3.7  -596.7896596280239  Inf
3.8  -Inf  NaN
3.9  -578.7896596280239  Inf
4.0  -496.7899950343967  Inf
4.1  -Inf  NaN
4.2  -578.7896596280239  Inf
4.3  -500.9165876524813  Inf
4.4  -Inf  NaN
4.5  -690.7896596280239  Inf
4.6  -560.7896604595522  Inf
4.7  -600.8078541532603  Inf
4.8  -694.7896596280239  Inf
4.9  -592.807860171719  Inf
5.0  -692.7896596280239  Inf
