#mmax= 10
#m-states: all states (FBR)
#Nr. of sites: 14
 
0.0  1.0 
0.1  0.996828778125968 0.002555639987313757 0.0006153253262786975 1.569835693338506e-7 9.957687096441353e-8 
0.2  0.9866745381078419 0.010979914371272223 0.0023397614928335063 2.7761776945237658e-6 1.7039038901544072e-6 1.3059464688196398e-6 
0.3  0.9667296654232714 0.028451623367491196 0.004766797258682263 2.3629383122912817e-5 1.7550646980920037e-5 1.0196053788452484e-5 2.3262926189458213e-7 1.8451009824188208e-7 1.1004491246143968e-7 1.0682390799193796e-8 
0.4  0.9261481734336281 0.06639476296050882 0.0070253583374655796 0.0002779583267458329 9.407378918275217e-5 5.1634373162499484e-5 4.126963168896074e-6 2.7344486165512103e-6 6.128184989809403e-7 4.5259145511329975e-7 5.0394032351697686e-8 3.916826693130092e-8 2.239526823292129e-8 
0.41  0.9197205288822796 0.07256021648763929 0.0071831751118054295 0.0003505942750101215 0.00011323221610420822 6.192904910293437e-5 5.333362648411172e-6 3.4047208574549223e-6 9.107447349981014e-7 5.048631857880018e-7 7.098275798435852e-8 5.054628775766274e-8 2.619857891212144e-8 2.2559007564476576e-8 
0.42  0.9125914688149444 0.07942712889122441 0.0073193589441879455 0.00043766442874640013 0.00013683848014465832 7.471427274050508e-5 6.6919108336566175e-6 4.175040594095302e-6 1.1786712162451076e-6 5.612074792633945e-7 9.382552875517076e-8 6.494652534265184e-8 3.031907849440076e-8 3.024675648430694e-8 
0.43  0.904691244754362 0.08706387883805491 0.007432491425210616 0.0005402169333558588 0.0001658326835405452 9.058790441628337e-5 8.251463205749e-6 5.049971051694211e-6 1.5235769747489358e-6 6.275350950541245e-7 1.2451737304527474e-7 8.284558316433725e-8 4.024337706732177e-8 3.5240621788930344e-8 1.206777612691424e-8 
0.44  0.8957751118824033 0.09571132602413635 0.00751524133730455 0.0006659417945081827 0.00020247850468517502 0.00011076651315846066 1.0123813857113642e-5 6.017583140830922e-6 1.924980359968097e-6 6.961935439846783e-7 1.675492943295802e-7 1.0428628512549843e-7 5.416698844709657e-8 4.0261846200350255e-8 5.108489153693649e-9 
0.45  0.8858461905996036 0.10537058918057644 0.00756892739024508 0.0008081139191922395 0.0002473183823196921 0.00013594246676672632 1.2132492955465859e-5 7.073244227216066e-6 2.412453542601633e-6 7.961783372418028e-7 2.1859735338887263e-7 1.3102405645363772e-7 7.135832067520798e-8 4.6682205406566726e-8 1.828920576069444e-8 1.112780416687906e-8 6.613289623421158e-9 
0.46  0.8747555354177293 0.11619270562600278 0.007589465564407725 0.0009661016812259863 0.0003019533165790753 0.0001673732513574143 1.4271721674082235e-5 8.162543218065254e-6 2.915157323227407e-6 8.962343673557206e-7 2.7838566456031784e-7 1.6329214291663305e-7 8.891426322175471e-8 5.3166654136750145e-8 2.1353576670892295e-8 7.8806635277321e-9 6.493150917405619e-9 
0.47  0.8623638778044758 0.1283184163552141 0.007573986108637299 0.0011382687627233448 0.0003679566250137636 0.00020649757231251526 1.646670168691409e-5 9.23518032139139e-6 3.495773058559961e-6 1.0353882106566099e-6 3.5078427167508447e-7 1.9013949930303643e-7 1.1198159234722933e-7 5.962661148659101e-8 2.4589572262701e-8 1.7254145179804974e-8 9.352653756720847e-9 
0.48  0.848645928917768 0.14178180515899005 0.00752157643562618 0.0013155196623606182 0.0004455278970942374 0.0002544644398422977 1.8650781899853545e-5 1.0299023390493582e-5 4.101034780907532e-6 1.1993897436296727e-6 4.310050108500038e-7 2.2563431192720383e-7 1.3588783502632387e-7 6.67292980109105e-8 2.729661137078193e-8 2.0996833039403935e-8 1.0865674432745794e-8 8.842929053173199e-9 
0.49  0.8334416971247236 0.15674480970656893 0.007429576624782722 0.0014953574442123927 0.0005360653286389399 0.00031312530205916054 2.078374144431579e-5 1.1288929772807835e-5 4.79627851255481e-6 1.4063053522249858e-6 5.221742660912709e-7 2.529242268134848e-7 1.6608207521768455e-7 7.35243022632597e-8 2.995021433591847e-8 2.5733775602390518e-8 1.2635944946939896e-8 1.0189127776989869e-8 
0.5  0.816879863428308 0.1730928924343842 0.007300133372709815 0.0016635676270062407 0.0006371604915759353 0.00038309039494962427 2.270147688396125e-5 1.2165157790543957e-5 5.515450892152191e-6 1.658422829411308e-6 6.133671482556758e-7 2.7450966948803815e-7 1.9598380081358076e-7 7.944805583069353e-8 3.209164529778503e-8 3.0214863611157706e-8 1.458414996008888e-8 1.154333668294909e-8 
0.51  0.7990777685550251 0.19071821960665677 0.0071355786930867955 0.001810491337501794 0.0007461677347401845 0.0004649096018861944 2.4339517643146624e-5 1.2899957489174152e-5 6.265755259044109e-6 1.9611697948080706e-6 6.991317726199824e-7 2.8996246564832604e-7 2.266748796306612e-7 8.450375983597136e-8 3.4579157572782124e-8 3.377692539030534e-8 1.6532310281145755e-8 1.290964559028698e-8 
0.52  0.7802143358393008 0.20944943834905635 0.00693949816000287 0.0019286739498518462 0.0008593686475329524 0.0005586783994545182 2.564870051844184e-5 1.3476927766680698e-5 7.0437004737836735e-6 2.3148691373779485e-6 7.721688804431648e-7 2.9905059001050664e-7 2.5676459085116843e-7 8.855376928105327e-8 3.854669347605829e-8 3.497055713882724e-8 1.8204219047503377e-8 1.4197605343312614e-8 
0.53  0.7605732035307615 0.22900921444654943 0.006717355885967465 0.0020122138171387535 0.0009717083740494541 0.0006636518056988101 2.6590193796672887e-5 1.3887356729933615e-5 7.83999422314079e-6 2.715900668429719e-6 8.265846000448998e-7 3.02362466792737e-7 2.848646704330525e-7 9.161475313566464e-8 4.185179939651144e-8 3.5642259271710814e-8 2.0316333431386646e-8 1.5457534996000095e-8 
0.54  0.7405563063416299 0.2489998369320324 0.006476692301509138 0.0020574205941994808 0.001077044172296957 0.0007779696612419893 2.7136958504002367e-5 1.4131795200732769e-5 8.62768378259251e-6 3.1548690327756153e-6 8.566498522643042e-7 3.0890008153472215e-7 3.0080053092931776e-7 9.371019570264595e-8 4.430591654032471e-8 3.5807899222467714e-8 2.2065276563953502e-8 1.6450816536075437e-8 
0.55  0.720536888447169 0.2690465579643199 0.00622459989400505 0.0020657857083026324 0.0011703578412863994 0.0008994942844540882 2.732419011392494e-5 1.4225646552084266e-5 9.414882681031106e-6 3.620962565311413e-6 8.663080456487898e-7 3.4138133627414405e-7 2.9544166093808384e-7 9.559867266242754e-8 4.5906973632513684e-8 3.539118109636152e-8 2.6654900094318122e-8 1.757288432267464e-8 5.92289513399317e-9 
0.56  0.7008249927245833 0.28883405566797477 0.0059672688251324645 0.0020422607724358806 0.001247967767275766 0.0010261633171690838 2.7153502289776736e-5 1.4190459581600125e-5 1.0130667587300068e-5 4.102307457087441e-6 8.467612307658382e-7 3.5073822789533093e-7 2.8706833729194424e-7 9.642376094331544e-8 4.643132459425479e-8 3.446045316780921e-8 2.7902606489151202e-8 1.8339220066122195e-8 5.863352007232733e-9 
0.57  0.6817784720732544 0.30799776292396097 0.005711601477099127 0.001992030314764436 0.0013071994769573924 0.0011550914555518445 2.671552203061675e-5 1.4049925857918785e-5 1.0806450018342607e-5 4.585892438491709e-6 8.145736668815081e-7 3.6211254284741185e-7 2.7690018953832797e-7 9.699511075017773e-8 4.6207991318968825e-8 3.323980690332247e-8 2.9270925515343584e-8 1.8957526031070027e-8 6.23030766340338e-9 
0.58  0.6637364246019011 0.3261915073563427 0.005463979770060272 0.0019208736621172983 0.0013462036556383871 0.0012831815018827602 2.60023294237759e-5 1.382716761825816e-5 1.1355184067948646e-5 5.05599251347201e-6 7.583622048893146e-7 3.465136632979615e-7 2.6547391433784117e-7 9.667183812981069e-8 4.5065218690705225e-8 3.152999739309903e-8 2.5831509583858485e-8 1.9330089431107947e-8 
0.59  0.6468472241307601 0.34325637964522265 0.005227847092833818 0.0018360717937458484 0.001408480980902048 0.0013663666375532558 2.5155836543094906e-5 1.3551946927460283e-5 1.1856569582380006e-5 5.507997778001349e-6 7.058357225496732e-7 3.621952488129997e-7 2.5423006996372694e-7 9.80569498869336e-8 4.402404923964884e-8 3.0268577521012373e-8 2.980792208072907e-8 2.172482109538577e-8 6.2851887717048416e-9 4.9396009924744416e-9 
0.6  0.63121980115184 0.3590760699239439 0.0050058009942598545 0.0017431750805500486 0.0015292541850599256 0.0013690093902279832 2.4119305907837392e-5 1.3235543708063538e-5 1.2196152694179258e-5 5.9228366872384636e-6 6.340954580021764e-7 3.2674709734440454e-7 2.4206478042902675e-7 9.753553364760701e-8 4.167428145479261e-8 2.778136262415251e-8 2.587487694301068e-8 1.966173158465533e-8 
0.7  0.539134322123783 0.45292144702932624 0.0036161177726465087 0.0023494711552436405 0.0009805725374755507 0.0009540454466475317 1.380092545647577e-5 1.1146166239177153e-5 1.0301764107181604e-5 8.122813614742503e-6 1.733054659861284e-7 1.588599916651887e-7 1.3491999495520795e-7 1.0305927750697138e-7 2.402495145368453e-8 1.9893284308134267e-8 1.92624281786176e-8 1.894006695810578e-8 
0.8  0.510835865616138 0.48213058159922106 0.0031193014447930515 0.002644276495445426 0.0006369161314155188 0.0006003951571148346 8.714477321820034e-6 8.171749532553733e-6 7.893114915671597e-6 7.483799075699012e-6 1.2453675007492278e-7 1.0352423302325397e-7 5.274988206682989e-8 4.85727390012797e-8 1.9016416892771797e-8 1.8976882246166552e-8 1.7510663551132855e-8 1.552746129516872e-8 
0.9  0.5019304511982483 0.4915022729864886 0.0029212698380259483 0.0027300648552592015 0.0004549570538852216 0.00043569357983968957 7.743354686610601e-6 7.643082812240373e-6 4.820198410631188e-6 4.7786128793554744e-6 1.0784506871631897e-7 9.706300756342405e-8 2.566392998705527e-8 2.368049622625576e-8 1.905301575989936e-8 1.89166935526979e-8 1.3017253185173398e-8 
1.0  0.4989146286958275 0.4947956840449627 0.0028262268236152526 0.0027442608670526386 0.0003539417516907282 0.0003447275213947457 7.021658686959971e-6 7.011878045247333e-6 3.11362464727531e-6 3.1068808617348843e-6 9.967839313498531e-8 9.314731666402461e-8 1.8884798900789905e-8 1.8783633989756474e-8 1.817328759433777e-8 1.7810849139787708e-8 9.77493499949212e-9 
1.1  0.49784367505776456 0.4960533357331576 0.002771538339454744 0.0027344437933529532 0.0002920703701893518 0.0002876832468706123 6.4178832550409286e-6 6.396092128048969e-6 2.101236699858273e-6 2.0937262251459083e-6 9.0818950574921e-8 8.93717260884042e-8 1.8373341422688904e-8 1.7900195356545444e-8 1.4126510601153565e-8 1.3930177191955035e-8 
1.2  0.4975447031819135 0.4964882513526506 0.0027352242645557858 0.002717310406378415 0.00025088039582311136 0.0002487116988503064 5.877930363441101e-6 5.857319674724024e-6 1.4782759295895541e-6 1.4738602445422955e-6 8.715744183907436e-8 8.648084612055868e-8 1.761759695510408e-8 1.756933737157611e-8 1.1332639832111114e-8 1.1155754888164576e-8 
1.3  0.4977129301186496 0.4964248460740347 0.002709040958972841 0.0026981395750824942 0.0002215426109202233 0.00022033699129463073 5.4001153204947755e-6 5.381204556952692e-6 1.0829569406987646e-6 1.079704644427693e-6 8.43815206876591e-8 8.399749334525085e-8 1.6699164773742348e-8 1.6534922964306115e-8 9.049671162393479e-9 9.026810067082641e-9 
1.4  0.497718805127836 0.4965032709883496 0.002687908181149237 0.0026800716229337953 0.00019947138167038323 0.00019871346443911628 4.977545468516218e-6 4.959389054640552e-6 8.23330827816338e-7 7.967572517739787e-7 8.209922300998258e-8 8.180676818138729e-8 1.5665670991678557e-8 1.5511854205554654e-8 7.127504248643804e-9 
1.5  0.4975523999154723 0.496739318532027 0.0026693194061339727 0.002664424782586271 0.00018213863630403709 0.00018173350202951323 4.603789057887701e-6 4.593778206488933e-6 6.400126077868999e-7 6.340404680215054e-7 8.017081748049182e-8 8.002037401727494e-8 1.4534832342648045e-8 1.4512800813386342e-8 4.366282466486912e-9 
1.6  0.4974985312050892 0.49685207075124554 0.0026535880640513277 0.0026499367732441014 0.00016818630713551076 0.00016792005571643267 4.277727921203545e-6 4.26934406603816e-6 5.190306192849627e-7 5.134859384635582e-7 7.855740596914384e-8 7.84419282023905e-8 1.3440041009877486e-8 1.3375195021443099e-8 3.440403162468452e-9 
1.7  0.49771434750199456 0.4966869791206526 0.002641050340025305 0.0026355594998594095 0.0001567015779292579 0.00015636642302762908 3.989636907684547e-6 3.981129562061746e-6 4.234530001304758e-7 4.225777875646015e-7 7.715648938816679e-8 7.699571337860389e-8 1.2316045227236247e-8 1.2271006484249353e-8 
1.8  0.4977348710417555 0.4967106482492951 0.0026289550381569165 0.0026235322088721947 0.00014697171628955908 0.00014666520326985717 3.735566808806855e-6 3.7277779619580185e-6 3.5981510112596737e-7 3.590758651492254e-7 7.592567089095521e-8 7.576806924490006e-8 1.131663501842777e-8 1.1296249069423202e-8 
1.9  0.497838049849358 0.4966464864343495 0.0026184820669211115 0.002612208426321436 0.00013865093005511063 0.00013831765029604677 3.5105969226294725e-6 3.502119857047526e-6 3.111943275353356e-7 3.1044473773641526e-7 7.485087471925527e-8 7.466959643373486e-8 1.0400688326653084e-8 1.0365695421317227e-8 
2.0  0.49786805778252546 0.4966512414349333 0.002608635142981547 0.002602256963269568 0.00013140378362389309 0.00013108207969245807 3.30949373424773e-6 3.3013668015481493e-6 2.7301452705264637e-7 2.723442815344819e-7 7.387234601418247e-8 7.368996508161795e-8 9.557868336237748e-9 9.473450566221156e-9 
2.1  0.4979155837944836 0.4966349332162202 0.002599750458945214 0.0025930640112460175 0.00012504573318022718 0.0001247239911766733 3.1297021613926557e-6 3.1216584677880336e-6 2.4238835446327e-7 2.4176631832133805e-7 7.299259700946535e-8 7.28042634024327e-8 8.766503584359633e-9 8.716083532225792e-9 
2.2  0.4979304546731912 0.49664829814704453 0.0025914476511996647 0.002584774822452218 0.0001194046809997863 0.00011909716668004099 2.9680094763337994e-6 2.9603624690518623e-6 2.1737096818657207e-7 2.1681112288930372e-7 7.219063363510355e-8 7.200479809914318e-8 8.067542693350735e-9 8.041422169555081e-9 
2.3  0.4978485167838686 0.4967559193663906 0.0025833031855876736 0.002577634065485135 0.00011434513127390127 0.00011409418311033059 2.821605662029759e-6 2.81541138211868e-6 1.96562766091926e-7 1.9613140019500304e-7 7.144377686382165e-8 7.128770273352762e-8 7.4248036924243935e-9 7.416792121733782e-9 
2.4  0.497861855781523 0.49676607212778334 0.0025762322135322218 0.0025705620121720357 0.00010981678699006675 0.00010957507273214516 2.6895529286623666e-6 2.683638031766134e-6 1.790670134134695e-7 1.7867331313825078e-7 7.077159320027735e-8 7.061569481060307e-8 6.8493305914144965e-9 6.837361740455827e-9 
2.5  0.4978938717154655 0.4967556906291534 0.002569772982539153 0.0025638811818129194 0.0001057195142937132 0.00010547731964656609 2.558916404794086e-6 2.5571260484800937e-6 1.6307324766240138e-7 1.6194982056926268e-7 7.014035147139886e-8 6.994068275047013e-8 5.510534136705385e-9 
2.6  0.49790666827718694 0.4967628383484078 0.0025636423226080775 0.0025577566449322734 0.00010199327147548517 0.00010175873922715059 2.4522764525294955e-6 2.446202301411519e-6 1.5027653985874928e-7 1.493909019965605e-7 6.958778628890402e-8 6.939928383861785e-8 5.262896866555383e-9 
2.7  0.4979288095524945 0.4967591419055876 0.002557985153174375 0.0025519899602820706 9.859281804323867e-5 9.836108207834393e-5 2.354592547400506e-6 2.3446409859176864e-6 1.3950263152463856e-7 1.379441252307078e-7 6.904217646574999e-8 6.888816917731917e-8 4.917705376165966e-9 
2.8  0.4979381556090309 0.496766933340555 0.0025526366278009103 0.0025466407820246206 9.547067674185299e-5 9.524685034319368e-5 2.262383567607579e-6 2.2540910974730352e-6 1.2958658957094158e-7 1.2855055526132504e-7 6.856016057339076e-8 6.83822681763633e-8 4.559265693296299e-9 
2.9  0.4979487603454142 0.4967723180496285 0.0025476193465863045 0.0025415999463104387 9.259608806985827e-5 9.237685100546388e-5 2.1781141078801257e-6 2.169900149742882e-6 1.2123076470099475e-7 1.1983115032358704e-7 6.80997382490187e-8 6.795093816574472e-8 4.246136744029672e-9 
3.0  0.4979564130890622 0.4967795906228557 0.002542890521597177 0.002536884584540554 8.993791768435639e-5 8.972580596583595e-5 2.097376820919291e-6 2.0950284095708535e-6 1.133580110195154e-7 1.1252144633534976e-7 6.768247237129695e-8 6.751041947068297e-8 3.9807149177827845e-9 
3.1  0.4979663929255345 0.4967836219145299 0.0025384345463101677 0.0025324118011286743 8.747325214615795e-5 8.726692235115292e-5 2.0279197488528404e-6 2.02028129977708e-6 1.0677797278153599e-7 1.0554234386374154e-7 6.727185719696361e-8 6.712618187263158e-8 3.71859496327202e-9 
3.2  0.4979755402772214 0.4967876865625836 0.002534217279893483 0.0025281703578232443 8.517755239132587e-5 8.497366709292275e-5 1.9537916150149535e-6 1.9490088240136005e-6 9.908476695469907e-8 9.883447469650009e-8 6.687345895571703e-8 6.670985527379315e-8 
3.3  0.49798345721270953 0.496792159533824 0.002530227394868498 0.002524176203678842 8.304004309531076e-5 8.284096460703956e-5 1.891699711471998e-6 1.8870857104171272e-6 9.363793297052531e-8 9.334409534831369e-8 6.652250662235528e-8 6.635725935313167e-8 
3.4  0.4979855222311276 0.4968017960785418 0.0025264110960935165 0.0025204102507229765 8.104038034206466e-5 8.08478552655998e-5 1.8335843406453257e-6 1.8292280446413467e-6 8.867632910916388e-8 8.841393111710927e-8 6.618276870937385e-8 6.602249219434289e-8 
3.5  0.4979904875419041 0.49680789342110077 0.0025228020999515485 0.002516815522722979 7.916751653941305e-5 7.89796252879222e-5 1.7793843192629572e-6 1.7751587042691152e-6 8.418962907019528e-8 8.3958075399055e-8 6.586900642164022e-8 6.571275668421072e-8 
3.6  0.49799201442630747 0.4968168487898062 0.0025193503315462987 0.002513409649380396 7.74078831736407e-5 7.722532230967735e-5 1.7284039233395884e-6 1.7243265993446287e-6 8.005286910583995e-8 7.983964323912595e-8 6.556599278327016e-8 6.540844801761271e-8 
3.7  0.49799813991088765 0.496820667980037 0.0025160875407979613 0.002510138274127881 7.575266127209713e-5 7.557352228776583e-5 1.6806503852876028e-6 1.6766720661605677e-6 7.629376142369065e-8 7.608744530350647e-8 6.528066226666399e-8 6.512626943356252e-8 
3.8  0.4980020836076232 0.4968261827127681 0.0025129585398820675 0.002507024748237532 7.41914377850041e-5 7.401623054585194e-5 1.6356415472144386e-6 1.6317753222267425e-6 7.28225819292897e-8 7.261832928750617e-8 6.50094511743243e-8 6.485592631586357e-8 
3.9  0.4980082095253249 0.4968290621127541 0.002509979385870562 0.0025040363381595623 7.271691230793127e-5 7.254471389636146e-5 1.593194076746652e-6 1.589416943157907e-6 6.961861067077107e-8 6.943731743698301e-8 6.474904072774806e-8 6.459569533150848e-8 
4.0  0.4980119687006641 0.4968338890177491 0.002507117285522673 0.002501186435904571 7.132132160205082e-5 7.115258354743304e-5 1.5531605157980796e-6 1.5494824236343278e-6 6.667059886586548e-8 6.648377898788676e-8 6.45051582303908e-8 6.435253532560001e-8 
4.1  0.49801744792198727 0.4968366075027724 0.0025043840773761347 0.0024984458912568576 6.999880536797842e-5 6.983281091432056e-5 1.5152569253701848e-6 1.5116599446698995e-6 6.426905616700837e-8 6.411663553618224e-8 6.392929860523519e-8 6.375846490901048e-8 
4.2  0.49802108195859074 0.496840810384906 0.002501753775704422 0.002495824721800979 6.874318274078156e-5 6.858024586486663e-5 1.4793493777668946e-6 1.4758391937452453e-6 6.404333155414028e-8 6.38915262876494e-8 6.138370879391383e-8 6.12232538002609e-8 
4.3  0.49802561223577646 0.496843744564529 0.002499250022091299 0.0024933187345658673 6.755093985392993e-5 6.739058608224697e-5 1.445466781648497e-6 1.4420286825300895e-6 6.383198690446959e-8 6.368040181938392e-8 5.9036878588840174e-8 5.887236939525701e-8 
4.4  0.4980281410080859 0.49684843989133615 0.002496800465359946 0.0024908861314855363 6.641339123802542e-5 6.625605749393909e-5 1.412930063703736e-6 1.4095795809975857e-6 6.361982085348486e-8 6.346911081031357e-8 5.680512825773461e-8 5.665129554677823e-8 
4.5  0.4980323194380944 0.4968511562613584 0.002494468602003314 0.0024885524962616305 6.53305658344176e-5 6.517560576036594e-5 1.382147575258132e-6 1.3788658962943963e-6 6.3420012020676e-8 6.326958120250939e-8 5.473792526880416e-8 5.4589696578646095e-8 
4.6  0.4980354722050624 0.4968546248797589 0.0024922181311458594 0.002486308796741246 6.429713148839335e-5 6.414465557322123e-5 1.3528245796707939e-6 1.3496128119355415e-6 6.322873500908033e-8 6.3078470980714e-8 5.2799553394936824e-8 5.265607847723386e-8 
4.7  0.49803881767828306 0.49685764393759824 0.002490049991018272 0.0024841446019837534 6.330977163125778e-5 6.315961123179328e-5 1.3248907768420353e-6 1.3217454534306856e-6 6.304516431543084e-8 6.289564124888715e-8 5.098927717443166e-8 5.0841941572069996e-8 
4.8  0.49804207534440564 0.4968605092761225 0.002487958773504134 0.0024820563477007595 6.236545451156303e-5 6.221748208144728e-5 1.2981984260509858e-6 1.29511488138226e-6 6.286651616862358e-8 6.271745844370675e-8 4.927829045670185e-8 4.914610224131426e-8 
4.9  0.4980451663478405 0.4968633150152046 0.002485939008071745 0.0024800401260255626 6.146124114477948e-5 6.131538616642835e-5 1.2727154254566232e-6 1.2696921312186648e-6 6.270111551552812e-8 6.254762136530122e-8 4.76755211094291e-8 4.75437319559689e-8 
5.0  0.4980483295356831 0.49686581534921104 0.002483996453015031 0.00247810058105781 6.0595378018732214e-5 6.0451510903620375e-5 1.2484750411660843e-6 1.2455033468081902e-6 6.258829614054576e-8 6.239207017774659e-8 4.6179812403271116e-8 4.60535424561441e-8 
