#mmax= 10
#m-states: all states (FBR)
#Nr. of sites: 37
 
0.0  1.0 
0.1  0.9968288006273428 0.002555618305415168 0.0006153243821479446 1.5711121941099943e-7 9.957387407819027e-8 
0.2  0.9866744011486799 0.010979954332941348 0.002339855672118586 2.776878138618903e-6 1.7039315773195154e-6 1.3080365472313452e-6 
0.3  0.9667262945426601 0.0284548755761524 0.004766752480560559 2.3779163319904652e-5 1.7557800001897113e-5 1.019868218779258e-5 2.347177492423551e-7 1.854281224890066e-7 1.104177398652863e-7 1.119150683083325e-8 
0.4  0.9254223227736212 0.06706983463405967 0.007010948655365355 0.0003342435962044108 9.903619067280763e-5 5.342618999848009e-5 5.181051025163683e-6 3.104220867049846e-6 1.319291718251573e-6 4.512462978706834e-7 6.564416575102427e-8 4.163339992922576e-8 2.4872605239800232e-8 
0.41  0.9185052927996338 0.07368233127904739 0.007159778383080423 0.00045006527203320486 0.0001227564693891856 6.532041554098178e-5 7.2532902692336725e-6 4.021950459398245e-6 2.4218723181965364e-6 4.999995466372151e-7 9.867737335476897e-8 7.093397330616214e-8 5.54399454086388e-8 3.321738944683668e-8 
0.42  0.9105347966266704 0.08131122106455334 0.007281348761115233 0.0006153104137280468 0.00015543064512278207 8.121953385998195e-5 1.010342550994485e-5 5.2319445759127155e-6 4.319004030533022e-6 5.721856884166316e-7 1.5416569120148793e-7 1.3594065246032357e-7 7.524140841037458e-8 5.3884185381004496e-8 2.145463815049989e-8 5.708568267860747e-9 
0.43  0.9011815893189449 0.09026273734971192 0.007369290378121638 0.000851869754081083 0.00020225038305690484 0.00010309120846148662 1.4025431194260189e-5 7.0622455094413725e-6 6.727444494426568e-6 6.540905023441968e-7 2.4172812301210484e-7 2.2984419207167218e-7 1.0266097803911087e-7 8.57125804087955e-8 2.5435658992187326e-8 9.515290550669014e-9 7.49909884783674e-9 
0.44  0.889911687787755 0.10102215631897424 0.007414526533594418 0.001202513353105523 0.00027312817092871376 0.00013440811679567044 1.955037981522493e-5 1.1520325170479638e-5 8.626283346889476e-6 7.564096189701186e-7 4.230604715083486e-7 3.4866481994375824e-7 1.4264261882678212e-7 1.4095578761820128e-7 2.9483324467789848e-8 2.283277815014177e-8 1.0550582922563567e-8 8.130512974086809e-9 
0.45  0.8759052519425932 0.11433354439113129 0.007404439462458585 0.001729088143570118 0.0003862091849851378 0.00018108259583738374 2.7216082321783225e-5 1.934635991853574e-5 1.0964207507337766e-5 9.0601645743259e-7 8.053668459849357e-7 5.673933167211643e-7 2.3478227660299867e-7 1.898314560851062e-7 4.7660480247529674e-8 4.552359265238882e-8 3.345195529758557e-8 1.5285977991315737e-8 1.2317319622815739e-8 
0.46  0.8579136882744208 0.13134586458857359 0.007321225823194314 0.002506665883733748 0.0005735988209376578 0.0002531820562944578 3.7159881188851455e-5 3.0561284018171084e-5 1.3724961114006626e-5 1.370941961468471e-6 1.159204133907228e-6 9.19072042361053e-7 3.721587949302443e-7 2.4326360929786283e-7 1.00219936455827e-7 8.417063002208956e-8 3.7221324508595835e-8 2.2282867441070777e-8 1.9891225900020878e-8 
0.47  0.834071767435489 0.15381786933354627 0.007140338419087883 0.0035960331735480013 0.000889073906470925 0.0003674984837820621 4.9150184946691725e-5 4.4891512320847585e-5 1.6733742854618243e-5 2.2183350152102866e-6 1.6201401880175055e-6 1.4972453065024526e-6 5.460506504908237e-7 2.9222098493784883e-7 2.0804447631133404e-7 1.4084787029981033e-7 4.1951821677730996e-8 4.105808627857748e-8 3.145282410461726e-8 6.460730927471217e-9 
0.48  0.8022603064770457 0.18388764270900457 0.0068355387071396155 0.004921211030489856 0.001395684587726926 0.0005467844462022012 6.201356271934157e-5 6.096328491419281e-5 1.9489783516214493e-5 3.5184991398485917e-6 2.4826805300495475e-6 2.4243248443083693e-6 7.275300220816126e-7 4.0348158165735927e-7 3.230092276486977e-7 2.57494626122906e-7 7.6627689591168e-8 7.119277709598635e-8 4.5312670441882826e-8 1.6587095564395627e-8 9.672568427429855e-9 8.998470520485189e-9 
0.49  0.7612660166244011 0.22307906599923102 0.006393826875388086 0.006155347481675646 0.00211144838148979 0.0008117752348373398 7.314626058202684e-5 7.313313546785566e-5 2.1276888480910586e-5 4.986134307726651e-6 3.7810259377267384e-6 3.7012577208020593e-6 8.401671605247471e-7 6.002761819754335e-7 3.6633255129690915e-7 3.3003554325336454e-7 1.301277920844291e-7 9.679345699521408e-8 5.242503742150902e-8 3.417228844850283e-8 1.2836513175090452e-8 1.2729881507892475e-8 1.0166468882137336e-8 8.637604346451509e-9 
0.5  0.713109996764719 0.26993455973675573 0.006835653198868872 0.005843580332715758 0.0029188811921141943 0.0011587732770940845 7.966613805514008e-5 7.790683384914884e-5 2.153982712735568e-5 6.1496156779075725e-6 5.389736020752092e-6 5.155159561536114e-6 8.404439379532933e-7 7.083058547828468e-7 4.3595683480185597e-7 3.083005883093069e-7 1.9269257617125716e-7 1.0617480726341369e-7 6.226167336328635e-8 4.441413584674764e-8 1.508421475318401e-8 1.4299916304643268e-8 1.195739160196207e-8 8.295511236127854e-9 
0.51  0.6633686182919181 0.3192581127807575 0.006779375297851586 0.005256528756821524 0.0035885487773843856 0.0015491101935610333 8.052518921951928e-5 7.593079399047218e-5 2.04705548651209e-5 7.204256897119801e-6 6.701807281936786e-6 6.152236028167027e-6 7.478364232107578e-7 6.947492190709962e-7 4.6643844401488926e-7 2.809892471622415e-7 2.453984509442307e-7 1.0044813009894956e-7 7.632301362703591e-8 4.9785944808248435e-8 1.517716126744838e-8 1.4957044277241365e-8 1.4481787388635101e-8 1.0230530600278747e-8 4.2480283057118295e-9 
0.52  0.6188822913085057 0.3641676878230617 0.006187807404325328 0.004719154620228534 0.003933001232826101 0.0019215107030002019 7.617913744644695e-5 6.955382035686802e-5 1.8706027207999786e-5 8.749196555651784e-6 6.529268269691769e-6 6.414102688968906e-6 6.074932095504384e-7 5.949148834616077e-7 4.4299337836220817e-7 2.7453138815587705e-7 2.2991631895535612e-7 8.885384220473963e-8 8.084900781138192e-8 4.855800029503551e-8 1.4090168470639171e-8 1.4026061722525118e-8 1.0213052183066367e-8 8.916219238869664e-9 
0.53  0.5830677401278779 0.40088900830032775 0.005402851835752273 0.004276255023458996 0.0039565266729008975 0.0022364068380274823 6.874928626241587e-5 6.176487672106943e-5 1.689515455455891e-5 9.84930119979177e-6 6.034490545962009e-6 5.875158773373069e-6 4.719860462800522e-7 4.7142649355319893e-7 3.8470973977900663e-7 2.7242946678724987e-7 1.952130998510575e-7 9.884591480957783e-8 6.198334720943863e-8 4.2582495594939676e-8 1.3027818742360238e-8 1.1674966362625384e-8 1.0285592097934147e-8 8.76861529126011e-9 
0.54  0.5566178915464314 0.4284082674055507 0.004642371170168654 0.003939816579763988 0.0037628106855136455 0.002476617132588376 6.0305552031345406e-5 5.4105500904685105e-5 1.5347233112891543e-5 1.050397378224339e-5 5.2727693168897935e-6 5.014662304679709e-6 3.599626538534251e-7 3.598509893556338e-7 3.127728811162191e-7 2.533024410925506e-7 1.648986567492318e-7 1.0416243652447216e-7 4.5390572840142336e-8 3.4149193180261855e-8 1.2382097095111454e-8 1.0548937618362353e-8 1.0197563632548283e-8 8.170108329257024e-9 
0.55  0.5378989594229733 0.4481621656877619 0.003991872987899207 0.003693006794867084 0.003470048500015323 0.0026495593454424777 5.225895863073349e-5 4.7373369935174353e-5 1.4127174072274812e-5 1.083077745476191e-5 4.3962209135705354e-6 4.068072198428462e-6 2.7851426777876595e-7 2.7075718645195776e-7 2.355266465647894e-7 2.2878391787854295e-7 1.3724521819787908e-7 1.0444093780586677e-7 3.2313359047487014e-8 1.4312932631512985e-8 1.1905010668725643e-8 1.068818617065007e-8 8.200175916606465e-9 
0.56  0.5247589743566562 0.4622249261883421 0.0035119654959508933 0.00345952196546389 0.0031541216083243047 0.002771474684574468 4.5346344793184315e-5 4.1651601582260405e-5 1.3186712804466368e-5 1.0956272638966524e-5 3.510986418013907e-6 3.2927273637881727e-6 2.231660077557214e-7 2.0742062370932879e-7 1.9780878496593263e-7 1.8294333566123195e-7 1.1338602061812399e-7 9.890855600413357e-8 1.4291026761843056e-8 1.1291383736056874e-8 1.1280408815005242e-8 1.0558941062937529e-8 
0.57  0.5157482969929869 0.4720294151309907 0.0033806382292468767 0.003029885610561114 0.0028537020469611113 0.002851576627244569 3.969708914926283e-5 3.700019659602693e-5 1.2472224821906368e-5 1.0955949592035198e-5 2.7931288685350975e-6 2.664340675139559e-6 1.9095955945037935e-7 1.9015458898561398e-7 1.5166835242475712e-7 1.4475955718116456e-7 9.331658701232225e-8 8.856550630512266e-8 1.155293114547664e-8 1.0867122150142602e-8 1.0428189667442952e-8 1.0159911529140466e-8 
0.58  0.5094812457443416 0.4789734525598254 0.003283069523273517 0.0029089590266431578 0.0026803629777076713 0.002576626163786602 3.508401178924416e-5 3.321359523602869e-5 1.1916781769820221e-5 1.0884962629387385e-5 2.246498059277452e-6 2.1574547580760315e-6 1.7803587399732379e-7 1.7198032494057103e-7 1.2057759487085762e-7 1.1647044845855789e-7 7.663646342888982e-8 7.611389229297857e-8 1.064054496670794e-8 1.051335186645995e-8 1.0154820945743897e-8 9.576865217870179e-9 
0.59  0.5052358469473588 0.48379425268779036 0.0032109986427104865 0.0029436773057409946 0.002393897188997112 0.0023334215532752516 3.1346171815808286e-5 3.0054714313573525e-5 1.1481714387744355e-5 1.077411785663509e-5 1.8084732144740722e-6 1.751235300875766e-6 1.68287195349877e-7 1.6135535153917997e-7 9.791038768238213e-8 9.54753130075885e-8 6.40218096170483e-8 6.339315401945615e-8 1.004917925421281e-8 9.825496477578028e-9 9.791775935701036e-9 9.137576034234027e-9 
0.6  0.5023540621028646 0.4871672279663949 0.0031567106704108636 0.0029643238443874333 0.0021560467591342745 0.0021207474537085543 2.8256124349195798e-5 2.7365710760688877e-5 1.1132887006688536e-5 1.0643423478898507e-5 1.452728917729694e-6 1.4124724452430334e-6 1.6060647716224806e-7 1.5440929475711134e-7 8.08204036368566e-8 7.920978030314072e-8 5.3670824545871714e-8 5.2863887766114834e-8 9.5449435119348e-9 9.39382611204536e-9 8.972518452057173e-9 8.364189387372495e-9 
0.7  0.49687064855998336 0.49518343238211066 0.0029515568406769553 0.0029389382180991207 0.001006203811546541 0.0010028746748265082 1.3446352562428202e-5 1.3364420933858143e-5 9.407933383387858e-6 9.373141674727942e-6 2.1268480190022283e-7 1.970754252278173e-7 1.2595693596432385e-7 1.2446154186613028e-7 2.5185826913786742e-8 2.3295721609547858e-8 2.0611525704498452e-8 2.0473982977569423e-8 3.918440052712047e-9 
0.8  0.4988206147417203 0.49415449333588385 0.002888377559163983 0.0028613693361485893 0.00062408237420239 0.0006181828632015996 8.507284415401338e-6 8.427154376605936e-6 7.813790758934103e-6 7.730487655743361e-6 1.1269364606375583e-7 1.116077744147234e-7 5.334492236028531e-8 5.163058729751436e-8 1.9356370451985973e-8 1.9167362009234904e-8 1.6682597461247657e-8 1.6589216403483516e-8 
0.9  0.4988072163314901 0.4946281835110627 0.0028361349947207543 0.00281226194995585 0.0004473734950933694 0.00044351907213744507 7.732325081577676e-6 7.660766095180006e-6 4.829989178986093e-6 4.78287924118405e-6 1.0465195948078113e-7 9.940590409526813e-8 2.609099219015948e-8 2.3454838564025285e-8 1.9209469588252974e-8 1.8954765280402106e-8 1.2918014676740273e-8 
1.0  0.4983345564107846 0.4953766989880851 0.002793094288159719 0.0027765407287278863 0.00035031564848036383 0.0003482684073143655 7.035551756186454e-6 6.996185189090172e-6 3.1177805555400753e-6 3.100378028132656e-6 9.763377087068093e-8 9.468181497512887e-8 1.8897509342679815e-8 1.87959375682786e-8 1.8138718905436376e-8 1.7713525229070296e-8 9.77164361944751e-9 
1.1  0.4970530213884797 0.49684436228037526 0.002753396095252937 0.002752259737679548 0.0002899138638233481 0.0002897947342257709 6.407393781579219e-6 6.4051955290028895e-6 2.0977302190733906e-6 2.0970700875392036e-6 8.999328787467837e-8 8.996410206165666e-8 1.8328614979236014e-8 1.8123530138688245e-8 1.4088009492924507e-8 1.4013003745475664e-8 
1.2  0.4970965677319759 0.4969365468023019 0.002726640799016396 0.0027257631208518424 0.0002498236674578701 0.00024974128288483274 5.867820636168384e-6 5.866117346125552e-6 1.476005064336036e-6 1.4753401923565687e-6 8.6775971458797e-8 8.674362370141501e-8 1.7586878660888558e-8 1.7569028792203822e-8 1.1320593299137645e-8 1.131617754727311e-8 
1.3  0.49829018206739073 0.4958477242829911 0.0027101732766208605 0.0026968958570317146 0.00022147362053693921 0.00022038895829494315 5.403340776991983e-6 5.377065507474713e-6 1.0836813029643799e-6 1.0785566360395371e-6 8.434397890511988e-8 8.393253781385163e-8 1.664181564770379e-8 1.6549611351364508e-8 9.02962609593283e-9 8.795340493084323e-9 
1.4  0.49743230661796084 0.49678976430485355 0.002685697615731885 0.00268222831842162 0.00019923271815935447 0.00019897623521960672 4.9732914677455524e-6 4.966963804378079e-6 8.225869873245859e-7 8.21716581519938e-7 8.202463335342521e-8 8.191617848944257e-8 1.5666914532399005e-8 1.564015047730268e-8 7.22184851238719e-9 7.161088493869095e-9 
1.5  0.49746603603032746 0.49682580768301 0.0026685234680968893 0.002665110093323135 0.0001820365157448223 0.00018182230474156035 4.60118253573247e-6 4.595735698767813e-6 6.427279566787108e-7 6.30458109800907e-7 8.00958190545973e-8 8.003377704930269e-8 1.4537399811819072e-8 1.4372459712899912e-8 4.761001356721391e-9 
1.6  0.4974824097256632 0.49686823807152014 0.0026533812790865904 0.002650102564904772 0.00016815460589476663 0.00016794715303635968 4.275863311763618e-6 4.270945588187965e-6 5.187436973465665e-7 5.138407889727074e-7 7.852970873579802e-8 7.843411066928564e-8 1.3484354410575353e-8 1.330906210210623e-8 3.449275033766379e-9 
1.7  0.49758370070216673 0.4968176656984649 0.002640287857812572 0.002636281848297343 0.0001566530153335034 0.00015641485233949495 3.988265801994642e-6 3.982394859037062e-6 4.23692751785187e-7 4.2304662664640314e-7 7.713107803474014e-8 7.702296056321819e-8 1.23120780808922e-8 1.2159430987917639e-8 
1.8  0.4980346711931019 0.49641087925948596 0.002630517849727773 0.002621941544705255 0.00014705659930277555 0.00014657724222670351 3.7376909168038337e-6 3.725500760196088e-6 3.6000266496064333e-7 3.588355828018573e-7 7.59529871416228e-8 7.570497074186921e-8 1.133374487252591e-8 1.1289824694505429e-8 
1.9  0.4983209265578344 0.4961636384021848 0.0026210061885286948 0.0026096594334674753 0.00013878297190672743 0.00013818215318494426 3.5138662526488733e-6 3.498646004161792e-6 3.1145379881670833e-7 3.101048103828785e-7 7.490269782397793e-8 7.457788791374923e-8 1.041486970136421e-8 1.0326571823958942e-8 
2.0  0.49819606917357473 0.49632325579566633 0.0026103399991818975 0.002600527530734779 0.000131489524533566 0.00013099524229368613 3.311665052218157e-6 3.299231083933934e-6 2.7313106137433705e-7 2.72106108869148e-7 7.390642901100406e-8 7.362857089331552e-8 9.549593811905669e-9 9.516116665066498e-9 
2.1  0.49804143502970216 0.4965091109009516 0.002600393557750531 0.00259239410311107 0.00012507627742557007 0.00012469152237599857 3.1304433477768973e-6 3.120830268981388e-6 2.424194950960922e-7 2.4167577144876074e-7 7.299595625734449e-8 7.277150469781803e-8 8.76081043258667e-9 8.711529771539132e-9 
2.2  0.49797617074742073 0.4966025813180565 0.0025916824290319364 0.002584541674068849 0.00011941502513159548 0.00011908610010661781 2.9682519337434358e-6 2.9600958557115705e-6 2.1733340925618435e-7 2.167380271738557e-7 7.217914910342304e-8 7.198367215491365e-8 8.073583265528182e-9 8.050553690849679e-9 
2.3  0.49793115262025317 0.4966732805965678 0.002583730802317871 0.0025772096982507355 0.00011436380953503337 0.00011407522439045773 2.822019428823172e-6 2.8149133756997355e-6 1.9664831978156277e-7 1.9615500720439744e-7 7.145133647402899e-8 7.127230358383086e-8 7.44146502855762e-9 7.347449964084598e-9 
2.4  0.49796439994457325 0.49666352114555745 0.0025767683131032453 0.0025700327735153593 0.00010983946358503565 0.00010955233858826403 2.6901326741909793e-6 2.6830896060693584e-6 1.7910706484042465e-7 1.7863799939666371e-7 7.07805369816603e-8 7.059264343888903e-8 6.854495609800305e-9 6.826058104069284e-9 
2.5  0.4980235037237028 0.49662602350829504 0.0025704287608036835 0.002563222690318376 0.00010575183282548772 0.00010545534910864974 2.5702371644657386e-6 2.563035067299205e-6 1.6426533845708884e-7 1.6380485950651739e-7 7.017604785264121e-8 6.997427346554176e-8 6.337416464193528e-9 6.304780112344194e-9 
2.6  0.4980497443479934 0.49661975760844035 0.002564380698090479 0.0025570209562405587 0.00010202333210042977 0.00010173013649561322 2.4541929685286113e-6 2.444722657873517e-6 1.50633618085559e-7 1.4913584288681584e-7 6.959467029781929e-8 6.940907139536712e-8 5.231810683978211e-9 
2.7  0.4979642817147957 0.4967236831026348 0.0025581582073372832 0.0025518042201305813 9.85990846071503e-5 9.835418968083008e-5 2.353828643150731e-6 2.345373350949339e-6 1.394630659577245e-7 1.3804635473704961e-7 6.903407657934459e-8 6.887284255651113e-8 4.862481528150524e-9 
2.8  0.49777824947457777 0.49692685997541997 0.0025518069099482814 0.002547451264178174 9.543989339805532e-5 9.527652747943428e-5 2.261795763122025e-6 2.2545648323055158e-6 1.297401776902323e-7 1.283839428536491e-7 6.852078199076394e-8 6.840844604520583e-8 4.541056359664357e-9 
2.9  0.49773004554889205 0.4969910487313454 0.002546492962321044 0.0025427114234467486 9.255469502746331e-5 9.24171683249413e-5 2.1742396724181677e-6 2.173817835501872e-6 1.2101453797737167e-7 1.2009670838215789e-7 6.807645866239096e-8 6.796303725930543e-8 4.26239351560174e-9 
3.0  0.497744728802737 0.4969912935643791 0.0025418023819812614 0.002537954658338623 8.989982697999052e-5 8.976311898325416e-5 2.1001971973605804e-6 2.09234758503242e-6 1.1348876060681425e-7 1.1243353032661461e-7 6.764573276777241e-8 6.753030535780982e-8 4.0034891291450686e-9 
3.1  0.49771675050369213 0.49703327159540645 0.002537162299577305 0.0025336771510426526 8.743027116647562e-5 8.730940388814518e-5 2.027504813811548e-6 2.020804941359463e-6 1.066586875856962e-7 1.0568425526263177e-7 6.72410400272641e-8 6.714360080893667e-8 3.737890238406948e-9 
3.2  0.49773768359162135 0.4970256494385829 0.002532948899061797 0.0025293368837132177 8.51339741948431e-5 8.501317797995629e-5 1.952570593980934e-6 1.9498777022242193e-6 9.900472931367683e-8 9.888000631611998e-8 6.689818155074671e-8 6.680363246726667e-8 
3.3  0.49775035154113084 0.49702522852240677 0.002529059517433444 0.0025253788845060066 8.300158985157421e-5 8.28810639982761e-5 1.8908337721376514e-6 1.8881096359849575e-6 9.360119377927797e-8 9.347567755786532e-8 6.64998717930977e-8 6.636052049557223e-8 
3.4  0.49775076088326337 0.4970365638429325 0.0025252181636095075 0.0025215973097142247 8.100193289769368e-5 8.088583080772163e-5 1.8326734111552781e-6 1.830052449781793e-6 8.861890181221859e-8 8.850133104158397e-8 6.614545187821162e-8 6.604522992153567e-8 
3.5  0.4977262218201128 0.49707214971438185 0.0025214478653538598 0.002518178290724967 7.912512924493737e-5 7.902283594507423e-5 1.7784003201941096e-6 1.776184862626202e-6 8.414027380878329e-8 8.404355068659751e-8 6.583671022383116e-8 6.573851895410552e-8 
3.6  0.49770039115279535 0.49710848125680684 0.002517870495869725 0.002514880714682989 7.736233106748045e-5 7.727048078612522e-5 1.7273855186356209e-6 1.7253405922517188e-6 7.996462573188369e-8 7.991167630087645e-8 6.552305019441037e-8 6.54425282759778e-8 
3.7  0.497691766662842 0.49712703184540086 0.0025145243478841544 0.0025117085172443056 7.570664525644484e-5 7.562171865165237e-5 1.6796730368230924e-6 1.6778116977011413e-6 7.62089656251398e-8 7.615958633740611e-8 6.524981619790685e-8 6.51596195953705e-8 
3.8  0.49770364418426705 0.49712461660509766 0.0025114355638750016 0.002508551218614735 7.414742954489974e-5 7.406214255182855e-5 1.6347084666711408e-6 1.6328500351098055e-6 7.274086635416144e-8 7.2694039716172e-8 6.497670472009894e-8 6.48859370690373e-8 
3.9  0.49769465869843443 0.4971425810320727 0.0025084147334162353 0.002505631277170606 7.267193872649908e-5 7.259128829812506e-5 1.5922113632889668e-6 1.5904459545497103e-6 6.95591981122467e-8 6.949863272318266e-8 6.469435433919437e-8 6.462237871398013e-8 
4.0  0.4976974845655342 0.4971483688740608 0.00250552125190809 0.0025027859384933104 7.12763177595801e-5 7.119845547405563e-5 1.5521379449591432e-6 1.5504620731370264e-6 6.660931802368603e-8 6.654903322400862e-8 6.4461769911457e-8 6.437663049769136e-8 
4.1  0.49770262679961175 0.4971514015364041 0.002502813978330993 0.0025000416532973075 6.99552519208404e-5 6.987777093725163e-5 1.5143200035376369e-6 1.5126452613629556e-6 6.421922002253375e-8 6.414778000121509e-8 6.386008394053199e-8 6.381714880617531e-8 
4.2  0.4977029179232091 0.4971589466300626 0.002500169547746058 0.002497435276132923 6.869991744048357e-5 6.862476126768858e-5 1.478490474476289e-6 1.4768733973504812e-6 6.399316974542797e-8 6.392317964987051e-8 6.136400497738313e-8 6.12999165586805e-8 
4.3  0.497704401032971 0.49716496228239054 0.0024976353560713167 0.0024949278837776818 6.750684613504529e-5 6.743366290183826e-5 1.4445191382598871e-6 1.4429531906403076e-6 6.37820066367111e-8 6.371239260165763e-8 5.9015440369058896e-8 5.8953582698899755e-8 
4.4  0.4977062361276529 0.49717031663661576 0.0024952000366556966 0.0024925129829084084 6.637114206491013e-5 6.629965840853967e-5 1.4121590546321048e-6 1.4106369096529659e-6 6.357306950248506e-8 6.3504463678906e-8 5.679988633542878e-8 5.674231041941791e-8 
4.5  0.49771342405310126 0.4971700260082461 0.00249288369830559 0.0024901616478804774 6.528934739056082e-5 6.52180409640564e-5 1.3813360161526506e-6 1.3798250485043826e-6 6.336978278024205e-8 6.330045987658206e-8 5.471338550309312e-8 5.465942047089198e-8 
4.6  0.4977139245625462 0.4971761491931649 0.0024906204272433924 0.0024879286212313645 6.425622035792599e-5 6.418672663474325e-5 1.351982605688229e-6 1.3505132733863006e-6 6.317528934918021e-8 6.310675629775171e-8 5.2761267237184916e-8 5.27096309792734e-8 
4.7  0.49771945813070106 0.4971769938926897 0.002488454669168604 0.0024857483755354 6.326962213450303e-5 6.320078450785319e-5 1.3240880040234184e-6 1.3226457169405228e-6 6.301032148778348e-8 6.293043299814965e-8 5.094714703439428e-8 5.090364145893755e-8 
4.8  0.4977195698641659 0.4971830055547825 0.0024863481209255744 0.002483674931096247 6.232550636731277e-5 6.225846483393751e-5 1.2974544453807543e-6 1.2960586183853005e-6 6.283620856433098e-8 6.275690361069363e-8 4.92431505289387e-8 4.9208502420384345e-8 
4.9  0.49772397547055736 0.4971844966717091 0.0024843366154339687 0.0024816504821254083 6.142206771067844e-5 6.13556142566193e-5 1.2719797012747233e-6 1.2706010719696322e-6 6.266426559939242e-8 6.258484003929706e-8 4.764531633511248e-8 4.760301323447122e-8 
5.0  0.49772622979382986 0.4971879262163841 0.0024823838846926723 0.002479702518048771 6.0555999780796466e-5 6.049048130637782e-5 1.2476519536452244e-6 1.2462908993690181e-6 6.250413892006569e-8 6.242530638158423e-8 4.6134855522637843e-8 4.6098803885547484e-8 
