#mmax= 10
#m-states: all states (FBR)
#Nr. of sites: 45
 
0.0  1.0 
0.1  0.9968287801841982 0.00255563798742683 0.000615325150483569 1.5713588877972443e-7 9.954200426434503e-8 
0.2  0.986674555552431 0.010979877525845073 0.002339783879897559 2.776052636617319e-6 1.703811194165098e-6 1.303177995476349e-6 
0.3  0.9667267185994851 0.028454564583907556 0.004766752043604785 2.3672761964598953e-5 1.7555960467058202e-5 1.0198636365770925e-5 2.3225787395452792e-7 1.850142870331858e-7 1.1042440523934481e-7 9.71764020157675e-9 
0.4  0.925419359980333 0.06707222366614138 0.007010900345191988 0.00033477946259920363 9.907004323851277e-5 5.343463543134827e-5 5.194293989033113e-6 3.1073308611723533e-6 1.3462463495118097e-6 4.5117317323748936e-7 6.605937171249721e-8 4.1816443232336605e-8 2.4946877125451375e-8 
0.41  0.9185019934089897 0.07368482496889829 0.007159839024198243 0.0004506439227826212 0.00012279465255313148 6.53376445040273e-5 7.263549647456673e-6 4.043553156074451e-6 2.4721194171685782e-6 5.102611104481005e-7 9.93022400341818e-8 7.100354236527558e-8 5.588364402203142e-8 3.4618374071744464e-8 1.6086940838108467e-8 
0.42  0.9105146570120994 0.08132870707820004 0.007280923239654424 0.0006179926081157038 0.0001556742890682342 8.127834170843483e-5 1.0166521726320604e-5 5.23714850510257e-6 4.386827645272118e-6 5.481133000375635e-7 1.5476245020682174e-7 1.3874932228155528e-7 7.54010381740208e-8 5.4294907216528446e-8 5.612263435212086e-9 
0.43  0.9011310396658473 0.09030660391198288 0.007368487388440476 0.0008582142720263146 0.00020297563128870275 0.00010329730392400932 1.4146537487331264e-5 7.115027844000479e-6 6.757133345333622e-6 6.567303339242666e-7 2.421038695905731e-7 2.293023357925135e-7 1.0236668824996615e-7 8.67246743774115e-8 2.5756592353056725e-8 1.2670814768365831e-8 7.472506033548184e-9 
0.44  0.8897471963549995 0.10116116025817475 0.007412119991349577 0.0012256921288118885 0.000275942041410639 0.00013517559714354625 1.9985896474318888e-5 1.2082616590744285e-5 8.726714046965506e-6 7.583521657551886e-7 4.4206457680829925e-7 3.5355883459614227e-7 1.4780883240135417e-7 1.4392089797053967e-7 2.9717588037556557e-8 2.3715060817029224e-8 1.0934367322331678e-8 8.328675876224823e-9 
0.45  0.8753758649615047 0.1147652945297 0.0073971393315631385 0.0018134392639082432 0.0003979458519875521 0.0001838916906788423 2.8908244262500104e-5 2.3083422637139355e-5 1.1276519825102566e-5 9.742748713421544e-7 9.1454604617078e-7 6.15147772943351e-7 2.7660231916730444e-7 1.938507086536184e-7 6.194081198352672e-8 5.563562608690382e-8 3.399383716276259e-8 1.675812322034308e-8 1.3433818017360214e-8 
0.46  0.8563977357077835 0.13258201262041583 0.007301248491179918 0.0027425629626416444 0.000613871614994786 0.0002622998357941298 4.1197283121522075e-5 3.953403859263485e-5 1.444651553938744e-5 1.7808959247607328e-6 1.195221359628018e-6 1.0436010462471884e-6 4.7587937122824927e-7 2.521304331898533e-7 1.3231477719297696e-7 1.2260699705666822e-7 3.782702410638047e-8 2.6831917332656773e-8 2.3621085764647304e-8 
0.47  0.8300614040286554 0.15713219251988447 0.007089358686911069 0.004161586580721528 0.0010135848245130309 0.0003945527969229369 6.328780243054007e-5 5.741635345595573e-5 1.812397720811447e-5 3.131827211619932e-6 1.828598800896884e-6 1.7572163643615377e-6 7.583474609028623e-7 3.226647129362206e-7 3.063331927378035e-7 2.32817869029944e-7 5.775301573620656e-8 4.706243759718235e-8 4.2102310568241616e-8 7.705922574494587e-9 
0.48  0.7927409118678905 0.1919950184337789 0.006718392017326604 0.006002438136311508 0.0017222592010645683 0.0006179514290389453 9.081953805456341e-5 7.611804207064584e-5 2.1591342004396432e-5 5.417652462859985e-6 3.2743274424377512e-6 2.8463818114927938e-6 1.0617809049891961e-6 6.996150688603098e-7 4.827845875360849e-7 3.433477260305741e-7 1.1986225421802452e-7 1.1786552201858448e-7 4.872427363010003e-8 4.383481129057283e-8 1.3229255023953214e-8 1.1982640455721383e-8 1.0954623935855568e-8 7.649077771348331e-9 
0.49  0.7421390069814096 0.24004212476805795 0.007657915770371096 0.006163726093193839 0.0027828545656792343 0.0009678803252865471 0.00010923740792784481 9.217084118849884e-5 2.3518568327481048e-5 7.743155089214339e-6 5.261864417783796e-6 4.682090352529049e-6 1.2214635206274594e-6 1.0613345496667373e-6 6.696684927073306e-7 3.4624919350267314e-7 2.156702718636312e-7 1.7209238116458897e-7 7.181474095236264e-8 5.91246760210763e-8 1.8640797925887565e-8 1.6064951317513357e-8 1.3251976135364465e-8 1.2193146244020228e-8 
0.5  0.6826357015480649 0.29801405915119855 0.008257840264844513 0.005482156135560558 0.0039202720677863016 0.001426892309638012 0.00011185269252245129 0.00010031539830260999 2.3032616649768837e-5 9.340227911327742e-6 7.267729779715807e-6 7.069715608060572e-6 1.1853582417833671e-6 1.1624816200073714e-6 7.785812212633957e-7 3.530708544255534e-7 2.8886638984919367e-7 1.9086008059977424e-7 9.43795849936139e-8 7.548700188400737e-8 2.0175494634413327e-8 1.7428236914086664e-8 1.5517402149833092e-8 1.267985374735611e-8 5.256149311254861e-9 
0.51  0.6261670422838982 0.3545408864331914 0.007687753069803712 0.004818321556151709 0.004637295299522272 0.0018980828342331534 0.00010115118117360515 9.781491474096472e-5 2.0833831488213225e-5 9.428849725323646e-6 9.253481495960922e-6 8.272405004875822e-6 1.0426582379414655e-6 9.473624729577517e-7 7.664359007511721e-7 4.0183878288520367e-7 2.656584221422279e-7 1.6939809035353279e-7 9.731506877993128e-8 9.403065097983925e-8 2.0126424044632926e-8 1.6677968397833004e-8 1.5661619594127788e-8 1.5490250792476487e-8 6.035731292287458e-9 5.169946361239253e-9 
0.52  0.5813331707280348 0.4004837068143992 0.0066091112175423825 0.004780699857393003 0.004277122771334157 0.002293670072552454 8.787316819830198e-5 8.600781678763731e-5 1.8289698172790123e-5 1.0722679340520166e-5 8.447684422209388e-6 8.04334295190654e-6 7.935993413398954e-7 7.059214081306775e-7 6.479882356567699e-7 3.9831124160288314e-7 2.1570520971109676e-7 1.2138412547731445e-7 1.0840215357200194e-7 8.508529208871939e-8 1.6310264148228248e-8 1.4864422802484282e-8 1.1976475361559946e-8 1.108028020032753e-8 3.5204221357600547e-9 
0.53  0.5502481184070116 0.43303082032196527 0.005537914226708642 0.004526304517049169 0.0038886094729485227 0.002577228339685994 7.521067607026357e-5 7.16152444256703e-5 1.618180269916972e-5 1.1457038250069545e-5 7.067569478678371e-6 7.040722919627817e-6 5.693180116338065e-7 5.100787283651921e-7 5.029204538885549e-7 3.534315595884689e-7 1.8323005164638205e-7 1.1660065129817134e-7 8.189080458852742e-8 6.576590655011952e-8 1.3378512796265364e-8 1.3167881512789759e-8 1.121286108482429e-8 1.0665364348649065e-8 
0.54  0.529838654680308 0.45484205868738015 0.0046548278031224985 0.004113897637686404 0.003621488499021192 0.0027659977078012816 6.332765159205802e-5 5.9958552078230886e-5 1.4623285593436831e-5 1.1721237114619773e-5 5.83889772826409e-6 5.724455420201279e-6 4.054622064367091e-7 3.7557297333707047e-7 3.7258309095035154e-7 2.9799874455491367e-7 1.5956531592698292e-7 1.1898735837151707e-7 5.594893866171168e-8 4.7929302300070066e-8 1.234911001566457e-8 1.1613239181710527e-8 1.0455879986407842e-8 9.337067882569562e-9 3.1019258509617805e-9 
0.55  0.5169813542227646 0.4689103184470216 0.003965199258992808 0.003677268327974049 0.003442210245291979 0.002883325021221183 5.348792198180642e-5 5.087882176810291e-5 1.3507440108102592e-5 1.1718254537354082e-5 4.691050234168276e-6 4.575952398606851e-6 2.916731726276966e-7 2.8136060081802417e-7 2.780865358833771e-7 2.502782695436601e-7 1.36552757323773e-7 1.1544423374782134e-7 3.75651932279955e-8 3.418512916162471e-8 1.1982489176312886e-8 1.1353025016943177e-8 8.57984127233908e-9 7.974461543791321e-9 
0.56  0.5088290517192566 0.4780733871133459 0.00342725743304715 0.0033188411409934377 0.0032744408543869843 0.0029548189276043524 4.56394847311469e-5 4.386484613213956e-5 1.269436089587767e-5 1.1588896577585662e-5 3.7163046722656773e-6 3.5574449801698485e-6 2.2492600596049556e-7 2.1444582828990677e-7 2.1414929044169334e-7 1.9944386478329388e-7 1.145396688135277e-7 1.0642540435196589e-7 2.5056403742899245e-8 1.396717278122174e-8 1.1341785001288614e-8 1.0991231603612905e-8 6.186720702058012e-9 
0.57  0.5037543957914121 0.4839856509593937 0.0032334348683425843 0.0030023368578389626 0.0029954124530111753 0.002920804665016986 3.954150519104524e-5 3.833577914633712e-5 1.209436350290937e-5 1.1406104772021937e-5 2.8662651168639796e-6 2.7986630750382867e-6 1.9201431546716018e-7 1.9139091355988669e-7 1.5559775392683348e-7 1.5160311604456752e-7 9.466401395682249e-8 9.233435790011307e-8 1.1448437043370641e-8 1.1177198342452054e-8 1.0821924088198184e-8 1.0672152501585006e-8 
0.58  0.500613373304833 0.48782315953628524 0.003172673338103205 0.003016311224008349 0.00266070772043306 0.0026168028445242345 3.482408576084887e-5 3.403441838358552e-5 1.1636278818785397e-5 1.120412850563915e-5 2.2613565250307636e-6 2.223807975444101e-6 1.7652682909283618e-7 1.7403813638315792e-7 1.21365607051774e-7 1.195920771447774e-7 7.781617759699296e-8 7.745066722302481e-8 1.0488600551474684e-8 1.048477781568065e-8 1.0343437449466945e-8 9.849534203559301e-9 
0.59  0.4986505298138453 0.49037149518518197 0.0031279043982283218 0.003025080973613061 0.0023802058286584 0.0023565584242164904 3.107920731727659e-5 3.0580772217670046e-5 1.1273930476456466e-5 1.1001042388854286e-5 1.8102918997206484e-6 1.7879259366712572e-6 1.6618596240872394e-7 1.6355745517071403e-7 9.796814561529989e-8 9.706158596102978e-8 6.440214347677057e-8 6.414814180977423e-8 1.0001654003781479e-8 9.910154757774809e-9 9.661851229227778e-9 9.308926172945204e-9 
0.6  0.4974782836093254 0.492039923827393 0.0030942256953685535 0.00302588560426448 0.002146799828144224 0.0021338413382784387 2.8030010200401597e-5 2.7713997007443666e-5 1.0979876912562561e-5 1.0805402835288162e-5 1.4519832356254575e-6 1.4390797435074157e-6 1.5865232669493233e-7 1.5645946343479487e-7 8.074778311391705e-8 8.025877260154868e-8 5.3658339638354035e-8 5.340332465179169e-8 9.499695959291163e-9 9.442618240739859e-9 8.936291221408228e-9 8.688674002628971e-9 
0.7  0.4987681051665932 0.49328628172409283 0.0029615746790577564 0.002928955827069876 0.001010013785937588 0.000998765828873602 1.3481760938596808e-5 1.3293807044064352e-5 9.441080939431892e-6 9.337540279456054e-6 2.1442194020136443e-7 1.9273216073557146e-7 1.2671250304335e-7 1.2409343632193787e-7 2.66793368958914e-8 2.3126238885951803e-8 2.0661533816339772e-8 2.037202594010237e-8 
0.8  0.4979416283616042 0.49503347058214947 0.0028833065962652507 0.0028664639242341593 0.0006229301475301276 0.000619321651810567 8.492001530477884e-6 8.442529428249215e-6 7.791797316209768e-6 7.751125031916228e-6 1.1255930178797585e-7 1.1186754939568601e-7 5.264290142943698e-8 5.240759566867531e-8 1.9371171508663892e-8 1.902064440611113e-8 1.6767693700756336e-8 1.6646239579742157e-8 
0.9  0.5045196919315653 0.48891549481013874 0.0028686114628326577 0.0027798840972512663 0.00045247804732804147 0.0004385000789914121 7.820405190400797e-6 7.578777901855022e-6 4.882179785296577e-6 4.734143806480415e-6 1.0580457461242501e-7 1.0253203385248888e-7 2.6231093235998353e-8 2.5584051529510364e-8 1.9418652786615693e-8 1.8765313035076495e-8 1.3071286601677055e-8 1.265820791282623e-8 
1.0  0.5062545810530947 0.48745671361975007 0.002837578939061192 0.0027320125339931754 0.0003559466249223625 0.0003426402901559021 7.151838256323124e-6 6.879792750132265e-6 3.170167729780903e-6 3.049009322483815e-6 1.0016138138959941e-7 9.220667557974674e-8 1.9233767698676904e-8 1.8610857011151408e-8 1.8457261477110592e-8 1.7345908863820233e-8 1.0115112284299759e-8 
1.1  0.5060761028027858 0.48782127380285617 0.00280338352937093 0.0027022800407491593 0.00029517526017305823 0.00028453249344968925 6.523960535203506e-6 6.288778261578896e-6 2.1355363972222063e-6 2.059032951945209e-6 9.163024576567314e-8 8.833075120833982e-8 1.865396137408136e-8 1.7983639749024378e-8 1.4331115173830196e-8 1.3832755683270812e-8 
1.2  0.5035744462819389 0.49045867423823797 0.0027621653260499197 0.002690229852459815 0.00025307924118952313 0.000246487717010844 5.944539674417962e-6 5.7897309494983825e-6 1.4953693188662877e-6 1.456384569446533e-6 8.789368636423811e-8 8.560993567796336e-8 1.7817758841625496e-8 1.7357167427570623e-8 1.1474023940746123e-8 1.116603146652294e-8 
1.3  0.506650758242002 0.4874871438774994 0.0027556516772272786 0.002651419553288215 0.00022519106903373442 0.0002166728017428905 5.494269961617309e-6 5.286435049177475e-6 1.1020447571685958e-6 1.0603500160005556e-6 8.576919110422962e-8 8.25209945648512e-8 1.6981868807301934e-8 1.634830455446248e-8 9.192239306302386e-9 8.866825734208244e-9 
1.4  0.5057446141299983 0.4884774534727883 0.002730578016420596 0.002637349836759648 0.00020256331059528927 0.00019564689016000273 5.056510173137663e-6 4.884003958580849e-6 8.36539509663564e-7 8.080014793900604e-7 8.338400063500786e-8 8.053889415970967e-8 1.5896266783470683e-8 1.5356538367862304e-8 7.292388798176347e-9 6.82006941486206e-9 
1.5  0.5067090469922717 0.4875828529012174 0.002718098153590222 0.0026154812846707607 0.00018543845382952594 0.0001784179753511313 4.687674544875601e-6 4.5090172893385615e-6 6.535625748977969e-7 6.202730104344805e-7 8.159507004859004e-8 7.850097424072363e-8 1.4810271899524698e-8 1.4200530230611885e-8 4.604804801363427e-9 
1.6  0.5064271188955911 0.4879235380648235 0.002701067065242885 0.0026024082241768907 0.00017117949774624497 0.00016492165596791492 4.35330592134261e-6 4.193517551271969e-6 5.274626822821297e-7 5.050866386549239e-7 7.993902114907733e-8 7.7016187090802e-8 1.3611486676940979e-8 1.3157567334923733e-8 3.4993984292031967e-9 
1.7  0.5062359876033856 0.4881653864052014 0.00268621530347012 0.0025903511033487548 0.00015937584131984998 0.00015368847757545642 4.057644860328403e-6 3.912934729008919e-6 4.3065339076422444e-7 4.1531776346957725e-7 7.845216575249508e-8 7.56597234766812e-8 1.2523595391601846e-8 1.2079473351874548e-8 
1.8  0.5071942566636746 0.48725129466351197 0.002678899184950351 0.002573559406288953 0.00014976148331362577 0.00014387229395645482 3.8064480605255064e-6 3.656742472098205e-6 3.66651888640131e-7 3.5221634990015155e-7 7.735035882006649e-8 7.430627038749931e-8 1.1505728235600045e-8 1.1083176274229442e-8 
1.9  0.5078636988373704 0.4866207838031661 0.002671219752494309 0.002559524895834283 0.00014144069163279298 0.0001355274990513515 3.581121752524821e-6 3.4315559104091663e-6 3.1739994021006784e-7 3.041778974991396e-7 7.633274797625362e-8 7.315887473667611e-8 1.0613397024212704e-8 1.015993347639679e-8 
2.0  0.5078134873870838 0.48670579812567316 0.0026607521736813867 0.0025501537782282686 0.00013402848859876313 0.00012845737525325515 3.375603088142843e-6 3.235285340058668e-6 2.7837123085031873e-7 2.6679924577172245e-7 7.533313663435602e-8 7.220096447010043e-8 9.742419268016178e-9 9.336056615366028e-9 
2.1  0.5081349264464796 0.486415568142438 0.002653116575729974 0.002539719866270687 0.00012761227784831262 0.00012215798106701687 3.1939590176500242e-6 3.0574705751170456e-6 2.472820267350483e-7 2.3671366567218532e-7 7.447156154241622e-8 7.12919259410922e-8 8.948654439210239e-9 8.572739315007933e-9 
2.2  0.5078225036223717 0.4867562428515549 0.0026429393880949325 0.0025332893401895664 0.00012177716171354065 0.00011672485269585184 3.0270292377534066e-6 2.9014207362079725e-6 2.2162810530743721e-7 2.1243059305720666e-7 7.361398034097655e-8 7.055246528368004e-8 8.229305952042922e-9 7.87895887231421e-9 
2.3  0.5082125823891952 0.4863918500196415 0.00263708574044403 0.002523855252417983 0.0001167256499336597 0.0001117136816787639 2.8803936423758505e-6 2.7567075571201465e-6 2.0061711951105392e-7 1.9200187772371634e-7 7.292429545200968e-8 6.978981375347223e-8 7.581657544656215e-9 7.250726845575149e-9 
2.4  0.5084533140895646 0.4861745997165621 0.0026310473281823364 0.002515761515948626 0.00011215303710732394 0.00010723847834708517 2.7467453544459517e-6 2.6263296069337714e-6 1.8287980779596117e-7 1.7485804366647584e-7 7.227035602537787e-8 6.910191231205085e-8 6.987613867518757e-9 6.661596376330071e-9 
2.5  0.5083060252495755 0.48634355551418657 0.0026235135356070544 0.0025101271964673316 0.00010793372491603563 0.00010325807580440443 2.6212996649432545e-6 2.494196786929832e-6 1.673138355976642e-7 1.5766298214370183e-7 7.161173003925296e-8 6.843985101520407e-8 6.178594687869007e-9 
2.6  0.5081396761030484 0.4865298145616193 0.0026163551507840726 0.0025050596307165125 0.00010409474679749926 9.965729272395244e-5 2.508285170459176e-6 2.3900216523533967e-6 1.5413954486216574e-7 1.4549178771881152e-7 7.101829546287793e-8 6.792787464345008e-8 5.629987518338227e-9 
2.7  0.5080858679967325 0.48660208476228417 0.0026101730892723126 0.00249979998289395 0.00010060671514212482 9.63472508729158e-5 2.4046285179306137e-6 2.2948526389879997e-6 1.4263430278353834e-7 1.3500445920300802e-7 7.04723832381013e-8 6.745163154541085e-8 5.158870808530996e-9 
2.8  0.5077915153315462 0.4869135664187534 0.0026031630808945804 0.0024961214326282783 9.736219555153854e-5 9.335519431588481e-5 2.308406301732311e-6 2.2081234896092908e-6 1.3248419548862475e-7 1.257125424411395e-7 6.990883551739833e-8 6.701500339507432e-8 4.695942665524339e-9 
2.9  0.507573993784531 0.4871470854284661 0.0025968661779971138 0.0024923527688024 9.438735788582699e-5 9.05851257545143e-5 2.220190968899304e-6 2.127776997579941e-6 1.2323339564265063e-7 1.178107933543702e-7 6.942078078057605e-8 6.660234155922261e-8 4.321287015680827e-9 
3.0  0.5076297079194556 0.4871063073413027 0.002592288056237042 0.002487475962754985 9.168694982299326e-5 8.797616911970373e-5 2.1421986464880417e-6 2.050239635069075e-6 1.1585051716897397e-7 1.1004303866986921e-7 6.898859025077823e-8 6.618047421877679e-8 4.100408183909266e-9 
3.1  0.5075964010245922 0.48715362533640116 0.0025875216749087337 0.0024833136512023663 8.916575693768865e-5 8.557367210651232e-5 2.067720433432883e-6 1.980592962565342e-6 1.0882490309708333e-7 1.0354989598807313e-7 6.857473433486921e-8 6.579963321191794e-8 3.821290097699824e-9 
3.2  0.5076195087172236 0.48714371703792203 0.0025832739970883677 0.002479110284503951 8.682776430272392e-5 8.332616282696538e-5 1.9924141019704977e-6 1.9117315453430685e-6 1.0114201713574165e-7 9.702494796644286e-8 6.824756450592908e-8 6.547595555280869e-8 
3.3  0.5075916910458822 0.4871838687484488 0.0025790674061896856 0.002475387438031322 8.464454708256272e-5 8.124064584536928e-5 1.9290862180179987e-6 1.8508967969528184e-6 9.558223680431764e-8 9.166095153186334e-8 6.787865052064692e-8 6.506366745142965e-8 
3.4  0.5076033452577279 0.48718397861965984 0.0025752035636559985 0.0024716126558112597 8.260532538386269e-5 7.928245348357849e-5 1.8689838069235026e-6 1.793806338305628e-6 9.038289155729634e-8 8.675619530087938e-8 6.745782201288905e-8 6.473722400814111e-8 
3.5  0.5075849894277045 0.48721334804955263 0.0025714237335806587 0.002468235071603656 8.06935764840455e-5 7.745573948193819e-5 1.8136886299724811e-6 1.7409356232733192e-6 8.579550396269124e-8 8.237235778435935e-8 6.718263275936537e-8 6.442684529081128e-8 
3.6  0.5075679124213092 0.48724091300308636 0.002567808443395063 0.0024649869084165904 7.889706216373842e-5 7.573809673809891e-5 1.761799321727111e-6 1.6912770053115937e-6 8.16082131051108e-8 7.836409800706731e-8 6.687590994966638e-8 6.414034331074156e-8 
3.7  0.5075474569552757 0.4872713209411489 0.0025643422985181137 0.0024619114919742853 7.720578524921024e-5 7.412207820065951e-5 1.7129850032569528e-6 1.6445812321529015e-6 7.775976362915581e-8 7.467663716255819e-8 6.65815551430033e-8 6.386544074543364e-8 
3.8  0.5075539363471346 0.48727430196933397 0.0025611652114766654 0.0024588443187930904 7.56149508287275e-5 7.259425539540852e-5 1.6670745617249558e-6 1.6004905242218836e-6 7.421370041784113e-8 7.126868004038189e-8 6.630297972032959e-8 6.359658993099248e-8 
3.9  0.507556468766979 0.48728076513926266 0.002558121265618736 0.0024559301005137343 7.41120818337571e-5 7.115148882189157e-5 1.6238110451232746e-6 1.558948033111703e-6 7.094893828732902e-8 6.813133780321403e-8 6.597674034087513e-8 6.334087447663403e-8 
4.0  0.5075557682246669 0.48729005651122065 0.002555179380752603 0.002453155691807105 7.26889295216499e-5 6.97865926947317e-5 1.5829387651842617e-6 1.5197367465756814e-6 6.793433591745998e-8 6.572445793604399e-8 6.523506004187176e-8 6.309997144912239e-8 
4.1  0.5075589838488718 0.48729504016340836 0.002552380913803858 0.002450478408223219 7.134090587461252e-5 6.849264189525823e-5 1.544352722705765e-6 1.4826958833128419e-6 6.54887728630743e-8 6.515109037149733e-8 6.287398138219252e-8 6.255547164863378e-8 
4.2  0.507559169635029 0.4873027087763656 0.002549669150821138 0.002447922432045363 7.006009223681023e-5 6.726421627699876e-5 1.5076709733046776e-6 1.4475053819100768e-6 6.526634153915593e-8 6.264846473374211e-8 6.254631823169427e-8 6.005974503286354e-8 
4.3  0.5075615652983437 0.4873078010163921 0.0025470998907723315 0.0024454596099503503 6.884425084006742e-5 6.609702270382523e-5 1.4731383369623142e-6 1.414348770829468e-6 6.505141150670166e-8 6.245529952995037e-8 6.015465553890222e-8 5.7762524072631434e-8 
4.4  0.5075542796249679 0.4873222908973472 0.0025445578458288074 0.002443137607588488 6.768426136966525e-5 6.498649828868228e-5 1.4400456436402284e-6 1.3826515466531616e-6 6.483528693704355e-8 6.224653042931091e-8 5.7892101861240207e-8 5.5593500536852064e-8 
4.5  0.5075599698668452 0.4873234951875826 0.002542189812288446 0.002440840645918075 6.65808650421668e-5 6.392644360291828e-5 1.4086508602491787e-6 1.3524909007054687e-6 6.463874824872195e-8 6.20492131697576e-8 5.578390999045318e-8 5.356508872889507e-8 
4.6  0.5075569824593031 0.48733310387788603 0.002539865589429265 0.0024386702662630914 6.55270473750691e-5 6.291620013199945e-5 1.3788378165572268e-6 1.3238976982540778e-6 6.445024584122086e-8 6.187099504251953e-8 5.3820087621686104e-8 5.1682770102593e-8 
4.7  0.5075625922808278 0.48733386010589375 0.0025376671586021023 0.002436535092189881 6.452101815814792e-5 6.19496514496216e-5 1.3503438678739595e-6 1.296527190388805e-6 6.426072555803043e-8 6.168944934003862e-8 5.196540370642484e-8 4.990624163779844e-8 
4.8  0.5075601805079891 0.4873423952453268 0.0025355077552250195 0.0024345146787329206 6.35579272226352e-5 6.1026202982563166e-5 1.3231624758859323e-6 1.2704459345100772e-6 6.408285808050436e-8 6.151884715419204e-8 5.0231867690944426e-8 4.824053772375891e-8 
4.9  0.5075586814175564 0.48734979131372547 0.0025334267055405818 0.0024325598743131123 6.263578214589593e-5 6.014184480938097e-5 1.2971130995230662e-6 1.2454531731445346e-6 6.390186157228268e-8 6.134623708988637e-8 4.858885243132599e-8 4.665868751282806e-8 
5.0  0.5075570216607609 0.48735713402912556 0.002531414299197981 0.002430672492853928 6.175206322252586e-5 5.929440942035626e-5 1.2722700382445029e-6 1.221622560730321e-6 6.37357893648446e-8 6.118766501405275e-8 4.704902873526116e-8 4.518033904251158e-8 
