#mmax= 5
#m-states: all states (FBR)
#Nr. of sites: 35
 
0.0  1.0 
0.1  0.9968294406510912 0.0025549305618901555 0.0006153721534345289 1.5709774836186352e-7 9.953583546939008e-8 
0.2  0.9867309397778555 0.010920507530680577 0.0023431085735918303 2.749807202715572e-6 1.6934116511776814e-6 9.877252490512723e-7 1.3173769472565477e-8 
0.3  0.9675934276283309 0.027561977469193817 0.0048067264902697995 1.6345219367577848e-5 1.1521600900189418e-5 9.688202841802062e-6 1.1178462679068469e-7 1.0259870468795086e-7 9.900576462534854e-8 
0.4  0.934020380392903 0.05850227166368695 0.0073025072686865285 6.74511277997482e-5 6.639461622748651e-5 3.8602953139017806e-5 9.223264719418e-7 9.220371199647719e-7 4.5286000080837896e-7 5.0514865754670125e-8 2.3014121981882024e-8 2.1224976710824728e-8 
0.41  0.929418990206386 0.06286659327634546 0.007512990228215246 7.885287273832979e-5 7.5681231345925e-5 4.4051265933554815e-5 1.1114200477549743e-6 1.1111743009350596e-6 5.021830171322788e-7 6.352589181051406e-8 2.8143984600552658e-8 2.4471794041596358e-8 
0.42  0.9244999885704009 0.06755768745523642 0.007710453506470939 9.198624918565358e-5 8.622226950935357e-5 5.028728280885959e-5 1.3378696198406242e-6 1.3315602111427154e-6 5.542741348621463e-7 8.124995652812479e-8 3.4338426142178454e-8 2.8077596048099476e-8 7.296442932038295e-9 
0.43  0.9192246934689459 0.07261562587741703 0.007892969993431014 0.00010707601533501676 9.820519940371382e-5 5.74496483249442e-5 1.5993359219509796e-6 1.5863779694685657e-6 6.101605866155307e-7 1.0168417026438546e-7 4.183459654995862e-8 3.1960251823410595e-8 8.443645575320227e-9 
0.44  0.9135397974983668 0.07809535685816885 0.008058008136571508 0.00012453325386837372 0.0001118957286459539 6.57298102351703e-5 1.9059657594492684e-6 1.8807498190720264e-6 6.681986573853464e-7 1.2724595688315043e-7 5.071735711129662e-8 3.6080368370984246e-8 9.75622525483402e-9 
0.45  0.9073838912580273 0.0840598812093823 0.008203009480419687 0.00014476354086504902 0.0001276034145944835 7.536434995830828e-5 2.265160264878658e-6 2.219288415165626e-6 7.29779578892448e-7 1.5946652107583887e-7 6.127050196627466e-8 4.0485627605904465e-8 1.1295843224970429e-8 
0.46  0.9006716505860898 0.09059647946494766 0.008324736795044071 0.00016825522530557362 0.00014575997279031523 8.667154382342948e-5 2.6907198572218827e-6 2.605916313714153e-6 8.07024832338377e-7 2.005289300279147e-7 7.427449722860741e-8 4.532691502401944e-8 1.329436688564022e-8 9.326286301286763e-9 
0.47  0.8932790745288769 0.09783200864924788 0.00841860585083542 0.00019576084461252105 0.00016691605181626737 0.00010010929036772948 3.1830083077661227e-6 3.0470407906286117e-6 8.77272244211198e-7 2.5234009167014214e-7 8.92013895952972e-8 5.0069087515070076e-8 1.520653635982354e-8 1.064579559615679e-8 
0.48  0.8850798955754537 0.10589586778172078 0.008480139914413628 0.00022747714622336953 0.00019166021944419517 0.0001162120943030065 3.7448529840815795e-6 3.540204040495531e-6 9.533856389923345e-7 3.177378783668753e-7 1.0678404546787803e-7 5.489445621969143e-8 1.724963557112319e-8 1.215976217783154e-8 
0.49  0.8759471793362613 0.11491876289598593 0.008504750173159208 0.00026311085073881993 0.0002205053968794919 0.0001355947177620348 4.36371880174267e-6 4.076439992204925e-6 1.0366804390330907e-6 3.996436590071984e-7 1.272152778753949e-7 5.969371666971517e-8 1.9335658085133427e-8 1.390166877187487e-8 
0.5  0.865897305072381 0.12488732792869449 0.008491920806626427 0.0003002172649503477 0.00025317170878931755 0.00015856826476378857 4.9885034777466794e-6 4.623295071659375e-6 1.1285052993865574e-6 4.979617594853608e-7 1.4935381228141276e-7 6.429757939848683e-8 2.1200717515607485e-8 1.583607690907928e-8 
0.51  0.8551511459685454 0.1355806823189584 0.008447190836516997 0.00033495962693918407 0.00028833131398683367 0.00018487382278350187 5.555122208204144e-6 5.1395577590763554e-6 1.2294840846900088e-6 6.098772940198509e-7 1.726152087133407e-7 6.875466078202854e-8 2.2774559458184343e-8 1.7926494750150275e-8 
0.52  0.8440830392476355 0.1466206452663308 0.008380900624389438 0.0003637749363868084 0.0003239641647579022 0.00021368993699202716 6.014052349963816e-6 5.591456826349177e-6 1.3386806734538539e-6 7.301090712747004e-7 1.9466875499041648e-7 7.302586234200277e-8 2.3838389266877324e-8 1.9991579614069925e-8 
0.53  0.8329969614705685 0.15769798986897857 0.00830184099229443 0.000385495557271319 0.0003585131385114385 0.0002442192937770213 6.359192538392416e-6 5.9740016754501e-6 1.4522365580104362e-6 8.551168559583541e-7 2.153842832162513e-7 7.699923337630972e-8 2.4760364556735058e-8 2.198708934384688e-8 
0.54  0.8221641356010589 0.16853570003176205 0.00821814485694848 0.00039987337747546 0.0003907332416238606 0.0002756197999274079 6.593642051803381e-6 6.284034541520679e-6 1.5716304015279575e-6 9.799251075961772e-7 2.3383942846227516e-7 8.108977457880884e-8 2.5128094970829604e-8 2.3801802650241614e-8 
0.55  0.8116295842715092 0.17908560863394526 0.008131621825666745 0.00042048005390734174 0.0004085341559446295 0.000307674136740472 6.752029900458136e-6 6.5498251137987244e-6 1.6940665497756635e-6 1.1044517698549737e-6 2.5440441003566126e-7 8.53896038515151e-8 2.5567233027480788e-8 2.5310905270558483e-8 5.876799947024024e-9 
0.56  0.8014590888293889 0.1892791925777017 0.00804459768048427 0.00044754431833092956 0.00041245985689472787 0.00034005857748611276 6.836423937344195e-6 6.759112303364624e-6 1.817947443524155e-6 1.2272464132252222e-6 2.693925097071686e-7 8.935699084510245e-8 2.7065367427554825e-8 2.5477402795733362e-8 6.137345386959003e-9 
0.57  0.7916311556614597 0.1991365777495479 0.007956972621148315 0.0004721122671545762 0.0004129026711248983 0.0003727494523223293 6.932186137726916e-6 6.8698874182057426e-6 1.9433287515951443e-6 1.3480557408088737e-6 2.8262923207805393e-7 9.322955546275167e-8 2.837803670722819e-8 2.547537859589797e-8 6.406990607396966e-9 
0.58  0.7821394665083294 0.20866283481328846 0.007869057178767524 0.0004943117073131216 0.0004107262607589061 0.00040567363039772936 7.075785748327769e-6 6.864240848263842e-6 2.0701764768210806e-6 1.4666473599708666e-6 2.944235892225749e-7 9.705829518631074e-8 2.9534287033987915e-8 2.5392260077968172e-8 6.642279662916614e-9 
0.59  0.7729771610997865 0.21786385366540478 0.00778111818430627 0.0005142657586494771 0.00043876187935854277 0.00040656820494582176 7.194699266587015e-6 6.827270559197198e-6 2.198103152040093e-6 1.5826573053272121e-6 3.049316331438512e-7 1.0084970048393352e-7 3.054911506183998e-8 2.5267327878181812e-8 6.879489353172829e-9 
0.6  0.764135468174931 0.22674762333191584 0.007693354330888981 0.0005321062869824313 0.0004719553979700355 0.00040092990634775277 7.29261188140256e-6 6.765166725506172e-6 2.3267087704978613e-6 1.6956101599842915e-6 3.142643730426104e-7 1.0458781526180048e-7 3.143119475946629e-8 2.5090253117430844e-8 7.099790395318802e-9 
0.7  0.6915444777308346 0.29983272010918915 0.006864453125373145 0.0007986686919829577 0.0006212282219364207 0.00031862371616281246 7.5664167724457015e-6 5.512031237799466e-6 3.5918285726384815e-6 2.5907179806253102e-6 3.630795086874243e-7 1.3837835288505885e-7 3.4620753253729196e-8 2.2438662992286265e-8 8.89267982351047e-9 
0.8  0.6415195911138061 0.350328468230344 0.00617180294788618 0.0010959444096182713 0.0006162079234070121 0.00024832950058698857 7.225355358179327e-6 4.708852605720751e-6 4.126230636035395e-6 2.9900163777213025e-6 3.708347655687748e-7 1.6618644812365076e-7 3.26872553285666e-8 2.0008963993421253e-8 1.0227917906801689e-8 5.474022948116631e-9 
0.9  0.6065880519664232 0.3856475088068645 0.005615096621441466 0.001353132246865149 0.0005757795357150202 0.00020154499488283232 6.6773641402991e-6 5.606900814722289e-6 3.0229089112330612e-6 2.954180375229582e-6 3.644840522254178e-7 1.8892812244664752e-7 2.8885603246892337e-8 1.7456564767156607e-8 1.137201323076185e-8 7.172691253230652e-9 6.174519490726077e-9 
1.0  0.5816420590333562 0.4109033800659448 0.005168528176471306 0.0015710299929545882 0.0005256206109836664 0.00017152319216888836 6.26662929754259e-6 6.080391382611495e-6 2.6607248965948555e-6 2.2238833449028e-6 3.5269779891633097e-7 2.056998223044665e-7 2.492631057158542e-8 1.5031858219914694e-8 1.2108314153376551e-8 8.570849915772792e-9 8.264244219406917e-9 
1.1  0.5634065251214654 0.429387616872622 0.004807005578940292 0.0017541691949231341 0.00047584094532548965 0.0001520641547254562 6.708690594761786e-6 5.510475753020417e-6 2.268130884331211e-6 1.6659238921692915e-6 3.399624861911851e-7 2.184801591415722e-7 2.1358251354638854e-8 1.2799208054742104e-8 1.258125658889415e-8 1.0234185396620597e-8 9.495327582977586e-9 
1.2  0.5498235409468835 0.44317203536489175 0.0045120985039950245 0.0019073925233242463 0.00043011299160626603 0.00013908377065954594 6.967776261056671e-6 4.993644404819799e-6 1.8759396456235287e-6 1.2789788563961043e-6 3.2770803287754146e-7 2.2805185352873541e-7 1.8411908663605888e-8 1.2825741614368028e-8 1.1958776368052728e-8 1.0814769952274472e-8 9.788388601265903e-9 
1.3  0.5395209426029198 0.45364019958844065 0.004269000566955124 0.0020355512007014685 0.0003894089382452281 0.00013012645094646194 7.078003497909419e-6 4.540187028204506e-6 1.5301405323760685e-6 1.0095257292333636e-6 3.163831788277038e-7 2.3524149015861773e-7 1.639233492172815e-8 1.3370673298215323e-8 1.2889312738699485e-8 9.34921022245896e-9 9.168802955517467e-9 
1.4  0.5315906580746952 0.4617082838188122 0.004067025489858708 0.0021427613619579306 0.00035369466178767966 0.00012368652722646848 7.072453758091571e-6 4.148936004613437e-6 1.2438018006355682e-6 8.194234283666518e-7 3.064144601763187e-7 2.4061717377258337e-7 1.5114735375824874e-8 1.4387541480278809e-8 1.2786410746357383e-8 8.223705381093282e-9 7.906643458819513e-9 
1.5  0.5254033810188034 0.4680119157977747 0.0038976407187883196 0.002232603203493584 0.00032250807662751076 0.0001188617856993222 6.9797679265920705e-6 3.8147728126080286e-6 1.013966089275867e-6 6.828312982349894e-7 2.9759803815090977e-7 2.446205382535469e-7 1.5031939531075876e-8 1.4355654989508399e-8 1.2559766723171827e-8 7.090545249714808e-9 6.804203586918958e-9 
1.6  0.5205178498368854 0.4729969436457488 0.0037544894411501253 0.002308001968443342 0.00029529717315160403 0.00011507739973839188 6.820498664469261e-6 3.530266791572851e-6 8.254803227420808e-7 5.804945194675227e-7 2.8867963721413826e-7 2.475402404085721e-7 1.5313676461420705e-8 1.3309725753285302e-8 1.2201450466488512e-8 6.749854116041685e-9 
1.7  0.5166188589616576 0.4769817882707477 0.003632724532008485 0.002371398371530512 0.00027155416646170723 0.00011199571901908421 6.622356499693944e-6 3.289366770933272e-6 6.838252692357059e-7 5.058823514858089e-7 2.8231201622494405e-7 2.4956058808840476e-7 1.530845601212101e-8 1.2924969800799702e-8 1.1813614535944274e-8 6.628038497409084e-9 
1.8  0.5134788170779037 0.48019674963181364 0.0035284174053049283 0.0024247950527696706 0.00025076845036409883 0.00010937935743503418 6.39486032446457e-6 3.084840006531685e-6 5.722956718671213e-7 4.4873266619589676e-7 2.763720304531207e-7 2.5039357507323056e-7 1.506058154099099e-8 1.2489026999025299e-8 1.1389605931703007e-8 6.590919565020658e-9 
1.9  0.5109318136539237 0.482809715990892 0.0034385327247717177 0.0024698140168944115 0.00023252843485681076 0.00010707927647168349 6.150765724543873e-6 2.910712993183039e-6 4.843003427056806e-7 4.0420264516573686e-7 2.711132535005102e-7 2.5059136965772353e-7 1.461953333570781e-8 1.2043960033931815e-8 1.094335591878524e-8 6.6090122511613306e-9 
2.0  0.5088497415176602 0.48495035104656203 0.0033606317198713593 0.0025078108201689237 0.00021646384636708876 0.00010499888866005452 5.898498110721379e-6 2.761799947680188e-6 4.141401966259922e-7 3.684162565254976e-7 2.663519813514698e-7 2.502152509462484e-7 1.4035427114333101e-8 1.1580168894740709e-8 1.0487833131029743e-8 6.635537553485417e-9 
2.1  0.5071366535451837 0.4867157812637658 0.003292786350139099 0.002539908547171401 0.00020226798216152608 0.00010307463480940559 5.644646797952166e-6 2.633751693181903e-6 3.576975720333474e-7 3.3892541741685443e-7 2.620600636500355e-7 2.494287512958998e-7 1.3353065545500095e-8 1.1119610311423223e-8 1.0032618520081102e-8 6.661178687586775e-9 
2.2  0.505720617235088 0.48817875463343957 0.0032335733108464046 0.0025670469772875117 0.00018968069188959693 0.00010125649662985769 5.392988896224545e-6 2.5222782438796703e-6 3.1236569350321865e-7 3.105303893462944e-7 2.5652628361898923e-7 2.4448090816612173e-7 1.260648787515376e-8 9.573306809407829e-9 9.304609038779536e-9 
2.3  0.5045411871404655 0.4894006958023956 0.0031814386164116006 0.0025899986405414476 0.00017848188983541952 9.953342824224886e-5 5.148728718467172e-6 2.4257047691339017e-6 2.9082923205923157e-7 2.7349817009522396e-7 2.5288457301898856e-7 2.430551430420114e-7 1.1831270920859322e-8 9.13644932926626e-9 8.813781646016e-9 
2.4  0.5035556365009127 0.49042503215841887 0.003135333056259078 0.002609357448087385 0.00016847508658965742 9.78776192833348e-5 4.912876078643213e-6 2.3408841938701663e-6 2.7237586989654303e-7 2.4965257584227584e-7 2.426083167077915e-7 2.4157121622622686e-7 1.1059136694644653e-8 8.720248789440955e-9 8.382811661103887e-9 
2.5  0.5027273384246399 0.4912891137170177 0.003094229463089921 0.0026256144448887973 0.00015948883642470643 9.627691642419044e-5 4.6861081256234176e-6 2.2657835184101195e-6 2.5612309399791375e-7 2.465613990825513e-7 2.399484598220717e-7 2.169797213775651e-7 1.0319866573456862e-8 8.335530391564424e-9 8.037799531976732e-9 
2.6  0.5020343989885601 0.4920146414051355 0.0030578468695244216 0.0026393498008450375 0.00015142593726075445 9.472336170848052e-5 4.47091502489451e-6 2.1986978488609303e-6 2.438495184891954e-7 2.413595563987456e-7 2.3829896377497065e-7 1.9531624076109274e-7 9.585816278870407e-9 7.953142046927069e-9 7.66085464168475e-9 
2.7  0.5014524949617508 0.49262640759966125 0.0030254806363144097 0.0026509281377184598 0.00014416357153794706 9.32125842569312e-5 4.267362363403337e-6 2.138306065277366e-6 2.414434204202277e-7 2.367517279675551e-7 2.279186547161909e-7 1.7696740702073578e-7 8.878769100167816e-9 7.58556203726149e-9 7.2947900971233465e-9 
2.8  0.5009662041836735 0.49314064832985954 0.0029962611914479973 0.0026605411298511786 0.00013757460774523576 9.173940103429526e-5 4.074119324232895e-6 2.0834796310523877e-6 2.391351536709589e-7 2.3493550347102428e-7 2.1565514513571358e-7 1.6134823853497792e-7 8.230160216961088e-9 7.2421105254968805e-9 7.0111217894872605e-9 
2.9  0.5005460206724359 0.4935864796643002 0.0029701826227076923 0.0026686320991812875 0.0001316108452378997 9.030406720716908e-5 3.89274087902201e-6 2.0333273750404627e-6 2.370650691037926e-7 2.3344080366468034e-7 2.0430857464037546e-7 1.479307915467175e-7 7.610707538202574e-9 6.910741556427629e-9 6.693988015863735e-9 
3.0  0.5001930956862333 0.4939634353950823 0.0029465676666525875 0.0026752979734742397 0.00012617463816022342 8.890278510553147e-5 3.7216494500094034e-6 1.9870819414068672e-6 2.351608839657381e-7 2.317551294790703e-7 1.9379295875236765e-7 1.3632023490012558e-7 7.040607691785061e-9 6.594845742857435e-9 6.459240326279112e-9 
