#mmax= 10
#m-states: all states (FBR)
#Nr. of sites: 25

0.0  -0.0  0.0
0.1  -6.440597645969647  0.1598811029079602
0.2  -46.78965962818419  0.99999999983961
0.3  -79.5482833037034  0.6652748721158666
0.4  -168.9165876390668  0.8888148448219265
0.41  -168.78965962802383  1.0000000000000009
0.42  -170.78965962802383  0.9999999999999997
0.43  -121.23614283895304  0.6629629448966178
0.44  -169.48280680858377  0.7070714214274968
0.45  -224.80780955594162  0.9821766921887753
0.46  -170.78999503439672  0.9996646725798842
0.47  -220.78965962802383  1.0000000000000004
0.48  -218.9165876390668  0.8888148448219264
0.49  -222.825635927772  0.9649831449355
0.5  -286.7899950343967  0.9996646725798845
0.51  -223.48423559474966  0.7060627918427513
0.52  -228.79213531316154  0.9975301940623577
0.53  -286.9325912565237  0.874846089272618
0.54  -440.7896596280238  Inf
0.55  -222.7949386388161  0.9947405391766406
0.56  -276.7896596280238  1.000000000000001
0.57  -444.7896596280238  Inf
0.58  -290.7896596280238  0.9999999999999997
0.59  -274.7896596280238  0.9999999999999999
0.6  -438.79213531316157  Inf
0.7  -420.7896596280238  Inf
0.8  -412.7896596280238  Inf
0.9  -530.7896596280239  Inf
1.0  -355.0090212322239  Inf
1.1  -512.7896596280239  Inf
1.2  -600.7896596280239  Inf
1.3  -602.7896596280239  Inf
1.4  -Inf  NaN
1.5  -696.7896596280239  Inf
1.6  -614.7896596283027  Inf
1.7  -610.8078104830249  Inf
1.8  -606.7899950343967  Inf
1.9  -Inf  NaN
2.0  -610.7896596280616  Inf
2.1  -Inf  NaN
2.2  -Inf  NaN
2.3  -Inf  NaN
2.4  -Inf  NaN
2.5  -Inf  NaN
2.6  -Inf  NaN
2.7  -Inf  NaN
2.8  -Inf  NaN
2.9  -Inf  NaN
3.0  -Inf  NaN
3.1  -Inf  NaN
3.2  -Inf  NaN
3.3  -Inf  NaN
3.4  -Inf  NaN
3.5  -Inf  NaN
3.6  -Inf  NaN
3.7  -Inf  NaN
3.8  -Inf  NaN
3.9  -Inf  NaN
4.0  -Inf  NaN
4.1  -Inf  NaN
4.2  -Inf  NaN
4.3  -Inf  NaN
4.4  -Inf  NaN
4.5  -Inf  NaN
4.6  -Inf  NaN
4.7  -Inf  NaN
4.8  -Inf  NaN
4.9  -Inf  NaN
5.0  -Inf  NaN
