#mmax= 10
#m-states: all states (FBR)
#Nr. of sites: 25
 
0.0  1.0 
0.1  0.9968288553293223 0.0025555660274420512 0.0006153219058462697 1.5716771052264678e-7 9.95696764790002e-8 
0.2  0.9866743161050718 0.010980063746996309 0.002339832659654419 2.776562746810263e-6 1.7038020738801122e-6 1.3071234567988102e-6 
0.3  0.9667265369545938 0.028454760628407707 0.004766769329902806 2.366731548232108e-5 1.754474954053491e-5 1.019533254617315e-5 2.3019279318711828e-7 1.8492476283039225e-7 1.1057197041317848e-7 
0.4  0.9254623130923404 0.06703281788437117 0.007011692547788323 0.00033081716725757445 9.875062550654515e-5 5.331931451000869e-5 5.186569818548553e-6 3.081044307777467e-6 1.3986420901413269e-6 4.5204728914187827e-7 6.697595100993424e-8 4.1635421598301286e-8 3.7624301784600895e-8 2.4829047345926266e-8 
0.41  0.91861303075795 0.07358664874037465 0.0071617967196814115 0.0004380239964849613 0.00012173455889515446 6.499714279005926e-5 6.987827698816256e-6 3.950019826246847e-6 2.0886347078428478e-6 5.021260624270715e-7 9.43238516844197e-8 5.9261734752708734e-8 5.489363276002408e-8 3.099631102322394e-8 
0.42  0.9107601698687737 0.08111475377432975 0.0072850427204572046 0.0005878152090656449 0.000152873798940108 8.043850694439807e-5 9.495581298031589e-6 5.07575849404193e-6 3.3823642486292433e-6 5.700505644031072e-7 1.4148255229917176e-7 1.0276110586065848e-7 7.37311763198607e-8 4.5020174149178355e-8 1.9371877833424172e-8 
0.43  0.9016658086623187 0.08984419162863433 0.007376866480023802 0.0007907339096857693 0.00019573156577550347 0.00010117860512710204 1.2738661573477555e-5 6.421139754342055e-6 5.117542421549467e-6 6.459557660215289e-7 2.0527336124549535e-7 1.6532672070422316e-7 9.872701108477073e-8 6.552304632197687e-8 2.4222726344066345e-8 6.7760534306836314e-9 
0.44  0.8909792293826068 0.10010635602931534 0.007430681315649236 0.0010641632266690105 0.00025616641028083036 0.00012961189730187036 1.683139821551946e-5 8.009284709827485e-6 7.368413021541306e-6 7.469428643057603e-7 2.960019181566803e-7 2.5710452062702226e-7 1.3499735025095045e-7 9.385421616984553e-8 2.8123799207403213e-8 1.683665391310321e-8 8.780907592198944e-9 
0.45  0.8782032445946072 0.11237047247065216 0.007438050195447842 0.001431288519163401 0.0003432468762032215 0.00016941871821404502 2.1880106402075322e-5 1.0475263198860436e-5 9.833396042866508e-6 8.744197741963617e-7 4.323403441400936e-7 3.932338525474464e-7 1.7498297286860527e-7 1.3338226422258988e-7 3.174444050039143e-8 2.7850944494467213e-8 1.2474639654332634e-8 9.430835745949133e-9 
0.46  0.8627752470755982 0.12718344580016677 0.007389841447622353 0.0019009824240186265 0.0004684593698126504 0.00022549705029217248 2.765094568409557e-5 1.4292855412603821e-5 1.179281338477228e-5 1.0615769783939386e-6 6.32878087188151e-7 5.847646341023873e-7 2.1811957844855977e-7 1.8138632540415075e-7 4.6027821433736905e-8 3.509910948737232e-8 1.8078512403944324e-8 1.228696157041693e-8 
0.47  0.8439460850786342 0.14527731243363706 0.007275353933225584 0.0024777860104055107 0.0006477848183616466 0.000304909129183461 3.402275148251872e-5 1.9102559394488577e-5 1.379289812004682e-5 1.3475590407060254e-6 9.339318389910603e-7 8.836060409240719e-7 2.587338373536958e-7 2.396163226838054e-7 7.503991636382159e-8 4.1309398383430895e-8 3.8527849775009756e-8 1.743046559044296e-8 1.4632843824872629e-8 
0.48  0.821169189555846 0.16724169562483038 0.0070866749838110745 0.003111062821983129 0.0008919638546437136 0.0004148550804128405 4.01695755410679e-5 2.3645824002254987e-5 1.5602727910384404e-5 1.7744819751515461e-6 1.3283050397957415e-6 1.2018485527898961e-6 2.9175236921255044e-7 2.890469112298001e-7 1.1186305904436204e-7 6.010105285677468e-8 4.1592348528168597e-8 2.4029989238709244e-8 1.6929720217923062e-8 
0.49  0.794044060197557 0.1935445792353538 0.0068192687371713525 0.0037270889737017632 0.001205279730038909 0.0005627122273065449 4.5587118043144747e-5 2.764314763702585e-5 1.703875559245252e-5 2.38674750915711e-6 1.8115066874871777e-6 1.56348366505907e-6 3.3139117732035536e-7 3.055531833113075e-7 1.5489262108874757e-7 7.926089756134138e-8 4.469552029905643e-8 4.036391989141311e-8 1.7062559201726035e-8 6.919860131889839e-9 
0.5  0.7628779640007798 0.2239904432964384 0.00647886326134046 0.004222317073294999 0.001571412973480957 0.0007515844044429222 4.981124433366552e-5 3.10710963468837e-5 1.792795368597875e-5 3.190502346185301e-6 2.3562154565564767e-6 1.9708294575941507e-6 3.542437965192351e-7 3.0751031473462263e-7 1.9374147572493306e-7 1.0233287713832564e-7 5.552692868325628e-8 4.80786270607611e-8 1.7216374256044107e-8 8.498202311324668e-9 
0.51  0.7288748227142294 0.25749756148230785 0.006083667396751261 0.004504735986441759 0.0019475022037633496 0.0009773559600224975 5.2206791620556996e-5 3.340769956918574e-5 1.82106347576246e-5 4.160480335941797e-6 2.880783860818385e-6 2.317844491116739e-6 3.550474632480246e-7 2.978752930234595e-7 2.2271962801766146e-7 1.2345652142783393e-7 7.118006119590473e-8 5.370301289228785e-8 2.2010047713462358e-8 9.921649549505044e-9 7.967900612253526e-9 6.14027265998647e-9 
0.52  0.6941564372792759 0.2920212433689302 0.005664161118418407 0.004539922416748504 0.0022748480414920766 0.0012260821847295549 5.2644605551616154e-5 3.455332948186015e-5 1.7920528747905697e-5 5.2089000287532206e-6 3.258190497895573e-6 2.542433269863607e-6 3.355211694256334e-7 2.80600046557747e-7 2.3105297545692336e-7 1.3753230352864536e-7 8.436954229235985e-8 5.926746525547743e-8 2.3066234425995744e-8 1.0752350070346095e-8 8.413430507556587e-9 7.027310686096951e-9 
0.53  0.660630265404505 0.32563919474111475 0.005248089037515842 0.004371707856032196 0.0025114596919757356 0.001482654663330995 5.138307431467217e-5 3.4622908485859005e-5 1.723536671967276e-5 6.249386581260713e-6 3.386623934406711e-6 2.626343175179627e-6 3.012205257213301e-7 2.6068991319191764e-7 2.1849643538983605e-7 1.4308576943090964e-7 9.235192732095061e-8 6.504442616003599e-8 1.887012540027711e-8 1.1092489075365694e-8 7.964906826609347e-9 6.0857984857037136e-9 
0.54  0.6303597293555668 0.35623657789798513 0.004864746080161765 0.0040669116162745725 0.002631785454854061 0.0017272204967577046 4.8792668198475144e-5 3.386306402851931e-5 1.6343813215827644e-5 7.177921826678436e-6 3.2590910252012366e-6 2.5595526077030345e-6 2.613721683057496e-7 2.4250347993324743e-7 1.926240307851109e-7 1.4010966121915396e-7 9.346854142345013e-8 6.975226789648345e-8 1.3963957302571337e-8 1.096971761924779e-8 8.223672488798141e-9 
0.55  0.6042663503682828 0.3828018645069449 0.004528301279749364 0.003701908573424736 0.0026458982099540527 0.0019477988309327592 4.5444929545518134e-5 3.2702862384823566e-5 1.5402573768290945e-5 7.954310866805519e-6 3.0197219767837877e-6 2.398583433907473e-6 2.2702872398362647e-7 2.2485147010234351e-7 1.7126520111871996e-7 1.314709541641413e-7 8.900830874126064e-8 7.269621939406273e-8 1.3063759210448502e-8 1.0675929705008603e-8 8.835817583344758e-9 6.3523512460014344e-9 
0.56  0.5824273314516603 0.4051780044572465 0.004241549262081861 0.0033311781558369395 0.0025806332985931547 0.002139523207640976 4.178263453421461e-5 3.124783218202325e-5 1.4502485273769576e-5 8.545413432292802e-6 2.6770484123179904e-6 2.172449146360075e-6 2.1382394613090707e-7 1.9415812983279234e-7 1.4684526959066446e-7 1.192767662833327e-7 8.103702607174745e-8 6.783578513557435e-8 1.2073591857167868e-8 1.0460311601906027e-8 6.7931333829986876e-9 
0.57  0.5647444420081188 0.42340951550561773 0.004004732643138897 0.0029837617512435844 0.002462805382338862 0.0022993888701381797 3.8103335114014586e-5 2.9588330157610495e-5 1.3701426832710806e-5 8.997637329361854e-6 2.290345083237632e-6 1.9034066730430397e-6 2.0099036195255897e-7 1.7194983311383684e-7 1.1873675972336663e-7 1.0544854334261938e-7 7.162946708873338e-8 7.03627043892992e-8 1.0903133393115273e-8 1.0406399908667151e-8 8.931010930272503e-9 
0.58  0.5504838659570039 0.43819450581067754 0.003809516566081636 0.0026732486609349288 0.0024314122331779795 0.002318332705488616 3.4639645832216616e-5 2.7888704779297803e-5 1.3003098265487661e-5 9.311704822989848e-6 1.9325416746521534e-6 1.6477865195725003e-6 1.90292673351849e-7 1.5679973704206334e-7 9.922253509851625e-8 9.218906597278355e-8 6.456351314011832e-8 6.239196342328757e-8 1.0199919356351053e-8 1.001051544576976e-8 8.914819889219515e-9 
0.59  0.5391389012394947 0.4500233972356056 0.003650313090026259 0.002538268616591965 0.002402140227306765 0.002163703910348002 3.148124240304524e-5 2.6213059135423105e-5 1.2409301402745716e-5 9.52192520153355e-6 1.611974724531513e-6 1.406684064288238e-6 1.8071201277118342e-7 1.477055502822902e-7 8.319502818239464e-8 8.026836559540907e-8 5.751943980586686e-8 5.40057478292795e-8 9.813561903681927e-9 9.436248838733674e-9 8.837740382521537e-9 
0.6  0.5302326356443628 0.45936688683202576 0.0035216066746306795 0.0026227978045590323 0.0021682390156345993 0.0020098870249069226 2.8683263824933545e-5 2.4599653475323735e-5 1.190917403252803e-5 9.644306716282107e-6 1.3380864442615882e-6 1.1963521185333811e-6 1.7317640651172122e-7 1.4204200879871247e-7 7.565287154205458e-8 6.987050604503998e-8 4.6906709174225195e-8 4.35090810817114e-8 9.09445100635448e-9 8.867282436709978e-9 7.047951278947062e-9 
0.7  0.49999422933830306 0.4920605126406883 0.0030036860574563927 0.0028874006178586115 0.0010050405089915733 0.0010028951491912411 1.3497164179120382e-5 1.3236077003733908e-5 9.490798584142205e-6 9.284380705668104e-6 1.976550399778169e-7 1.9351702280038872e-7 1.2737240454139873e-7 1.2206369381296292e-7 2.3426702785425504e-8 2.242150801786548e-8 2.0519619709404217e-8 2.029104440609774e-8 
0.8  0.4971676334191072 0.4958074737193224 0.0028842377180894447 0.00286554873708872 0.0006219746055719493 0.0006202546190509868 8.479669890034358e-6 8.45468077119198e-6 7.781119490468002e-6 7.760824358650673e-6 1.1263466428982698e-7 1.1171853965101587e-7 5.24644428906377e-8 5.2260214204569715e-8 1.92796807073021e-8 1.924882808822129e-8 1.6688745734207563e-8 1.659214286286473e-8 
0.9  0.49746081732571445 0.49597443389851026 0.0028287272968311166 0.0028197167967939835 0.00044616224484290366 0.00044480346258941444 7.709761874695605e-6 7.687736445012584e-6 4.815639185993522e-6 4.802206679001197e-6 1.0421828116531884e-7 1.0380219193253585e-7 2.5979222939240218e-8 2.5810770908944764e-8 1.9161077675527897e-8 1.9096140112087866e-8 1.283850462229137e-8 1.2724344748492736e-8 
1.0  0.4980054078903805 0.49570600077469007 0.0027912991286123865 0.002778215640604396 0.00035012653096478194 0.0003484289236861059 7.0334505815840824e-6 6.995859569162524e-6 3.1174298858807875e-6 3.0995807962475167e-6 9.81449191842057e-8 9.374805811604562e-8 1.8848070998270975e-8 1.8506792568335776e-8 1.8201205395981786e-8 1.7535848240106554e-8 9.805334213295821e-9 
1.1  0.498348625964378 0.49554879308498584 0.0027605829807212465 0.002745051263327791 0.0002906643958592167 0.00028903193143173825 6.42425150024311e-6 6.388081646722681e-6 2.102400207814136e-6 2.0908804297276278e-6 9.021703618993642e-8 8.972810922850947e-8 1.838885110507138e-8 1.8288483793914128e-8 1.410309887293192e-8 1.403993435830416e-8 
1.2  0.4987383647990663 0.4952947811607397 0.002735628230553551 0.002716746341726454 0.0002506462548609825 0.00024891652231902675 5.887296446431116e-6 5.846694830712465e-6 1.4807810420201195e-6 1.470597271199981e-6 8.704399462650067e-8 8.644922329223053e-8 1.765030213121786e-8 1.753076291638251e-8 1.1362870906894804e-8 1.1283989370712172e-8 
1.3  0.4990267987439502 0.49511110588608087 0.002714181425287759 0.0026928870982687553 0.00022180213035752962 0.000220062125154426 5.411519332671636e-6 5.3690735926160385e-6 1.0854080826995996e-6 1.0769189346425027e-6 8.448884754373287e-8 8.383158592491859e-8 1.6740251458834777e-8 1.662031941599734e-8 9.06316084496656e-9 8.926793804386936e-9 
1.4  0.4985822442346245 0.4956398138966812 0.0026919111705129488 0.0026760262873358922 0.00019969446168205594 0.00019851607997682847 4.984875157417759e-6 4.955490642143209e-6 8.24556841180861e-7 8.197711763378124e-7 8.221109859679962e-8 8.172555472107742e-8 1.567880877702502e-8 1.5576364251803195e-8 7.1221617454937585e-9 6.8613815143331675e-9 
1.5  0.4984581979161918 0.49583364184876216 0.0026738582238635747 0.00265977616016954 0.0001824130710043586 0.0001814483418592309 4.610985773063542e-6 4.58597802326433e-6 6.406836824145825e-7 6.332521385214727e-7 8.02688531234405e-8 7.98474893732251e-8 1.4551114327679779e-8 1.4463034930077188e-8 4.408043226339048e-9 
1.6  0.4985382845968576 0.4958123613095836 0.002659011097946835 0.0026444747473369215 0.00016851178627674113 0.0001675899451813395 4.2853128299738636e-6 4.2615651888695525e-6 5.19341584922041e-7 5.130683612688351e-7 7.868943530239655e-8 7.825866776121004e-8 1.3480498963356542e-8 1.3382898374995508e-8 3.417352540750304e-9 
1.7  0.4985420078184544 0.49585936054476615 0.002645395307542566 0.0026311766438440634 0.0001569539453672678 0.0001561104224772339 3.996008840875283e-6 3.974579036997028e-6 4.24147726417638e-7 4.218772534770312e-7 7.725974988908283e-8 7.684895763605763e-8 1.2335448218742736e-8 1.2260536093653964e-8 
1.8  0.49839025504801954 0.4960552938289178 0.002632396499282012 0.0026200642605349158 0.00014716159840289945 0.00014647218298344177 3.7403307849142178e-6 3.7228119040003445e-6 3.6041994728079874e-7 3.587318613344509e-7 7.601828535173668e-8 7.566268552024637e-8 1.1331234455542352e-8 1.1275158458080866e-8 
1.9  0.4984162315115497 0.4960683355040082 0.0026215063883034866 0.0026091572605222305 0.00013880948221119707 0.0001381555949109083 3.514535442862539e-6 3.4979809428351714e-6 3.114956260446429e-7 3.100284417967615e-7 7.491564234002093e-8 7.456276386772728e-8 1.0402157145738796e-8 1.033747860236571e-8 
2.0  0.49836736584917274 0.4961519054718113 0.002611269736022308 0.0025996503047627383 0.0001315358235264983 0.00013095012102067204 3.3128178371089895e-6 3.2980159625220972e-6 2.7328988249016455e-7 2.7205658463569173e-7 7.39311205629938e-8 7.359452690421046e-8 9.551439389154203e-9 9.436330692240103e-9 
2.1  0.49827100908104244 0.4962795022150666 0.0026016102421318153 0.002591209953603656 0.00012513499037014836 0.00012463466988303865 3.1319370273170374e-6 3.119407611044459e-6 2.4259554478906524e-7 2.4162303385344663e-7 7.304399093776048e-8 7.274956673650961e-8 8.773962593206851e-9 8.717166569776901e-9 
2.2  0.49828631829669845 0.49629239764039623 0.002593318423988981 0.002582939726320766 0.00011949069084476453 0.00011901243478356496 2.970185675062613e-6 2.958293824392427e-6 2.174501666028401e-7 2.165789119399102e-7 7.222543373208684e-8 7.193393020193601e-8 8.075324894491358e-9 8.043699937687007e-9 
2.3  0.49819287761804554 0.4964115796489597 0.002585080231541434 0.0025758372222699764 0.0001144235968055412 0.00011401447525900706 2.8234845418467423e-6 2.813394042446202e-6 1.9677909072226957e-7 1.9607598705106647e-7 7.149761180589096e-8 7.124170096283676e-8 7.432725246424717e-9 7.301418583060961e-9 
2.4  0.4981727334272518 0.4964551806117951 0.002577847942028501 0.0025689599964166952 0.00010988544324983329 0.00010950658490581527 2.6912451885843746e-6 2.6819570089624723e-6 1.7917572719282724e-7 1.7855725760617329e-7 7.080935716801717e-8 7.056506052623363e-8 6.856407256554367e-9 6.828345625423461e-9 
2.5  0.4979833958922227 0.4966661972229968 0.002570201093536893 0.0025634238082449363 0.00010573718850333865 0.00010545798767263457 2.5638304115838973e-6 2.5522767690311247e-6 1.6349608244462597e-7 1.6158292343174324e-7 7.01058144839229e-8 6.995865438690252e-8 5.5561683842490395e-9 
2.6  0.4979349393025196 0.4967345831173586 0.0025637784338111164 0.0025576055964549 0.00010199816738703037 0.00010175286799217221 2.451537973675684e-6 2.4470106844366512e-6 1.502590398055151e-7 1.494285254979097e-7 6.958526841830538e-8 6.939197324233304e-8 5.301014404589892e-9 
2.7  0.4978912117778952 0.4967967508304067 0.00255778473161196 0.002552179738306039 9.858458471210706e-5 9.836884476559479e-5 2.353951647282062e-6 2.345274929401427e-6 1.3946625273638982e-7 1.380027485990823e-7 6.902463344530115e-8 6.888532168602316e-8 4.886770138864196e-9 
2.8  0.4978353359020055 0.4968697617259829 0.002552104471321777 0.002547164216950507 9.545084297105161e-5 9.526623385484673e-5 2.2621051868964606e-6 2.254642429947017e-6 1.2982315512442627e-7 1.2847510301871402e-7 6.85415543187519e-8 6.84179842191664e-8 4.60149909834226e-9 
2.9  0.4978109593948065 0.49691012225145653 0.002546911372306357 0.0025423047535511 9.256987161779434e-5 9.240291926650107e-5 2.174998558964833e-6 2.173089401590017e-6 1.2095630186653037e-7 1.2012306386666718e-7 6.80905804525448e-8 6.794698230283964e-8 4.232106399058097e-9 
3.0  0.4978191671189129 0.49691685040161243 0.0025421802770022165 0.002537581490825343 8.991271333207363e-5 8.975041008692072e-5 2.0996762854479613e-6 2.0928201786528378e-6 1.1359337084129043e-7 1.1231809029524872e-7 6.765197111487943e-8 6.75329445075447e-8 3.995387238127461e-9 
3.1  0.49782741694095956 0.49692260065693106 0.0025377243009347787 0.002533119723696552 8.744923832446735e-5 8.729051793816421e-5 2.027385536954637e-6 2.020802796562109e-6 1.0677983455084272e-7 1.055412138761003e-7 6.72474067995005e-8 6.713355313865118e-8 3.730872983116067e-9 
3.2  0.49779990622196674 0.4969633470664329 0.0025333083280676557 0.0025290554089340265 8.514585665894044e-5 8.50030336589998e-5 1.9529367526148746e-6 1.949674931088308e-6 9.902890195649104e-8 9.887171957792506e-8 6.68409122407298e-8 6.673106414483648e-8 
3.3  0.497790629201138 0.4969849990102528 0.002529241659708943 0.0025251519268814295 8.300695054028995e-5 8.287279243413192e-5 1.8908166300471204e-6 1.8877685164314158e-6 9.358397424848155e-8 9.343302159468019e-8 6.648533687672958e-8 6.637156605309927e-8 
3.4  0.4978263173534285 0.49696100580169444 0.0025256024175082325 0.0025212143907219144 8.101425970296528e-5 8.087355902747599e-5 1.8330140025562946e-6 1.8298370338953924e-6 8.866379746629821e-8 8.850407363864632e-8 6.616078613784611e-8 6.603822348684214e-8 
3.5  0.4978308073369218 0.4969675791938369 0.002521992946918642 0.0025176196415305383 7.914193181723258e-5 7.900471057098613e-5 1.7787855377130658e-6 1.7757040576853517e-6 8.416493991195526e-8 8.401445384919429e-8 6.584581035075087e-8 6.572360375499926e-8 
3.6  0.4978235233701615 0.4969853451247708 0.002518497661615989 0.002514257232360674 7.73815456551155e-5 7.725127153617078e-5 1.7278818219559993e-6 1.7249752863917099e-6 8.00517120548921e-8 7.991154780136549e-8 6.554636298231744e-8 6.542716830935611e-8 
3.7  0.49781882286600004 0.4969999943320334 0.002515177075528632 0.0025110397900713357 7.572513715975344e-5 7.560058688464862e-5 1.6800676489665446e-6 1.6773063521227874e-6 7.62819884524944e-8 7.615070591444915e-8 6.526087267606505e-8 6.514475342401699e-8 
3.8  0.4978223355270976 0.49700593789354 0.002512047962897075 0.002507928578334012 7.416443238066228e-5 7.40428273943523e-5 1.6350557375700954e-6 1.6323779794062966e-6 7.28079172389041e-8 7.26824574418277e-8 6.498040825241431e-8 6.487385587046469e-8 
3.9  0.4978259355073536 0.497011342907102 0.0025090572601101863 0.002504951879772491 7.269009796388077e-5 7.257117216646677e-5 1.5926625819852892e-6 1.5900596527033192e-6 6.961583608893778e-8 6.949669658060592e-8 6.472333103561576e-8 6.461743266668547e-8 
4.0  0.4978293592273054 0.49701650527871 0.002506194589614425 0.0025021026456345094 7.129494778980932e-5 7.117855256795801e-5 1.5526150060250277e-6 1.550082787561128e-6 6.666204482801191e-8 6.654896870499015e-8 6.4477419457545e-8 6.437215159330668e-8 
4.1  0.49783289949296355 0.49702116270545477 0.0025034526757555515 0.002499370837922692 6.997264366091057e-5 6.985856470015885e-5 1.5147176579403377e-6 1.5122507807311939e-6 6.42413224042884e-8 6.413658833167531e-8 6.392041923902927e-8 6.381277347068168e-8 
4.2  0.4978355134753071 0.4970263854740947 0.0025008183381369166 0.002496753910170936 6.871734554520703e-5 6.860567385455741e-5 1.478808053685646e-6 1.476407622251553e-6 6.401487426112246e-8 6.391084727554303e-8 6.13721936867971e-8 6.12693008702824e-8 
4.3  0.4978388691117536 0.49703053056120705 0.002498292694229162 0.0024942363489934634 6.752417122461149e-5 6.741454564265255e-5 1.444754735612301e-6 1.4424118487984384e-6 6.379864556234898e-8 6.369507154695434e-8 5.9002686942321065e-8 5.890396176460306e-8 
4.4  0.4978415337453947 0.4970350533313212 0.0024958618959156284 0.0024918188226067963 6.638831335959146e-5 6.628077911892516e-5 1.4124122434804043e-6 1.4101268973122484e-6 6.359159715131027e-8 6.348859649988681e-8 5.67932962708934e-8 5.66996525433345e-8 
4.5  0.4978444616292915 0.4970390202476758 0.0024935246453674344 0.00248949058368538 6.530574086350955e-5 6.520009897697406e-5 1.3816275783581318e-6 1.3793953610444526e-6 6.33914159872092e-8 6.328887482752535e-8 5.471768351176245e-8 5.463322499863605e-8 
4.6  0.49784743792416525 0.4970426359457978 0.0024912879170773824 0.0024872610778719825 6.427332207760894e-5 6.416946474889309e-5 1.3523756260421368e-6 1.3501957223215298e-6 6.319441130918217e-8 6.309234957838398e-8 5.277992681190955e-8 5.271022441751383e-8 
4.7  0.49784934269612885 0.4970470985624604 0.002489112506710432 0.0024851016023427572 6.328610216608686e-5 6.318413070399306e-5 1.324388983383699e-6 1.3222574348650896e-6 6.300764635234314e-8 6.29060807160323e-8 5.095199942156211e-8 5.088734427787708e-8 
4.8  0.4978515220842981 0.4970510437704837 0.0024870159510450526 0.0024830171839906067 6.234195534754824e-5 6.224172296242918e-5 1.2977126662630328e-6 1.2956286499860158e-6 6.282955021123692e-8 6.272831752930979e-8 4.92491407063035e-8 4.918354852151083e-8 
4.9  0.49784935773091 0.49705911447383544 0.0024849625008843243 0.0024810252992798353 6.143724412637512e-5 6.133989548286985e-5 1.2722055216604529e-6 1.2701957588940287e-6 6.266981167774566e-8 6.255861984896243e-8 4.764555923889033e-8 4.7580209398058684e-8 
5.0  0.49785208123437374 0.4970620737436141 0.002483010280036942 0.002479077068453906 6.057128488678636e-5 6.0475321154331806e-5 1.2479417932692218e-6 1.2459700028045945e-6 6.251845989036293e-8 6.240787247691835e-8 4.614701503239864e-8 4.608233659689128e-8 
