#mmax= 5
#m-states: all states (FBR)
#Nr. of sites: 25
 
0.0  1.0 
0.1  0.996829440653717 0.002554930559296292 0.000615372153293083 1.5709782140655083e-7 9.95358719251992e-8 
0.2  0.9867309725336858 0.010920475757661684 0.002343107945248382 2.7497191065120735e-6 1.6934993987790955e-6 9.873888806635243e-7 1.3156018069146558e-8 
0.3  0.9675933690498552 0.027562053149604873 0.004806709343072338 1.6344871627353727e-5 1.1522660668619207e-5 9.6878874285351e-6 1.114303888795927e-7 1.0259793920065041e-7 9.900941466445068e-8 
0.4  0.9340209869796695 0.05850166065448326 0.00730252684846769 6.743750388235356e-5 6.639246485754045e-5 3.860218110460169e-5 9.223797185579153e-7 9.223549628655604e-7 4.5342838465855416e-7 5.0672386345720755e-8 2.327882214314263e-8 2.1253260437766362e-8 
0.41  0.9294203109543581 0.06286528183316491 0.0075130194783120914 7.882198598072392e-5 7.567688850109897e-5 4.404966033805584e-5 1.110719597415243e-6 1.1105800070812286e-6 5.021917939458028e-7 6.311760866898079e-8 2.812151833776126e-8 2.4468819472774405e-8 
0.42  0.9245017324491512 0.06755593921183319 0.00771050575480059 9.194870833056038e-5 8.621574280100228e-5 5.028446611134878e-5 1.3371423763915773e-6 1.331232859172244e-6 5.543404280738638e-7 8.121042288487268e-8 3.436266769630609e-8 2.8083606994088152e-8 7.29461086047654e-9 
0.43  0.9192255937341509 0.07261471560962303 0.007892989899175154 0.00010707061824437757 9.820210479156858e-5 5.744808685756574e-5 1.5993516796046253e-6 1.5862814485262815e-6 6.103522048368725e-7 1.0169073235959999e-7 4.1876163518287145e-8 3.196924263305414e-8 8.425685696712969e-9 
0.44  0.9135470717994533 0.07808804891439061 0.008058206769160964 0.00012441475104071537 0.0001118663526089093 6.571625680041629e-5 1.9038414435936434e-6 1.8794704648574457e-6 6.681815231722559e-7 1.271288268139436e-7 5.070989750466077e-8 3.607968040212711e-8 9.744709168910442e-9 
0.45  0.907405184859545 0.08403850331042546 0.008203606079453885 0.00014439727451114414 0.00012751214356643016 7.532137581075379e-5 2.2583404659285355e-6 2.2151846478368197e-6 7.295704138940224e-7 1.589875143364479e-7 6.115588173866055e-8 4.0470623781182456e-8 1.1247140421642611e-8 
0.46  0.9007315791632389 0.09053633290999764 0.008326363857127232 0.00016728793720199335 0.00014548362980225268 8.65438391437403e-5 2.6667928939949274e-6 2.595542483122212e-6 8.059134801962387e-7 1.989029447823602e-7 7.387997451229575e-8 4.5279202219717266e-8 1.3098378506090062e-8 9.254130762404231e-9 
0.47  0.8934335114500724 0.09767661440087189 0.008422937471585042 0.00019350121956215793 0.00016622051672533097 9.975973231577823e-5 3.1412998886159788e-6 3.0231315054319116e-6 8.769004999706955e-7 2.492695139759459e-7 8.892370146316493e-8 5.008701141964187e-8 1.4995234657088315e-8 1.0601511683197698e-8 
0.48  0.8854320684256063 0.10554100657047706 0.008490092142938485 0.00022280279201842694 0.00019005604567413434 0.00011536812745621592 3.6612710369101623e-6 3.4918771835669927e-6 9.519973344981265e-7 3.110349530703857e-7 1.0589875974151646e-7 5.4905715667214e-8 1.68606837736065e-8 1.2050162792029603e-8 
0.49  0.8766548640064963 0.1142046299198773 0.008524900373550554 0.00025468502462731786 0.000217270570396529 0.00013380158323596356 4.218852906480505e-6 3.992232131004347e-6 1.0333233645746805e-6 3.865747134293819e-7 1.2539452206179434e-7 5.972143423124178e-8 1.87382254224326e-8 1.3684519104356633e-8 
0.5  0.867104688986491 0.12366692916234698 0.008526595591116596 0.00028760135516651725 0.0002477071739679157 0.00015534497516357982 4.783205195284226e-6 4.503181357527283e-6 1.1223529898905434e-6 4.7658122073495823e-7 1.4691481480834096e-7 6.449602455520623e-8 2.0518592455141252e-8 1.550555265857013e-8 
0.51  0.8568628632933243 0.1338477152273521 0.008496782343460045 0.00031943607548051467 0.00028074189838655676 0.0001800688150829894 5.316199528364934e-6 4.998816757375522e-6 1.2194102955133705e-6 5.803493821121114e-7 1.690831451309485e-7 6.903783703689992e-8 2.201353933453528e-8 1.7436428190241518e-8 
0.52  0.8461121838932039 0.1445631295158844 0.008440239489666374 0.0003479205294535887 0.0003152435577375741 0.00020771617332278282 5.783618089494884e-6 5.4556195110871335e-6 1.3245670921817043e-6 6.958038420532133e-7 1.9123428022134428e-7 7.334843497717543e-8 2.3214056154948587e-8 1.943542566039317e-8 
0.53  0.8351242656150942 0.15553800965089745 0.00836462209580826 0.00037110516987095063 0.00034971895429162283 0.00023767035304631426 6.160144867052336e-6 5.855585841665909e-6 1.437496650287901e-6 8.190767897884385e-7 2.1267304727359866e-7 7.757257536912327e-8 2.4160512772301596e-8 2.145070789314453e-8 
0.54  0.8241382359670154 0.1665287015793108 0.00827697504308634 0.0003883599416281044 0.00038294035198428527 0.0002692829873353013 6.4422522589190896e-6 6.195748221235987e-6 1.557100836214188e-6 9.469624589233655e-7 2.3219932843237196e-7 8.169859397154913e-8 2.4820140759537605e-8 2.334780157439029e-8 
0.55  0.8133276137595598 0.1773574564219415 0.008182689380050283 0.0004141009821186327 0.0003998812361101518 0.0003019953980804903 6.6383325566103164e-6 6.4793908107239e-6 1.680141784615325e-6 1.075931631047833e-6 2.527930034279228e-7 8.583964305668241e-8 2.522083652370856e-8 2.5171873332696226e-8 
0.56  0.8028222238483471 0.1878904701921255 0.00808600877876648 0.00044270128701033546 0.00040636427532974987 0.0003353231136438423 6.762441627022927e-6 6.717730913471709e-6 1.8066955294734878e-6 1.2043329446850946e-6 2.6920356048004073e-7 8.984320747335646e-8 2.679891973127981e-8 2.5342122242039915e-8 6.1159528669847e-9 
0.57  0.7926757110136601 0.19807142264902652 0.007989044992208979 0.000468621485055878 0.00040878547692631067 0.00036898467990470387 6.906170718338836e-6 6.822082450221462e-6 1.9343911920877173e-6 1.3304964813301333e-6 2.828301179358618e-7 9.367136164435222e-8 2.821595185403772e-8 2.5459263651910147e-8 6.385680709104791e-9 
0.58  0.7829296828342219 0.20785642126981554 0.007893545401460395 0.0004918284221082551 0.00040793911144934705 0.0004027206993305307 7.059421977377331e-6 6.832921725924892e-6 2.0631745570068346e-6 1.4532175720664846e-6 2.947904004987764e-7 9.738499590885391e-8 2.9403116438653418e-8 2.5333094937352543e-8 6.614174457391932e-9 
0.59  0.7735571362124035 0.21727156593935548 0.007799265071376709 0.0005125602558328033 0.00043651776059242973 0.0004047284170937443 7.1847670974274575e-6 6.807247834430926e-6 2.1927403055275967e-6 1.5726754691051471e-6 3.053272173550483e-7 1.0108617531193625e-7 3.044893903483664e-8 2.520905389260236e-8 6.841253539209734e-9 
0.6  0.7645547224638647 0.22631918225462969 0.0077065997152372745 0.0005309582765371235 0.00047027702303874936 0.00039972706421358595 7.286762007355839e-6 6.7526815953851645e-6 2.3226906723819452e-6 1.6882564489378258e-6 3.1463163790917665e-7 1.0474374111852981e-7 3.135638968549356e-8 2.5028334646396956e-8 7.051651807499079e-9 
0.7  0.691533259301849 0.29984407680094255 0.006864158089463594 0.0007987342892812469 0.0006212717799612297 0.00031866749210482663 7.567280932674993e-6 5.51331928691398e-6 3.5921264419150852e-6 2.5916151612826766e-6 3.632417272603757e-7 1.385812919143837e-7 3.466522135441555e-8 2.2516394741356555e-8 8.899939456874627e-9 
0.8  0.6415240701001647 0.35032385712819003 0.006171979282839226 0.0010959087906703424 0.0006162060859292706 0.0002483231319479081 7.225143978149302e-6 4.708756331129119e-6 4.126348089763014e-6 2.9899493712703894e-6 3.708149584961777e-7 1.660859655848992e-7 3.268434829912954e-8 2.000176975265916e-8 1.0222635945930154e-8 5.472810769898509e-9 
0.9  0.6065844265377249 0.38565113999334144 0.005615090271881599 0.0013531350317321166 0.0005757779220811316 0.00020154458904232455 6.677201190456296e-6 5.606992994276946e-6 3.0223942392088106e-6 2.9546006877749035e-6 3.644738268470628e-7 1.889245560875278e-7 2.8889522989424975e-8 1.745816234374879e-8 1.1370371566504793e-8 7.173118063033103e-9 6.175526836729801e-9 
1.0  0.581635396376953 0.41091005838391714 0.005168501349184568 0.0015710419822808584 0.0005256189518288678 0.00017152414953872504 6.265722938079042e-6 6.081231883273121e-6 2.6606725031965024e-6 2.2239342594972213e-6 3.526734757034199e-7 2.0569003618069045e-7 2.4921568311278448e-8 1.503404349339284e-8 1.2093112692077036e-8 8.56848549765708e-9 8.263991198342376e-9 
1.1  0.5633983146352315 0.42939582747131216 0.004806988051273657 0.0017541861883996074 0.00047583924087661464 0.00015206619676537493 6.7085641860904054e-6 5.5106416314696655e-6 2.2681153899198936e-6 1.6659664364122003e-6 3.3997358763614507e-7 2.184909989697066e-7 2.1356314657924226e-8 1.2798848497441028e-8 1.258225685156248e-8 1.023904197279678e-8 9.487448023631362e-9 
1.2  0.5498118957655985 0.44318369572317673 0.0045120649411768115 0.001907411752384523 0.0004301103546442853 0.00013908550945582928 6.967691175287159e-6 4.993744924805885e-6 1.8759111526023987e-6 1.2789965732316666e-6 3.2770468172281344e-7 2.2808002398727306e-7 1.8432870214546277e-8 1.2827748018551894e-8 1.1953557605054322e-8 1.0817017329555492e-8 9.793838618716675e-9 
1.3  0.5395057592366705 0.45365538613095374 0.004268976445554785 0.0020355724464236643 0.0003894075028898088 0.00013012760238588538 7.07793201880384e-6 4.540251731674212e-6 1.53012277629329e-6 1.0095393285090742e-6 3.1637781125731403e-7 2.3524339525783218e-7 1.639159460968666e-8 1.3368408380422485e-8 1.2890589654743982e-8 9.346397215526953e-9 9.1710704456424e-9 
1.4  0.5315721073399503 0.46172683476289395 0.004067001021642563 0.0021427855874412067 0.0003536936119271661 0.00012368759856654156 7.072406107808972e-6 4.148989559743491e-6 1.2437903861571374e-6 8.19436899733036e-7 3.0641076696538254e-7 2.4062335348687987e-7 1.5115378101316504e-8 1.438724192214689e-8 1.2787024044546839e-8 8.22285037572709e-9 7.908009339030152e-9 
1.5  0.5253787540121339 0.4680365425868321 0.0038976120097901534 0.002232632041626866 0.00032250722298318485 0.00011886274036458023 6.979720524137739e-6 3.814816534282442e-6 1.0139554313504643e-6 6.828440057679948e-7 2.975892666908509e-7 2.4462303221569516e-7 1.503116349958353e-8 1.4353709931568381e-8 1.2559742136341115e-8 7.087924084317118e-9 6.804934734339854e-9 
1.6  0.5204874554976346 0.473027338022075 0.003754454539621954 0.002308036725570302 0.00029529620519643614 0.00011507846527907011 6.820457593485487e-6 3.530308801121147e-6 8.254742877739317e-7 5.805137746709303e-7 2.8866810744975953e-7 2.4754881060136617e-7 1.531322847431341e-8 1.3308633163532738e-8 1.2201594874266891e-8 6.74979010773972e-9 
1.7  0.5165837695057633 0.4770168754359009 0.0036326896195298533 0.0023714355082478738 0.00027155343105582196 0.0001119965877060625 6.62229033861546e-6 3.289391533210832e-6 6.838297937528571e-7 5.059043498173367e-7 2.8227493058550675e-7 2.4954796531404555e-7 1.5308236298012578e-8 1.2923589735788247e-8 1.181376548727554e-8 6.627292403540589e-9 
1.8  0.5134388778403678 0.48023668530873753 0.003528379115865402 0.002424836431701947 0.0002507678824081268 0.00010938031652528072 6.394867660092962e-6 3.084867206213974e-6 5.722842809967866e-7 4.487489261798637e-7 2.7637919503204933e-7 2.504231395427885e-7 1.5060397177535907e-8 1.2491773820804593e-8 1.138998936945576e-8 6.591825062930459e-9 
1.9  0.5108841940007779 0.4828573360619805 0.0034384839884242565 0.00246986213281518 0.00023252736178449034 0.00010708046565459194 6.150768095655337e-6 2.910747471075344e-6 4.842894173132316e-7 4.042218933623487e-7 2.7111709570693084e-7 2.506248653155009e-7 1.4619587119574998e-8 1.204631584722775e-8 1.094390439037611e-8 6.6099167499151785e-9 
2.0  0.5087932947093528 0.48500679794469786 0.003360577689079027 0.0025078647722398925 0.0002164627102291078 0.00010500001307803725 5.898470476334934e-6 2.7618283708101237e-6 4.1412266531043e-7 3.684340123614783e-7 2.663301664766429e-7 2.5023649396931696e-7 1.4035248596154695e-8 1.158021587906476e-8 1.048806861404853e-8 6.635604236342561e-9 
2.1  0.5070705878561016 0.4867818470622186 0.003292725761368017 0.0025399690353099993 0.00020226683100846545 0.0001030757763308841 5.64462209789816e-6 2.633777730974497e-6 3.576638456391044e-7 3.3895981409423705e-7 2.620292310891119e-7 2.494584809925378e-7 1.335286979302154e-8 1.1119581094733581e-8 1.003285938164295e-8 6.6611513600932e-9 
2.2  0.5056443101466125 0.4882550624432088 0.003233505304704917 0.0025671143084097818 0.00018967944759531376 0.00010125769047048082 5.392962222086536e-6 2.5223043669186453e-6 3.1205192756199e-7 3.108483067457679e-7 2.564962902744679e-7 2.44510794572921e-7 1.2606451401219945e-8 9.573653704402001e-9 9.304984776772841e-9 
2.3  0.5044521252455153 0.4894900827164572 0.0031811199962300685 0.0025900132078732403 0.0001784596486990029 9.953523794285944e-5 5.147810733653709e-6 2.4257606063844443e-6 2.909868365794807e-7 2.7369558192975676e-7 2.527563856744185e-7 2.430480881454815e-7 1.1852748099441121e-8 9.152564343245776e-9 8.883737576919132e-9 
2.4  0.5034548359210963 0.4905261797543579 0.0031349989528178255 0.0026093665844105995 0.0001684525926710783 9.787879036098246e-5 4.911904128410542e-6 2.3409231098588357e-6 2.7252117929741185e-7 2.4948186325643654e-7 2.4276547473350156e-7 2.415497869915773e-7 1.1078093252906603e-8 8.73533077986963e-9 8.44531861788761e-9 
2.5  0.5026156646411415 0.49140081161055044 0.003094124430256664 0.0026256970949528895 0.00015948623870304696 9.627795577853191e-5 4.68601050465858e-6 2.2657992712398852e-6 2.5610268092420427e-7 2.4649664835667213e-7 2.399764699510694e-7 2.1696596630443086e-7 1.031148538522749e-8 8.333783355470665e-9 8.031807382245073e-9 
2.6  0.5019068194346933 0.49214222161628374 0.0030577478011011416 0.0026394483721506623 0.00015142456999951346 9.472462877705734e-5 4.4708872389202635e-6 2.198721205859057e-6 2.437625049783013e-7 2.4134497471352103e-7 2.3836980881140468e-7 1.9530690247425248e-7 9.579591238317419e-9 7.951941665477829e-9 7.652825034240056e-9 
2.7  0.5013058096326184 0.49277308781458007 0.0030253731434844514 0.002651040346571224 0.00014416242939461324 9.321405651668611e-5 4.267360831591512e-6 2.138330156398426e-6 2.4136058054487234e-7 2.368552421418269e-7 2.2792268757653808e-7 1.7698235268318612e-7 8.882656809096196e-9 7.587065538255103e-9 7.29526127143092e-9 
2.8  0.5007945326294254 0.4933121514959495 0.002996248718896161 0.00266071191870314 0.00013758211409426705 9.174151982717205e-5 4.074528528499184e-6 2.0835111932918845e-6 2.390149331408981e-7 2.3521095329297762e-7 2.1561251576903117e-7 1.613105364750653e-7 8.22248110267331e-9 7.237073960899163e-9 6.954888609431505e-9 
2.9  0.5003567783594083 0.4937756986910567 0.0029700624100076445 0.0026687750275325747 0.00013161026887156552 9.030542373486777e-5 3.892740845452528e-6 2.0333384422852387e-6 2.368547142621513e-7 2.3359460872428461e-7 2.0426158707302754e-7 1.4787555157539404e-7 7.605952524686463e-9 6.905008819254123e-9 6.642677127301404e-9 
3.0  0.4999826893128271 0.4941738265336803 0.0029464291942955007 0.0026754513328660994 0.00012617369140383047 8.890426937725404e-5 3.7216388107504018e-6 1.9870879296632223e-6 2.348666260923441e-7 2.3201449099707364e-7 1.93758524731736e-7 1.3629791301738829e-7 7.035996520931598e-9 6.592323378536766e-9 6.372934709292143e-9 
