#mmax= 10
#m-states: all states (FBR)
#Nr. of sites: 31

0.0  -0.0  0.0
0.1  -21.8882721523578  0.5772923894120523
0.2  -80.78965962802381  0.9999999999999983
0.3  -81.05762498034112  0.7790453010657398
0.4  -224.78965962802383  1.0000000000000004
0.41  -224.78999503439672  0.9996646725798845
0.42  -222.78965962802383  1.0000000000000004
0.43  -224.78965962802383  1.0000000000000004
0.44  -228.78999503439672  0.9996646725798837
0.45  -226.95045559027778  0.8594983742044192
0.46  -225.48280680858377  0.7070714214274958
0.47  -290.7896596280238  0.9999999999999997
0.48  -286.7896596280238  0.9999999999999989
0.49  -350.7896596280238  Inf
0.5  -362.7896596280238  Inf
0.51  -270.7896596280238  1.0000000000000004
0.52  -526.7896596280239  Inf
0.53  -291.48404583252915  0.706196795242342
0.54  -366.78970502692306  Inf
0.55  -290.91688306992523  0.8885523161347154
0.56  -366.7896596280238  Inf
0.57  -526.7896596280239  Inf
0.58  -438.7896596280238  Inf
0.59  -292.81024700676033  0.9797883612040725
0.6  -363.48280680872324  Inf
0.7  -520.7896596280239  Inf
0.8  -438.79493957558117  Inf
0.9  -516.7896596280239  Inf
1.0  -522.7896596280239  Inf
1.1  -Inf  NaN
1.2  -618.7896596432538  Inf
1.3  -Inf  NaN
1.4  -Inf  NaN
1.5  -Inf  NaN
1.6  -611.4840454248852  Inf
1.7  -Inf  NaN
1.8  -Inf  NaN
1.9  -Inf  NaN
2.0  -Inf  NaN
2.1  -Inf  NaN
2.2  -Inf  NaN
2.3  -Inf  NaN
2.4  -Inf  NaN
2.5  -Inf  NaN
2.6  -Inf  NaN
2.7  -Inf  NaN
2.8  -Inf  NaN
2.9  -Inf  NaN
3.0  -Inf  NaN
3.1  -Inf  NaN
3.2  -Inf  NaN
3.3  -Inf  NaN
3.4  -Inf  NaN
3.5  -Inf  NaN
3.6  -Inf  NaN
3.7  -Inf  NaN
3.8  -Inf  NaN
3.9  -Inf  NaN
4.0  -Inf  NaN
4.1  -Inf  NaN
4.2  -Inf  NaN
4.3  -Inf  NaN
4.4  -Inf  NaN
4.5  -Inf  NaN
4.6  -Inf  NaN
4.7  -Inf  NaN
4.8  -Inf  NaN
4.9  -Inf  NaN
5.0  -Inf  NaN
