#mmax= 10
#m-states: all states (FBR)
#Nr. of sites: 31
 
0.0  1.0 
0.1  0.9968288130599714 0.002555606552046592 0.0006153236685971149 1.5714449109616426e-7 9.957489376328746e-8 
0.2  0.9866741207611134 0.010980254519940958 0.0023398334176270093 2.7767880855085257e-6 1.7039932283080148e-6 1.3105200056217637e-6 
0.3  0.966726801064427 0.028454481666148775 0.004766768262197806 2.3657715201529287e-5 1.7554934354182897e-5 1.0198378753240959e-5 2.3222280813914223e-7 1.8487426283562406e-7 1.1052646695256682e-7 1.0355380022496222e-8 
0.4  0.9254320749692416 0.06706148975357902 0.007011114755127175 0.0003328799718464472 9.894129470065044e-5 5.3397575123243135e-5 5.148278902868307e-6 3.0957461911893705e-6 1.2746881889900513e-6 4.516316801017326e-7 6.498173598622289e-8 4.169577261813928e-8 2.4657909219654257e-8 
0.41  0.9185263067999856 0.07366374531740495 0.007160166896674661 0.00044764149072785823 0.0001225545009395105 6.525527686249263e-5 7.20062163670611e-6 4.008825272463221e-6 2.3637839284661e-6 5.013599139060248e-7 9.802117094082593e-8 6.873546261509471e-8 5.5387006553087825e-8 3.298301645481097e-8 
0.42  0.9105907481449629 0.08126342971593939 0.007282244325827254 0.0006077014623642851 0.00015475979816381372 8.102120063002332e-5 9.917729300695987e-6 5.187314146146113e-6 3.982071529572829e-6 5.779781246036034e-7 1.4645145153834184e-7 1.2464642502801458e-7 7.525304747833574e-8 5.0663700802028975e-8 2.0980210791010394e-8 7.499159608465862e-9 4.765018113927062e-9 
0.43  0.9013237672858937 0.09014272453001558 0.007371394623961431 0.0008317918454316798 0.00020014114495700731 0.00010251909235464319 1.3553332682836122e-5 6.6263897483161934e-6 6.202802472254219e-6 6.469201186195489e-7 2.1897047900899935e-7 2.034178730493577e-7 1.0049407102472855e-7 7.694453592049783e-8 2.508043052287107e-8 7.124977227582375e-9 
0.44  0.8902398783237773 0.10074538507929097 0.007419381130690686 0.001156167176378908 0.0002675522066307948 0.00013290143639881958 1.8603761102236253e-5 9.93342910013594e-6 8.423704453404935e-6 7.535318252263251e-7 3.592054673387257e-7 3.3080079252379897e-7 1.4016064262574647e-7 1.2288361146399776e-7 2.9199697910248746e-8 2.0295388359053056e-8 9.981782362401517e-9 7.692968795475959e-9 
0.45  0.8767155854724128 0.11365612067971191 0.007415892966825945 0.001612783071269464 0.0003697245920744051 0.00017686678889634365 2.5010011263855838e-5 1.5032303994940438e-5 1.052840196406629e-5 8.941388782373013e-7 5.921400582127055e-7 5.023596711003609e-7 1.8652101437864978e-7 1.8420749471070807e-7 3.820600985432944e-8 3.27833955841162e-8 1.455857805820043e-8 1.0796486735010789e-8 
0.46  0.8597711120637693 0.12978500362334738 0.007346712201358977 0.0022525946405433867 0.000529738492074288 0.00024232382993611757 3.307687728602302e-5 2.285905802146861e-5 1.2934370193617567e-5 1.1184189236098795e-6 1.0129987694117247e-6 7.988370840573356e-7 2.817096905537118e-7 2.3318285643334032e-7 7.343880890900433e-8 5.539886590852613e-8 3.6528379504831325e-8 1.7872047261172443e-8 1.645804233681466e-8 
0.47  0.8382456747653083 0.15026790106470464 0.007195605639425853 0.003079844207540222 0.000776831507569579 0.00034028682442104844 4.198255358020822e-5 3.127200205863799e-5 1.5417840979266984e-5 1.5061559084379101e-6 1.4908658470146385e-6 1.2230796423993793e-6 3.85221472507782e-7 2.7751901158337374e-7 1.3136503841200844e-7 8.231313847843248e-8 3.987261207739852e-8 2.5077983266507954e-8 2.212375814867133e-8 
0.48  0.8108730965197674 0.1763984619971714 0.006946361207424218 0.0040375889403253 0.0011432258660994394 0.0004849510416181666 5.1081199056503256e-5 4.011009164239833e-5 1.7676763338253885e-5 2.1952987515740857e-6 2.1039146596755255e-6 1.8585920943586204e-6 4.874199847940714e-7 3.091957485216842e-7 2.250151594737252e-7 1.2265856266223975e-7 4.913815153213946e-8 4.3580267704444387e-8 3.321712967637902e-8 7.522024743664407e-9 5.575474668265777e-9 5.245547847333578e-9 
0.49  0.7769314957327853 0.20905960815347976 0.006591050625427187 0.00495408010617202 0.001637998840570549 0.0006892053421126041 5.898464001549315e-5 4.797722525291127e-5 1.929765629730762e-5 3.014964422946412e-6 2.9690399987311257e-6 2.7297507462593424e-6 5.644485499756095e-7 3.3600390352784967e-7 3.196609030237772e-7 1.7095402162958117e-7 7.646272762871353e-8 4.7982201842904284e-8 4.7704221231907095e-8 9.793900118631296e-9 8.490976531429795e-9 6.42131616513497e-9 
0.5  0.7372630692520836 0.24768748664564172 0.0061430303709372695 0.00558705614667149 0.0022128684708227924 0.0009554670711728247 6.447849924063463e-5 5.300133251390902e-5 1.998013270941723e-5 4.2358030715237586e-6 3.820798451959081e-6 3.6852308403877322e-6 5.890302179565146e-7 4.1309585489747493e-7 3.1110829117892304e-7 2.3114294006049701e-7 1.1124771656062537e-7 5.585882341767938e-8 5.486150809885281e-8 1.5604797114447056e-8 1.184598336019211e-8 1.0436874653585406e-8 9.99091137203481e-9 6.021923608908457e-9 
0.51  0.6946999773144665 0.28969779939297796 0.005778783245430799 0.005641082505574305 0.0027573012656995537 0.0012676771207349325 6.661266716553897e-5 5.465185660078684e-5 1.9665427627904802e-5 5.645508891929676e-6 4.5018378865892125e-6 4.4154739183287826e-6 5.594240573996036e-7 4.413801743899107e-7 2.873050542104612e-7 2.706153217839234e-7 1.4474150262296346e-7 6.3545718118698e-8 5.7440577308447834e-8 2.152992993531804e-8 1.2843764780654062e-8 1.0970603074359957e-8 1.0608953217835969e-8 5.977368002447523e-9 
0.52  0.6537551784430362 0.33066726041762756 0.0055464044990497195 0.005145151685925019 0.003140784445957348 0.0015899392244382623 6.521821415264794e-5 5.311183982608185e-5 1.8635576797292004e-5 7.021728729614468e-6 4.906412672414662e-6 4.5937595877866285e-6 4.886988329753794e-7 4.1417117226699984e-7 2.786840261689416e-7 2.617060540582746e-7 1.64679109339133e-7 7.330979248405507e-8 4.992472160330593e-8 2.2184322015955168e-8 1.3001242523726493e-8 1.1206822279453822e-8 9.644254014630317e-9 6.541852208052592e-9 
0.53  0.6172888847921139 0.3675901057847853 0.005065838501804654 0.0046938232562667515 0.0033195663757100537 0.0018941820592055527 6.124740432035567e-5 4.9958032300947404e-5 1.729594315159001e-5 8.20240273311713e-6 4.868847832282329e-6 4.416632343365077e-6 4.0599506595970723e-7 3.564013075605669e-7 2.631794308844618e-7 2.4223473483239626e-7 1.6401992119154667e-7 8.225845087020811e-8 4.166116617405461e-8 1.761062364687004e-8 1.2366998280752924e-8 9.92890537055969e-9 9.484666879195696e-9 4.826162722027559e-9 
0.54  0.5875980164301342 0.3979939049863862 0.004495163497524336 0.004318770140912117 0.003304598817530475 0.002152916380007132 5.576899633478386e-5 4.59768828916872e-5 1.5957416238026417e-5 9.083826348250156e-6 4.481356329289178e-6 3.956179282200485e-6 3.27734832298042e-7 2.9544276122053536e-7 2.3114388235552203e-7 2.2968066140142415e-7 1.4697123543752995e-7 8.842483262108709e-8 3.2193351166114826e-8 1.6439826973456573e-8 1.162852977456242e-8 9.765783418909744e-9 9.027600244177367e-9 6.636784597998499e-9 
0.55  0.5642659044250254 0.42212068060387675 0.004017085328340564 0.003943600004748966 0.00316457510535523 0.002363289802447766 4.9949849696626996e-5 4.194021972610143e-5 1.477334766004773e-5 9.686541452436952e-6 3.9072597827428605e-6 3.415047688908968e-6 2.639174020660568e-7 2.36333072423011e-7 2.1823202130937983e-7 1.9207812837974287e-7 1.2612832464317757e-7 9.086996574473241e-8 2.4477476940348738e-8 1.1863445896050883e-8 1.1037491584404116e-8 9.971474431219604e-9 7.555393275570725e-9 
0.56  0.5466169385794256 0.44054719639522727 0.0037824963050517423 0.003456002618914259 0.0029578178076821106 0.002526015527851602 4.444503176530951e-5 3.8094638105574366e-5 1.377725871055432e-5 1.0058246441133772e-5 3.244593818056014e-6 2.9120113650788197e-6 2.1665144714869132e-7 2.0419818062032273e-7 1.8141024265780876e-7 1.6041606265775408e-7 1.0568531195895476e-7 8.882089699656802e-8 1.3384723168442876e-8 1.1135658941659416e-8 9.960206356101018e-9 9.322912074585025e-9 
0.57  0.5334483717908729 0.45442748440673064 0.003601573902422685 0.003042298431822269 0.0027279632482722803 0.0026489161134597428 3.950675393988449e-5 3.46651327003421e-5 1.2976950197207842e-5 1.0264860607267816e-5 2.6745025353571455e-6 2.435669173300642e-6 1.9216387184828175e-7 1.8610430775282768e-7 1.4496991540314934e-7 1.3258317728290747e-7 8.811175073235646e-8 8.243216248324295e-8 1.1795976778199798e-8 1.0942096873698605e-8 9.998628977471428e-9 9.135376865225333e-9 
0.58  0.5236066805819711 0.4649006738042844 0.0034611576109336217 0.0027410968015521143 0.002696130882180542 0.002499781111818722 3.5208023686771036e-5 3.162409358135595e-5 1.2331033439885277e-5 1.0358731430337069e-5 2.182208575209325e-6 2.0134427476981176e-6 1.8118382558907676e-7 1.678900227112283e-7 1.1722584954423809e-7 1.0951594893111642e-7 7.314576259387669e-8 7.287886350306197e-8 1.067796167117118e-8 1.0494879809245181e-8 9.81631319217112e-9 8.844370432681976e-9 
0.59  0.5165075381258107 0.4725500292705801 0.003354678684553149 0.00280641132908279 0.002408468275868107 0.0022860577177106155 3.1593718222116086e-5 2.8948327217928637e-5 1.1816908328654319e-5 1.0372820083384732e-5 1.759261846800122e-6 1.6489961030377238e-6 1.7206803611502324e-7 1.5706021339657565e-7 9.523388214796112e-8 9.116670108929673e-8 6.243223687584509e-8 6.104023537288954e-8 1.0049876474299025e-8 9.633388057975108e-9 9.60953615980802e-9 8.270487007293885e-9 
0.6  0.5111433749785536 0.47839425386637746 0.003270134415044861 0.0028548677778482824 0.0021663609657158332 0.0020909257241894567 2.8469328497378924e-5 2.6556675822528068e-5 1.13934051797101e-5 1.0335738857352115e-5 1.397630562466655e-6 1.33541054807344e-6 1.6363711262035587e-7 1.5038676376929845e-7 7.659400353981713e-8 7.210540368581394e-8 5.276835702998148e-8 5.116254990801648e-8 9.52163588138338e-9 9.169813906729353e-9 8.737163880400793e-9 
0.7  0.4970941568380409 0.4949602250991982 0.0029608316851346445 0.002929723359443784 0.0010047627244864914 0.0010040118857526559 1.3422561688767458e-5 1.3351982965020384e-5 9.417391818275033e-6 9.362093358353206e-6 1.9958732438525505e-7 1.979586839924758e-7 1.2551087637704133e-7 1.2410434670791204e-7 2.3390725160983342e-8 2.2817164003178393e-8 2.0557523478068775e-8 2.0451470306175583e-8 
0.8  0.4976929948550936 0.49528223074778094 0.0028820084027542346 0.0028677448920674145 0.0006225951424020892 0.0006195710220396601 8.487258707976974e-6 8.445827447910718e-6 7.780413840498703e-6 7.743082363068423e-6 1.1245166379592068e-7 1.1176218196684691e-7 5.117850059497894e-8 5.113573279965538e-8 1.9293858140788567e-8 1.920376006325981e-8 1.6731299194017223e-8 1.6598507125675433e-8 
0.9  0.4980637887144218 0.49537178835401446 0.0028317870943689394 0.0028165211914637175 0.00044658486229510514 0.00044423057597053846 7.713973591241823e-6 7.6758201280952e-6 4.8142740002174684e-6 4.79171679629759e-6 1.0340559949186254e-7 1.0007610333268063e-7 2.5643691734697815e-8 2.3541681872136705e-8 1.9124917522457543e-8 1.9057846778112803e-8 1.257311095553883e-8 
1.0  0.4999372337015871 0.4937741669812198 0.00280210426973835 0.0027674258564308473 0.0003514727997682077 0.0003470760234498533 7.060293107998559e-6 6.96881242813562e-6 3.1283698918912266e-6 3.087383190879361e-6 9.841922463096803e-8 9.353037388225506e-8 1.8995622336065846e-8 1.877357300676314e-8 1.8305785900334642e-8 1.7652284072005235e-8 9.832322211769027e-9 
1.1  0.4988740813707759 0.4950232937372949 0.0027635025863507186 0.0027421665067661914 0.00029097520474558595 0.0002887289502236807 6.431260767303221e-6 6.381644566671955e-6 2.1051104653291923e-6 2.0888640594525513e-6 9.032511011862708e-8 8.964519181116668e-8 1.8380968849848677e-8 1.8269740347560714e-8 1.411421364400121e-8 1.4028760253657267e-8 
1.2  0.4993478304604049 0.4946853260707287 0.0027389696693928445 0.002713393462045096 0.00025095275191899124 0.0002486105946932683 5.8946464268390835e-6 5.83955493324491e-6 1.4825540243569684e-6 1.4688796048600963e-6 8.717498786725676e-8 8.636214776651162e-8 1.7647134042202757e-8 1.7518186064507377e-8 1.1372804358621823e-8 1.128056503498717e-8 
1.3  0.49957494654254325 0.49456296742415223 0.0027171599192762756 0.00268990127793327 0.000222045198334194 0.0002198173827586259 5.417377693225405e-6 5.363124277138636e-6 1.0866020412982968e-6 1.0757174634605448e-6 8.456046236280384e-8 8.371261553840961e-8 1.6627692387282925e-8 1.6545790631347476e-8 9.021238584697534e-9 8.965729004146827e-9 
1.4  0.5000855500943324 0.49413660781661467 0.002700014996459015 0.002667889312174065 0.00020028645424226515 0.00019789259439745226 4.998651658641277e-6 4.937664204540257e-6 8.213844895373754e-7 8.003906323465114e-7 8.241795086051907e-8 8.142012138996506e-8 1.5694207401952856e-8 1.547463531008838e-8 5.633880274620342e-9 
1.5  0.5006047289347446 0.4936870733921618 0.0026853979774474216 0.0026482725159287816 0.00018320283236598748 0.0001806598618088068 4.6311721264948795e-6 4.565889959084082e-6 6.434553186273086e-7 6.304490049350308e-7 8.063694519573756e-8 7.949290007679679e-8 1.456860289899098e-8 1.439160492294846e-8 4.429081717482987e-9 
1.6  0.5006332118661563 0.49371744099046216 0.0026701703734081984 0.002633309002039513 0.00016921933906234333 0.0001668819786756202 4.303472476756102e-6 4.24337397865786e-6 5.208138862985809e-7 5.115624048441034e-7 7.901583033894764e-8 7.792776222806782e-8 1.3531619542473277e-8 1.3342801682323214e-8 3.409435504188821e-9 
1.7  0.500735122275255 0.49366624639874646 0.002657031866453262 0.002619539438020017 0.00015764432531376627 0.0001554201348875144 4.01356699338692e-6 3.957007276906099e-6 4.2612456463200277e-7 4.2013585138346054e-7 7.760905762852046e-8 7.651939309904059e-8 1.2377839328037092e-8 1.2220347917485906e-8 
1.8  0.500577439587028 0.49386810996655844 0.0026439484898224007 0.0026085115113084387 0.00014780743653853084 0.0001458264384158106 3.75671361846766e-6 3.7063896398548866e-6 3.620493610957689e-7 3.5720346720555766e-7 7.635548668991605e-8 7.533306093582571e-8 1.1316771240737306e-8 1.1208924003581158e-8 
1.9  0.5007750321455833 0.49370944824226015 0.0026339564916779312 0.0025967891044648547 0.0001394687180313743 0.00013750057270389218 3.531251569973255e-6 3.481431066471786e-6 3.131498652759458e-7 3.087295443620125e-7 7.528457766453e-8 7.421789561868753e-8 1.0381288814070842e-8 1.0279473188886786e-8 
2.0  0.5006112775632247 0.4939080474949616 0.0026229947467043004 0.002587873794427026 0.00013212646234395074 0.0001303573452932582 3.327667422649472e-6 3.283122295025808e-6 2.744430939516777e-7 2.7076980739457073e-7 7.425966949747107e-8 7.326603205405543e-8 9.58640476129018e-9 9.47832046053357e-9 
2.1  0.5006643449229202 0.4938861726966031 0.002614099425729652 0.002578715088259185 0.0001257355813020636 0.00012403363568812896 3.146967378271104e-6 3.104397704091314e-6 2.436641513821058e-7 2.4036890221460767e-7 7.337872404063314e-8 7.2385381432708e-8 8.784021525691336e-9 8.703237736877856e-9 
2.2  0.5006493103011872 0.49392942931973516 0.0026056018581272363 0.0025706334813177666 0.00012005668002690633 0.0001184455219126363 2.984260160209693e-6 2.9442233145128312e-6 2.1850458850527074e-7 2.1557420438629818e-7 7.256894438198215e-8 7.15968316987527e-8 8.11087254779933e-9 7.99877824776966e-9 
2.3  0.5005138674135067 0.4940905487281185 0.0025971352759875665 0.0025638217929956084 0.00011495700095861964 0.00011348259913744 2.8366623879659305e-6 2.800333960858715e-6 1.976031203234557e-7 1.9507723788534883e-7 7.180690204835714e-8 7.089232676038516e-8 7.468177117595372e-9 7.345182394637972e-9 
2.4  0.5004685374655444 0.4941593810591662 0.0025897273015769652 0.0025570764412029784 0.00011039178324460555 0.00010899996694682807 2.7036340541507637e-6 2.669532577765445e-6 1.8001004416726038e-7 1.7773909202347606e-7 7.113659467120575e-8 7.023755821556337e-8 6.891442099269305e-9 6.800956099303907e-9 
2.5  0.5005962543118405 0.4940532687890247 0.0025837167698845075 0.0025499434362953283 0.00010629698175617356 0.00010490628248836458 2.583257390107621e-6 2.5492623657975498e-6 1.651396091736655e-7 1.6293257702554632e-7 7.055899308905232e-8 6.962222386785609e-8 6.373525183350532e-9 6.282026817842149e-9 
2.6  0.5006765104944259 0.49399300970813065 0.002577901231359349 0.0025434851782862034 0.00010256241219659094 0.00010118855979815384 2.468722467913949e-6 2.4296898943863146e-6 1.5148796889519874e-7 1.481844933152175e-7 6.996109780629504e-8 6.900703631797906e-8 5.362846298343605e-9 
2.7  0.5006039213495194 0.4940840343271578 0.00257172979720028 0.002538241376718224 9.912333513789895e-5 9.78301863878175e-5 2.366075595434886e-6 2.333218248465428e-6 1.3985773827129672e-7 1.3761901554243814e-7 6.942608959542325e-8 6.848651116163809e-8 4.944681599608261e-9 
2.8  0.5005682429069905 0.4941368565851656 0.0025661178041339336 0.0025331494846713752 9.597560213457866e-5 9.47413162225545e-5 2.2748062415311645e-6 2.2417701915433647e-6 1.303672036782289e-7 1.2780742502244919e-7 6.891898624685802e-8 6.802069407827148e-8 4.609939523621598e-9 
2.9  0.5004767813078158 0.4942442961056693 0.0025605510099506335 0.0025286691556159597 9.306630980679981e-5 9.190660904406443e-5 2.1892826897842125e-6 2.158836058002006e-6 1.2182945310968389e-7 1.1924632566405874e-7 6.844363491820828e-8 6.759607224688877e-8 4.26786575147976e-9 
3.0  0.5005027703159008 0.49423324439220834 0.002555887274630504 0.002523877386484571 9.039782911959536e-5 8.926536611056056e-5 2.110868853687556e-6 2.081517530737525e-6 1.1418159098947629e-7 1.1169184969975353e-7 6.801271432256441e-8 6.7167367690744e-8 3.9956401034859344e-9 
3.1  0.5005271384094867 0.49422288857699204 0.0025514849893416946 0.0025193499029181003 8.792382859343762e-5 8.68156142891556e-5 2.038499354903579e-6 2.0097502175384753e-6 1.0727209253365584e-7 1.0500573637386265e-7 6.76161483238741e-8 6.67684872887103e-8 3.766342615529892e-9 
3.2  0.500547200326375 0.4942160616407698 0.0025472645432506025 0.002515078299835949 8.561765172431882e-5 8.453783467933043e-5 1.96448363479699e-6 1.942928978526483e-6 9.966850601892614e-8 9.885499284426474e-8 6.729733190750089e-8 6.64699223047407e-8 
3.3  0.5005768265540642 0.4941988051930042 0.0025433936335301902 0.002510996380737514 8.347151242553029e-5 8.240830842143206e-5 1.9013932562441916e-6 1.8771855067436424e-6 9.408314311825316e-8 9.289504020650887e-8 6.685958103376184e-8 6.600129142728349e-8 
3.4  0.500575046201303 0.4942122590247091 0.0025395299503134915 0.0025073008532247466 8.146260834350774e-5 8.042861309595379e-5 1.8433500016252444e-6 1.8199912154712385e-6 8.915676256508221e-8 8.803212690145126e-8 6.654006922067639e-8 6.567883441441269e-8 
3.5  0.5005891743399131 0.4942092154791453 0.0025359629535392295 0.0025036465573474572 7.958031809342441e-5 7.856619984600783e-5 1.7886240081351877e-6 1.765833765148429e-6 8.46034384438968e-8 8.352628261283478e-8 6.620543758897576e-8 6.535918361191793e-8 
3.6  0.5006085478882876 0.4942003240229277 0.002532583340800616 0.002500168517352539 7.78143144193523e-5 7.681834293557089e-5 1.737475761312808e-6 1.7152384477329371e-6 8.046631264368126e-8 7.943140579993411e-8 6.590385925832436e-8 6.50574905723829e-8 
3.7  0.5006550180006322 0.49416380160001205 0.0025295031645723074 0.0024967110782674797 7.615670137734812e-5 7.51693938541688e-5 1.6895982125701654e-6 1.667693089176072e-6 7.668378365762441e-8 7.568242396062433e-8 6.562872993051021e-8 6.47750460124074e-8 
3.8  0.5006625194162081 0.49416575467950885 0.0025263796368767506 0.0024935963280656322 7.458761429423074e-5 7.361971350915316e-5 1.644332508175047e-6 1.6229897332698135e-6 7.31986074212921e-8 7.224045418023172e-8 6.534913331126925e-8 6.45011009955564e-8 
3.9  0.5006681420144059 0.49416913714490285 0.002523381964206769 0.0024906266838936896 7.310507110508802e-5 7.215609955585136e-5 1.6017112116925767e-6 1.5809166104942533e-6 6.999375496815348e-8 6.906596264252073e-8 6.508966737427497e-8 6.424472258964523e-8 
4.0  0.5006760280830795 0.49416979169299674 0.0025205468490141405 0.0024877920276615987 7.17041445163115e-5 7.077227957450662e-5 1.5615963883340931e-6 1.5412906187857747e-6 6.70361142704819e-8 6.615329357325598e-8 6.484480745194288e-8 6.400193545809051e-8 
4.1  0.5006842916465092 0.49416972964616274 0.002517811050894425 0.0024850506036474076 7.037479457889622e-5 6.945906560068859e-5 1.5234729215688847e-6 1.5036378921205763e-6 6.460569238603563e-8 6.427769236195183e-8 6.376499331064508e-8 6.343341532656598e-8 
4.2  0.5006926257676309 0.49416923763734877 0.0025151868381282677 0.002482417058395139 6.911328006971262e-5 6.821281389457435e-5 1.4876691971141215e-6 1.4682820443540819e-6 6.440527238690948e-8 6.356611431097894e-8 6.177711824798793e-8 6.090478795172762e-8 
4.3  0.5007503350228751 0.494119025939569 0.0025129211808310285 0.0024796434877359754 6.792043907298991e-5 6.702097463282043e-5 1.4533892864489199e-6 1.434137613459019e-6 6.418020081558761e-8 6.333015785900635e-8 5.9362700434019646e-8 5.8555324593284436e-8 
4.4  0.500750933019145 0.4941256186611015 0.002510464770120475 0.002477249238190482 6.677736530179034e-5 6.589380712953712e-5 1.4207053088954549e-6 1.4018983144598988e-6 6.395712280406395e-8 6.311083140534644e-8 5.7115261754809806e-8 5.635217330746129e-8 
4.5  0.5007572407860839 0.49412621938111845 0.0025081217758509936 0.002474912085375315 6.568891986889171e-5 6.481915737306573e-5 1.3900628757378107e-6 1.371653578067689e-6 6.383228562029188e-8 6.294581225983755e-8 5.510034674240266e-8 5.429943148757443e-8 
4.6  0.5007606664021178 0.4941294077813062 0.0025058642339708176 0.002472683177532836 6.464988934617183e-5 6.379382876523601e-5 1.3604390475185117e-6 1.342421704426132e-6 6.35807023026711e-8 6.274134616821999e-8 5.311986845409089e-8 5.238429315596279e-8 
4.7  0.5007639756093006 0.4941324672239048 0.002503683529440455 0.0024705287990728843 6.365678841117436e-5 6.281366233200337e-5 1.3321537512907123e-6 1.3144851447409357e-6 6.337555732837684e-8 6.253777655357466e-8 5.12611823103088e-8 5.057412644249322e-8 
4.8  0.5007682106277218 0.49413435833408037 0.002501583080229508 0.002468445657363565 6.27075832458365e-5 6.187687614972067e-5 1.3055089691871452e-6 1.2882065198549523e-6 6.327064972005549e-8 6.238276822231235e-8 4.95792311133317e-8 4.889307140110226e-8 
4.9  0.5007716293990001 0.4941368319656042 0.0024995577832207494 0.00246643955967406 6.179852923960945e-5 6.0979585174912345e-5 1.2798271689190463e-6 1.262849950516366e-6 6.304341276080754e-8 6.220742250067762e-8 4.7954693790091495e-8 4.729543722461124e-8 
5.0  0.5007742117094394 0.4941399384540587 0.0024975886755292096 0.0024645033359439418 6.0926888877221284e-5 6.0119777109904047e-5 1.2552968291655207e-6 1.238662819227351e-6 6.2927540162407e-8 6.204653809453054e-8 4.6431531991615504e-8 4.579378484687994e-8 
