#mmax= 10
#m-states: all states (FBR)
#Nr. of sites: 49
 
0.0  1.0 
0.1  0.9968287783311383 0.0025556394578725144 0.0006153254478501382 1.5718553897406913e-7 9.957760010559786e-8 
0.2  0.9866740720460091 0.010980295762487016 0.00233984015471761 2.7769561641338287e-6 1.7040094433479319e-6 1.311071179339119e-6 
0.3  0.9667261178497898 0.02845502205600229 0.004766759215279554 2.3801263009187872e-5 1.755836207446966e-5 1.019886880783353e-5 2.3498342387492527e-7 1.855579371201896e-7 1.1050922871054175e-7 1.1334448180600662e-8 
0.4  0.9254173157978324 0.06707363477075773 0.007010875095792945 0.0003351882457962325 9.910060968953749e-5 5.3439905524025596e-5 5.257392742296662e-6 3.1095450222234173e-6 1.4550442503045893e-6 4.514006940461707e-7 6.817473993819383e-8 4.184360038237654e-8 3.697831351936164e-8 2.5195245587838172e-8 
0.41  0.9184925340396921 0.07369267442485952 0.007159533858377365 0.0004522676891992787 0.00012290934545229482 6.53592166550626e-5 7.32007544819317e-6 4.040116878533005e-6 2.593276298940739e-6 4.966871979329653e-7 1.0417268347709829e-7 7.696221169042059e-8 5.531574880855476e-8 3.4819297505634585e-8 
0.42  0.9105233537309833 0.08132179360336925 0.0072812727662600945 0.0006161927991969069 0.00015553907802668947 8.126295624334771e-5 1.0106098038228778e-5 5.237464005871559e-6 4.229918902947196e-6 5.720321250865863e-7 1.5241905727351388e-7 1.3185670539722396e-7 7.524624881274039e-8 5.3152385204934757e-8 2.1298624829859034e-8 5.579826115596796e-9 
0.43  0.9011228595330518 0.09031393955432712 0.007368291555428515 0.0008592113944621938 0.00020301398632627916 0.00010333534339645632 1.4145039936172429e-5 7.109157496590843e-6 6.7617871455460005e-6 6.449968303126332e-7 2.3777360001657567e-7 2.2896163440993348e-7 1.0171295972282495e-7 8.675634307297255e-8 2.4915780477259052e-8 7.531283763999124e-9 
0.44  0.8897000324460885 0.10119902806155487 0.007411407445666634 0.0012335274669676044 0.000276859039111513 0.00013538485389816033 2.0185100771519432e-5 1.2827805036003147e-5 8.743019036147066e-6 7.587551454752672e-7 4.931779234634517e-7 3.688487208495502e-7 1.5335844070171703e-7 1.3964051546088946e-7 2.998325318232546e-8 2.5288145040925238e-8 2.4763776843913693e-8 1.0945949446445369e-8 
0.45  0.8752234413652661 0.11488638687166738 0.007395118341569237 0.001840070477954375 0.0004015589755140619 0.00018471253196768005 2.9485546200266815e-5 2.456925076678242e-5 1.1375544454776814e-5 1.0455473712344329e-6 9.168958480356799e-7 6.350545842631504e-7 2.9312198783253177e-7 1.9506149275300394e-7 7.076171019018541e-8 5.898024248255874e-8 3.415116652627888e-8 1.7655897135003357e-8 1.386433962587084e-8 
0.46  0.8559204578424916 0.13296369616896725 0.007295103349740835 0.0028225104141804476 0.0006274428692814108 0.00026521734992510353 4.291241615475461e-5 4.260083375879313e-5 1.4689494438106644e-5 1.9285344448158095e-6 1.2078320715501598e-6 1.0886607808947828e-6 5.143888796936415e-7 2.5528531123777257e-7 1.4491464915410422e-7 1.3753390624791817e-7 3.8050607210345305e-8 2.903956006732869e-8 2.502085093224538e-8 
0.47  0.8284741989472055 0.15840471777191412 0.007069825625142319 0.004412041664667454 0.0010688349007818268 0.0004054701203780938 7.463824461708169e-5 6.163696680929341e-5 1.8740001857169444e-5 3.83437319443457e-6 2.0705768480682992e-6 1.8183565604657027e-6 8.818140287623355e-7 3.9663320587475533e-7 3.7091791119470734e-7 3.129495829745518e-7 6.724396172474038e-8 6.330303996243703e-8 4.284842754906837e-8 2.822614586529489e-8 8.513722075917078e-9 
0.48  0.788346346045307 0.19567300266584797 0.006665886788706981 0.00653992959596099 0.0018913838222569047 0.0006516064559256708 0.00010852587861334933 8.374095013693124e-5 2.2613163365197236e-5 6.5428652822084494e-6 3.733996484836684e-6 3.0640967977792434e-6 1.2524871725475362e-6 8.959483496959878e-7 6.571011915355483e-7 3.523334079510669e-7 1.5205440310397216e-7 1.4572228626843222e-7 6.572030145537844e-8 5.018806183561574e-8 1.5641137611166437e-8 1.3693881897134908e-8 1.2974977680128925e-8 9.810144804774809e-9 
0.49  0.7328929801868991 0.24820253045738225 0.008380810246123534 0.006055779083170753 0.003141594109733204 0.0010454253713777777 0.00012884723998948488 0.00010224275079645677 2.454234919701671e-5 9.225514806983874e-6 6.089384209068371e-6 5.2164702794689134e-6 1.4213457648638682e-6 1.348028687387738e-6 8.672777178774939e-7 3.6386453368156645e-7 2.578418608363415e-7 2.2421473395715396e-7 9.740473292555477e-8 6.258769519852354e-8 2.1886361843533213e-8 1.7681554299693345e-8 1.4885752251516836e-8 1.4395522472262767e-8 5.42111926441237e-9 
0.5  0.6684930166250226 0.3110830702429629 0.00883862978973549 0.005319241856671699 0.004417252467380265 0.0015548574301284977 0.00012779403121469237 0.00011051168191283443 2.3546432903788474e-5 1.0847333503942019e-5 8.329906720327626e-6 7.925439414954296e-6 1.4386353766669454e-6 1.3019901285043907e-6 9.747060140478791e-7 4.299338081113396e-7 2.93517085365498e-7 2.433960284007938e-7 1.232198031981881e-7 8.22055575272444e-8 2.375901379399437e-8 1.94322157780273e-8 1.8164900971173628e-8 1.6076285121495054e-8 6.305545465572179e-9 5.420665061629622e-9 
0.51  0.6097210978865374 0.37023029510699684 0.007981831187533501 0.0051077932871447405 0.004629459728651231 0.002056709699727284 0.00011178881718745049 0.00010577423187542948 2.080302148830126e-5 1.0585089037280554e-5 1.0212787330763167e-5 9.245406626108543e-6 1.2004142486660946e-6 1.0200862784040857e-6 9.207222431018541e-7 4.830754427676463e-7 2.576406488364301e-7 2.0728676801731552e-7 1.2647530754630994e-7 1.026918827874124e-7 2.1302056743837043e-8 1.8265298078495504e-8 1.7257111651334583e-8 1.5787014644480207e-8 6.904606123349426e-9 5.840957541364485e-9 
0.52  0.566734574625768 0.4146848797226328 0.006696497613276824 0.005097943533612276 0.004109216614039869 0.002442138177908467 9.234171808490799e-5 9.170032088102351e-5 1.8016822228676582e-5 1.1509579262202935e-5 9.10772281926621e-6 8.64646435455904e-6 8.664851871093147e-7 7.328950504151015e-7 7.328205479502209e-7 4.5418087240645537e-7 2.1683009640490705e-7 1.3845607338226224e-7 1.1649668917133805e-7 1.0197000886091925e-7 1.698280492817359e-8 1.516747898992609e-8 1.5154882272334597e-8 1.322560359056647e-8 6.4198383601516745e-9 
0.53  0.5382712898818801 0.444820715235651 0.005540366038633536 0.004716112492226602 0.0037498432757756403 0.002704518339847849 7.72472657442662e-5 7.466070900273997e-5 1.5849788010969154e-5 1.2039378964554647e-5 7.420620933459347e-6 7.372885360215234e-6 6.003817562596307e-7 5.445591707285615e-7 5.173325330881145e-7 3.8548987782845394e-7 1.776395932672561e-7 1.2340918465198738e-7 9.020992257262872e-8 7.518278664576758e-8 1.3521480445997788e-8 1.3332470868196078e-8 1.1658488936124267e-8 1.1370705583419122e-8 
0.54  0.520896154483506 0.46370407467367786 0.004634854538225695 0.004217677841773675 0.003516885166374149 0.0028644569597792283 6.405879786745402e-5 6.15476619581203e-5 1.4341045165978107e-5 1.2115746031586644e-5 5.9888362483932075e-6 5.912281695137031e-6 4.17066804971281e-7 3.9371291140350534e-7 3.7276199335411466e-7 3.13922559132576e-7 1.544319436388373e-7 1.2390316276838835e-7 5.9233559927216734e-8 5.250351394354401e-8 1.2531415300755401e-8 1.152552828005002e-8 1.0726904774292828e-8 9.64739936907852e-9 
0.55  0.5103771745614768 0.4754816060282872 0.003943773154309582 0.003733615703654452 0.0033639560739721075 0.0029583167671272735 5.361877318317361e-5 5.175022794266799e-5 1.3288080272959374e-5 1.1985675523229812e-5 4.757393035581382e-6 4.6699779139793725e-6 2.959653352029387e-7 2.858600910589857e-7 2.80576534156808e-7 2.56705927988598e-7 1.343104853937754e-7 1.1886035547438386e-7 3.927146160783172e-8 3.634867580090692e-8 1.1887595224990956e-8 1.1341060238415282e-8 8.254081928491136e-9 8.201698578333626e-9 
0.56  0.504145621774761 0.4827453996207036 0.0034106499269888416 0.00330393463187356 0.0032627152715024215 0.003009363793545989 4.5391510045134206e-5 4.423985513858863e-5 1.2537370736789574e-5 1.1765632060115204e-5 3.7030459868012314e-6 3.5390687538042038e-6 2.2394682993094885e-7 2.1546952870378098e-7 2.133238671487496e-7 1.9825978204052063e-7 1.1333881015536704e-7 1.0825585298536172e-7 2.356628393200626e-8 1.344415609620671e-8 1.1361491896355172e-8 1.1178060744596087e-8 6.353243208384933e-9 
0.57  0.500482336255644 0.48725297848366733 0.0031937610689144543 0.003034311652579651 0.002991552868653979 0.002936990328675361 3.938799353491462e-5 3.8581929034241405e-5 1.1985180157080661e-5 1.1524023061014858e-5 2.8564164290792036e-6 2.8107534525411363e-6 1.9187442031719288e-7 1.9156023831098052e-7 1.5507883626139653e-7 1.5254454277617247e-7 9.454236467547824e-8 9.292951215399716e-8 1.1720977402971175e-8 1.1228155956908506e-8 1.0866217630831554e-8 1.070093249365416e-8 
0.58  0.49831865367667805 0.4901163252162267 0.0031445783615339563 0.0030440215859263574 0.002653717243939375 0.002625672534954575 3.470455610828954e-5 3.419926255723856e-5 1.1560594973426385e-5 1.128265022011345e-5 2.258950742525682e-6 2.2359250284123934e-6 1.7614157142000044e-7 1.7458842276861919e-7 1.2128769744278317e-7 1.2024022110771485e-7 7.791514760532275e-8 7.770661156271759e-8 1.0602508337730925e-8 1.0515570924721725e-8 1.0395260171177022e-8 1.0048099424891711e-8 
0.59  0.497085176689525 0.49193456579600253 0.003108475020536225 0.003044311963992865 0.002376864543601128 0.0023623325930553656 3.101697123788461e-5 3.0696527438413154e-5 1.1224307437314663e-5 1.1054125359059206e-5 1.8007775351555001e-6 1.7893035108412265e-6 1.656566430398251e-7 1.6398152335595298e-7 9.758646256110933e-8 9.717279029029792e-8 6.435229220192288e-8 6.417299829534813e-8 9.982589795558565e-9 9.875970619689437e-9 9.315146386998052e-9 9.2843542689081e-9 
0.6  0.49636918446595374 0.4931480395753851 0.003080395470280885 0.0030395227528095393 0.002144663989183748 0.0021372469905487986 2.7961851179323428e-5 2.7761363757457967e-5 1.0944969092827741e-5 1.0837110604829687e-5 1.4280704450313853e-6 1.4117601343284573e-6 1.5771763074696833e-7 1.5664481765194893e-7 8.015335329058048e-8 7.291042047709976e-8 5.3466116086995486e-8 5.3232071660732057e-8 9.476954347266193e-9 9.402565326764532e-9 8.626696057537513e-9 
0.7  0.4982914820236322 0.49376290184822796 0.002958681257902089 0.0029317911194107825 0.0010089690678190576 0.0009998631500844231 1.343914036548764e-5 1.3340349877238566e-5 9.432407617205497e-6 9.347521190688877e-6 2.088631077210694e-7 1.973070893612857e-7 1.2556114016385127e-7 1.2513531604728606e-7 2.6290826262762628e-8 2.3319399061806184e-8 2.0597648184130206e-8 2.0433889064613503e-8 4.60546246666283e-9 
0.8  0.5005132613989624 0.49246186357860444 0.002898194056667134 0.002851578193098908 0.000626162600140285 0.0006160644944914179 8.536058971934843e-6 8.398508977217096e-6 7.83558190105853e-6 7.704776738688484e-6 1.1313432820444744e-7 1.1133908593450496e-7 5.297556424475027e-8 5.151415708950251e-8 1.94344321321024e-8 1.9110388094078085e-8 1.6761461372633333e-8 1.6482031433475164e-8 
0.9  0.5009666345296648 0.49246854943452495 0.0028484176123148926 0.002800084923339856 0.00044930764322950967 0.00044166688502840994 7.765764395707273e-6 7.633524603230063e-6 4.8499903535325595e-6 4.765679212809988e-6 1.0510516283042192e-7 1.0321764867896413e-7 2.6134159410186735e-8 2.5599034003358817e-8 1.928493460039024e-8 1.895135106027049e-8 1.297329161925779e-8 1.2747753712032032e-8 
1.0  0.497346054182981 0.4963654754065386 0.0027875283177499098 0.0027819317851971535 0.00034961332060004947 0.00034889513281790777 7.021145784555328e-6 7.005316831273771e-6 3.110684572189211e-6 3.103496529643757e-6 9.445435726745243e-8 9.391850270826123e-8 1.883245754176961e-8 1.8804551496531803e-8 1.7646360267994227e-8 1.7554171145311802e-8 
1.1  0.4997780303650579 0.4941193870724673 0.0027684885371528026 0.0027371400181425277 0.00029150068268819773 0.00028820154466831276 6.4427956667009584e-6 6.36989148925306e-6 2.10899637933638e-6 2.085319556778884e-6 9.048121556534674e-8 8.945280701588217e-8 1.8430038205651297e-8 1.8229278327161635e-8 1.4176820883731246e-8 1.4006571658983272e-8 
1.2  0.5033866678947203 0.4906464870900175 0.0027611230329132016 0.002691241985611169 0.0002529832399568481 0.0002465804725258261 5.942127856149384e-6 5.791916091267012e-6 1.4946222010760009e-6 1.4568738681519317e-6 8.788761686384062e-8 8.566901241835554e-8 1.7512714782031223e-8 1.7374399355669415e-8 1.1233509001322093e-8 1.106699322318232e-8 
1.3  0.5020482358311069 0.4920897448734353 0.0027305794747848763 0.0026764224869860525 0.0002231407743121626 0.0002187153271671562 5.443783130696501e-6 5.3360989874030414e-6 1.0918648207171277e-6 1.0702840531923667e-6 8.496263122735729e-8 8.3277137238565e-8 1.6509140331967813e-8 1.635771928611223e-8 9.142791254514131e-9 8.951797839731562e-9 
1.4  0.49823432526030187 0.49598774039370847 0.0026900298321932657 0.0026778996945404105 0.00019955518376094342 0.00019865523103068054 4.981438678916448e-6 4.958968258390986e-6 8.241254929640013e-7 8.203762640084002e-7 8.215110608098139e-8 8.177768932797847e-8 1.566764426088052e-8 1.5589385540551365e-8 7.1753802908871855e-9 7.1345657832571915e-9 
1.5  0.49878694149827185 0.49550489953485294 0.0026756172969956637 0.002658016245064183 0.00018252698198565663 0.00018133410461775089 4.613801829325537e-6 4.583194181770875e-6 6.400414668268779e-7 6.337661326818272e-7 8.031730151102984e-8 7.979971457941308e-8 1.4563245095851504e-8 1.444264780495763e-8 4.4116944344383085e-9 
1.6  0.4972209493689865 0.49712970619883107 0.002651965303280012 0.0026515112120765903 0.00016806440337733725 0.00016803707144682562 4.274487404968124e-6 4.272303716359726e-6 5.178769990156832e-7 5.146251610129574e-7 7.8474119725063e-8 7.846892721055765e-8 1.3459728327916403e-8 1.3419048969741174e-8 3.3268954455271304e-9 
1.7  0.49903497802294655 0.49536638492570756 0.0026480138385194135 0.0026285614267981677 0.00015711015206178286 0.0001559555771521159 3.999983029132451e-6 3.970623789658167e-6 4.2492565464693416e-7 4.217605242159821e-7 7.735836390304974e-8 7.679313990713333e-8 1.234647920474719e-8 1.2265833843887926e-8 
1.8  0.4996143258720117 0.494831113690838 0.00263891318429714 0.0026136505936635583 0.00014752612988895865 0.00014611392526774552 3.749693037703381e-6 3.713800500186009e-6 3.611456153618128e-7 3.5769111304298585e-7 7.619172418736448e-8 7.546663752375499e-8 1.135086671399408e-8 1.1264539825051956e-8 
1.9  0.4998273970727586 0.49465711004825375 0.0026289580796325313 0.00260176216128331 0.0001392040901407396 0.00013776403657903566 3.524560335285227e-6 3.4880833491294044e-6 3.12445977814183e-7 3.092104363647224e-7 7.513861034214812e-8 7.436021009764986e-8 1.0443849066910414e-8 1.0268586039695453e-8 
2.0  0.499779252617595 0.4947400149895098 0.0026186501348443507 0.0025922733551343334 0.00013190711292771282 0.00013057893699274368 3.3221042216899082e-6 3.2887436597354114e-6 2.7405687142869045e-7 2.713182231176401e-7 7.413474677495754e-8 7.340142697706027e-8 9.59601747207496e-9 9.49783217621784e-9 
2.1  0.5001900206012241 0.4943604662544723 0.0026116430668328655 0.0025812007117168283 0.0001256173565607567 0.00012415298906987238 3.1440169621001373e-6 3.10734100977123e-6 2.4360160525779885e-7 2.407591277100222e-7 7.33233493775949e-8 7.246590909542159e-8 8.830330445377188e-9 8.68183217231148e-9 
2.2  0.4998821241395215 0.49469661260875714 0.0026016119061664654 0.0025746265512651303 0.0001198726026485777 0.00011862937551566454 2.9796098603208116e-6 2.948730494345797e-6 2.1823427473392343e-7 2.159778080901818e-7 7.246525984943285e-8 7.171777157186451e-8 8.112424323561737e-9 7.968236704524731e-9 
2.3  0.5003073116807427 0.4942971042776095 0.00259607168103088 0.0025648855240436082 0.00011490996110667421 0.00011352967365553538 2.8355275725369683e-6 2.801483845847475e-6 1.9752130524250038e-7 1.9515330219878353e-7 7.178360851549545e-8 7.092210410127037e-8 7.473007131881317e-9 7.337067646417646e-9 
2.4  0.5000561354533077 0.49457177776958583 0.002587594496560497 0.0025592143926429062 0.00011030081273555026 0.00010909108948852811 2.7014011963500374e-6 2.671766053827933e-6 1.7986114060893074e-7 1.7788815037996768e-7 7.107614243815407e-8 7.029765079431982e-8 6.8878944884398305e-9 6.807453381621564e-9 
2.5  0.5001774142694967 0.49447211315615747 0.00258155645724088 0.0025520986132161385 0.00010620914362344576 0.00010499530559531267 2.5812860292794664e-6 2.5511471479094864e-6 1.6491699234703193e-7 1.6291456809491525e-7 7.048577888489195e-8 6.966837907223248e-8 6.355335710428372e-9 6.28044204950601e-9 
2.6  0.5001447028133535 0.49452483397639824 0.0025751601735558224 0.0025462112874779317 0.00010245208137155202 0.0001012978173818335 2.4620085818088415e-6 2.4361293566026204e-6 1.5028167505811946e-7 1.4928014640228927e-7 6.987241986604491e-8 6.90567880618847e-8 5.22149732514729e-9 
2.7  0.49998194333367335 0.4947060185372183 0.002568528214527965 0.002541437150833175 9.899894826083184e-5 9.795429290414227e-5 2.3605836179261794e-6 2.3386672630426385e-6 1.3898976370959152e-7 1.3849379361825992e-7 6.933501788377671e-8 6.857752778802474e-8 4.875602001345769e-9 
2.8  0.49997159546514647 0.49473352080263727 0.0025630506153439163 0.002536200987936743 9.58602221294347e-5 9.485592281433532e-5 2.271594625659765e-6 2.2447585617418967e-6 1.3030510179678833e-7 1.2783397025882394e-7 6.881912996904311e-8 6.811449586353188e-8 4.5581082123024355e-9 
2.9  0.4998777429833706 0.494843339040429 0.002557484419024757 0.0025317317314824833 9.295432714754917e-5 9.201807411223715e-5 2.1868652004386023e-6 2.1611955223695306e-6 1.2171577913034823e-7 1.1932283489251724e-7 6.835632943725202e-8 6.767250608807332e-8 4.296263159349439e-9 
3.0  0.4998366372841935 0.49489938340568057 0.0025524845648454476 0.0025272744665341303 9.027769677088233e-5 8.938519070381847e-5 2.108262063246794e-6 2.084091639916542e-6 1.1406579243211419e-7 1.1179867425799614e-7 6.791968555055306e-8 6.725054100984165e-8 4.00287810650927e-9 
3.1  0.4998445121092742 0.49490551482666556 0.002548003344900604 0.002522831684673104 8.780327952059988e-5 8.693614678177704e-5 2.035489183504402e-6 2.0126721810891926e-6 1.0719555761103683e-7 1.0514279311963346e-7 6.751883099757982e-8 6.685215112678664e-8 3.7374882918506836e-9 
3.2  0.4998409017323365 0.4949223735753945 0.002543686968395787 0.002518649588172234 8.549776238604062e-5 8.465464770093196e-5 1.961966702732118e-6 1.9419292114953662e-6 9.959596489040515e-8 9.852200926666387e-8 6.72058927592302e-8 6.650583450648083e-8 
3.3  0.4997719306283161 0.4950036312133534 0.0025393369707465033 0.0025151151636261136 8.334141612763666e-5 8.254421172920451e-5 1.8995445806542719e-6 1.880628946637517e-6 9.41446303489073e-8 9.313116613703404e-8 6.683144760892249e-8 6.611532948644437e-8 
3.4  0.4997477415224885 0.4950395343390692 0.0025353659361133057 0.0025114950469308857 8.132808524425182e-5 8.056252684872175e-5 1.840223155841438e-6 1.8228966871245654e-6 8.902234073524767e-8 8.815558715410946e-8 6.646778079707311e-8 6.577775423901638e-8 
3.5  0.49954560975244117 0.4952527801136094 0.002530675649359846 0.0025089336317636107 7.941446783243612e-5 7.873214585537799e-5 1.7849588049211059e-6 1.7696218569160744e-6 8.446052368184918e-8 8.362483344545943e-8 6.607180532785716e-8 6.550131304650367e-8 
3.6  0.49955146401140155 0.49525739130956287 0.002527221016444384 0.0025055453640357435 7.765008996848216e-5 7.698436614901388e-5 1.7338579108389637e-6 1.7190325159260447e-6 8.031089871709691e-8 7.962721173885807e-8 6.581412912172438e-8 6.51997708982423e-8 
3.7  0.49953990732758446 0.49527886986375785 0.0025238853629746478 0.002502369217629825 7.598785768974844e-5 7.534011624372102e-5 1.6858961887150518e-6 1.6715101700205076e-6 7.653215038165744e-8 7.587474818547231e-8 6.553157304175843e-8 6.49092891767281e-8 
3.8  0.4995374700542905 0.49529077060998133 0.002520712452455057 0.0024992947722796127 7.442068440075457e-5 7.37884549566928e-5 1.6407711045497572e-6 1.6268245060464377e-6 7.306142356602882e-8 7.241144491180846e-8 6.525520907180551e-8 6.46479482125559e-8 
3.9  0.4995367837915629 0.4953004634826876 0.002517689496135808 0.0024963488440068026 7.294058758167791e-5 7.232238058542043e-5 1.5982276253323174e-6 1.5846702494068011e-6 6.986595029520826e-8 6.926949911634258e-8 6.499411474665959e-8 6.438999871994863e-8 
4.0  0.49953471622910084 0.4953111181121917 0.002514788904539744 0.0024935368562726047 7.153986266231065e-5 7.09353194412296e-5 1.5579184983763646e-6 1.5447475482969764e-6 6.687348156702869e-8 6.629205130129282e-8 6.474258796866236e-8 6.414162655805159e-8 
4.1  0.4995302176695987 0.4953238076463149 0.0025120056444107156 0.002490852865865174 7.021219766400272e-5 6.962094416351381e-5 1.519887738144871e-6 1.5070842788859317e-6 6.445261398275161e-8 6.412462984295176e-8 6.391021119107435e-8 6.357251033177758e-8 
4.2  0.4995182201328136 0.495343644274251 0.002509287717264126 0.002488317383052856 6.895048966012661e-5 6.83742657559744e-5 1.48380990296618e-6 1.4714094478313968e-6 6.422204438837689e-8 6.368552201056986e-8 6.156822583962146e-8 6.104206070952067e-8 
4.3  0.49951556507110995 0.4953538022002899 0.002506722185572214 0.002485837689781915 6.775239690996323e-5 6.718794466558478e-5 1.4496171543560004e-6 1.4375436309794793e-6 6.400407667895204e-8 6.347098259259771e-8 5.918962811044074e-8 5.868619777790105e-8 
4.4  0.4995140584420294 0.49536250953005645 0.00250424841528523 0.002483449292381477 6.661211460556933e-5 6.605891287037982e-5 1.4172400352709618e-6 1.4054848148004113e-6 6.380818650253591e-8 6.327412071114549e-8 5.6983061320506955e-8 5.650255492426944e-8 
4.5  0.4995117652524496 0.4953716901318815 0.0025018880224837252 0.002481151525962175 6.552543830360429e-5 6.498231959654459e-5 1.3863719594255727e-6 1.3748821963013703e-6 6.361468374191485e-8 6.307991408895347e-8 5.49137970964548e-8 5.444677528491147e-8 
4.6  0.49951559879422275 0.4953744885377648 0.0024996249347703997 0.002478910110678623 6.448875875035428e-5 6.395431459390921e-5 1.3569841383204816e-6 1.3457436838219223e-6 6.342907492520256e-8 6.28926094831584e-8 5.297832861127703e-8 5.252138337065822e-8 
4.7  0.49951268118292536 0.49538377064450706 0.0024974193395886444 0.002476783151604268 6.349777121838984e-5 6.297308005239018e-5 1.3289784911651125e-6 1.318000222578584e-6 6.324919506965613e-8 6.271579021137625e-8 5.116468484562709e-8 5.0721722280756965e-8 
4.8  0.4995114668653373 0.4953911082868352 0.0024952992527859674 0.002474724093324447 6.254986881997824e-5 6.20341036759439e-5 1.3021092546211342e-6 1.2913788956072574e-6 6.305923587389868e-8 6.25276537980141e-8 4.943467267808162e-8 4.9019512074154924e-8 
4.9  0.4995092286359435 0.4953992432566979 0.002493248063602283 0.002472738771040637 6.164257210543328e-5 6.113540520104836e-5 1.2766335661330024e-6 1.266123981368292e-6 6.289869273748708e-8 6.236970660438634e-8 4.784243535107176e-8 4.742702722725737e-8 
5.0  0.4995088824803147 0.4954052727438887 0.0024912735516855193 0.0024708134276492555 6.07728646499914e-5 6.027375984400834e-5 1.252136886668633e-6 1.241857915652574e-6 6.273008947361367e-8 6.220411808714637e-8 4.631942501694951e-8 4.592353391256145e-8 
