#mmax= 5
#m-states: all states (FBR)
#Nr. of sites: 4

0.0  1.0 
0.1  0.9968300599051114 0.002554250594079166 0.0006154182183840182 1.570705604580832e-7 9.953263411892381e-8 1.4679230643603424e-8 
0.2  0.9867870842579203 0.010861563515357803 0.002346181734662163 2.7233393259317253e-6 1.683134046290044e-6 7.509875530761724e-7 1.3031134400187258e-8 
0.3  0.9683665950902959 0.026756128102343797 0.004846242968257442 1.542400294626567e-5 9.293248290147608e-6 6.0976632401709945e-6 1.1181934468513799e-7 5.685413447226595e-8 5.0251146624771976e-8 
0.4  0.9396365883919017 0.05268750269340244 0.007567122610938811 5.4019101823914195e-5 3.250408487842137e-5 2.1123830925376493e-5 4.628724956297745e-7 3.5541865912902667e-7 2.589034492543272e-7 2.4309561604480417e-8 2.1224561975706495e-8 1.6557401776275093e-8 
0.41  0.9361418433564208 0.05591066600781141 0.007826698956805872 6.009241702799136e-5 3.622901582097896e-5 2.3179826523278126e-5 5.153638871096225e-7 4.099270157254009e-7 2.924191910191548e-7 2.863587133488464e-8 2.4616500593137158e-8 1.9457123740202256e-8 
0.42  0.9325317014131271 0.05925315653699673 0.008081438393530515 6.664878214300179e-5 4.027793613840774e-5 2.53206625900546e-5 5.718764443718228e-7 4.7028959774650324e-7 3.287577201948091e-7 3.395594304616357e-8 2.8417911313565104e-8 2.2977857658235302e-8 
0.43  0.9288076728393238 0.0627140211126596 0.008330767063234662 7.37031222502175e-5 4.4668352221286574e-5 2.7532734946005648e-5 6.317904409213205e-7 5.362835199519278e-7 3.672785315079518e-7 3.989847126824639e-8 3.2611886189381384e-8 2.691251482194772e-8 
0.44  0.924970277270724 0.06629329207109848 0.008574106759553508 8.127006109574866e-5 4.941825712106078e-5 2.9808669875375307e-5 6.952456526642661e-7 6.081952200525035e-7 4.08093410777793e-7 4.6730347232779335e-8 3.722814781716154e-8 3.1417753537832644e-8 
0.45  0.9210203839530192 0.06999064608389349 0.008810888059386478 8.936235072036124e-5 5.454569060700955e-5 3.214046797743605e-5 7.62366552029932e-7 6.862260524251722e-7 4.512500593714293e-7 5.464234052956086e-8 4.229428009849102e-8 3.661511132910457e-8 
0.46  0.9169605672886643 0.07380396790276843 0.009040643823845906 9.798808735324352e-5 6.0067577886924036e-5 3.45130072191782e-5 8.326178774443737e-7 7.700749779397779e-7 4.961083701152329e-7 6.33782321658928e-8 4.7790431855503655e-8 4.2342372198031885e-8 
0.47  0.9127919930763909 0.07773259443062033 0.009262850689002336 0.00010715561790926192 6.600161720962416e-5 3.691943367836813e-5 9.063148156537793e-7 8.600141714533567e-7 5.429013171435853e-7 7.331439467770508e-8 5.375585269702082e-8 4.8834637574405084e-8 
0.48  0.9085161215691028 0.08177547534051366 0.009477053991845324 0.00011687773338176619 7.236588595231054e-5 3.9352827302329506e-5 9.958902130919353e-7 9.555615827091112e-7 5.906972175688225e-7 8.406750985823454e-8 6.035540592509688e-8 5.591872682359313e-8 1.0161246859455309e-8 
0.49  0.9041404279222807 0.08592540989604283 0.009683061296368882 0.00012713318011924797 7.917085987746176e-5 4.17820875430401e-5 1.0786395034016645e-6 1.0570227883897284e-6 6.401505403737461e-7 9.633397789541546e-8 6.734555143003148e-8 6.391301148504798e-8 1.1352394713799533e-8 
0.5  0.899662188890814 0.09018584843975708 0.009880079440631415 0.00013793733317065123 8.643794102136886e-5 4.421930983220433e-5 1.164292414040925e-6 1.1631020454532459e-6 6.910154774001251e-7 1.1007084188692818e-7 7.475485801015133e-8 7.281985321654488e-8 1.2589283626727333e-8 
0.51  0.8950872110972298 0.09455114779747731 0.010067962707495224 0.00014927991631673057 9.417920486248735e-5 4.6644478212444066e-5 1.2769970202223794e-6 1.2504898258097334e-6 7.428168490921328e-7 1.2529467398066985e-7 8.265693906535952e-8 8.264166599037733e-8 1.3901432070980159e-8 
0.52  0.8904193101050902 0.0990178046192944 0.010246405811305032 0.00016115185028883115 0.00010240802950736876 4.904689226117364e-5 1.3948731667272615e-6 1.3406422666811057e-6 7.953147600347446e-7 1.420975904267305e-7 9.347586395117617e-8 9.10015542211048e-8 1.528705103969073e-8 
0.53  0.8856625967294394 0.10358198674243538 0.01041514098074871 0.0001735405857139424 0.00011113671514309976 5.141629900732903e-5 1.5176200860069174e-6 1.4335659989821917e-6 8.482666304525169e-7 1.6057646886657442e-7 1.0533311791994218e-7 9.983870269743567e-8 1.6746507429637983e-8 
0.54  0.8808217709117923 0.10823921486067571 0.010573964803831007 0.00018642953449532436 0.0001203759769260854 5.374238930519721e-5 1.6448646967240734e-6 1.528786502122278e-6 9.01403436954191e-7 1.8081078253942136e-7 1.1826359694657652e-7 1.0912244860265965e-7 1.8271510105886208e-8 
0.55  0.8759016080451385 0.11298491439740832 0.010722696260706195 0.00019979901248718556 0.00013013545239199062 5.60159321782122e-5 1.776222279867424e-6 1.6262848623909232e-6 9.54478894235192e-7 2.0288859286465678e-7 1.3231477056808694e-7 1.188495191949363e-7 1.9860770839712304e-8 
0.56  0.8709070864729825 0.11781426935437496 0.010861195615794355 0.0002136263208307961 0.00014042353850024478 5.822927684589389e-5 1.911285734836392e-6 1.7259142211204014e-6 1.0072790933020002e-6 2.2689548205840313e-7 1.4752879589640453e-7 1.2900650290892184e-7 2.1510840785122186e-8 
0.57  0.8658440005015855 0.12272158438093325 0.010989397218657729 0.00022788360177101433 0.00015124605677712072 6.0372145059978526e-5 2.0495504227569956e-6 1.8274693071563727e-6 1.0594822370351642e-6 2.5288456675420355e-7 1.6392364580599808e-7 1.3957023696331144e-7 2.321479917512708e-8 
0.58  0.8607178145381761 0.12770148067093387 0.011107246192507213 0.0002425416925348815 0.0001626082386246654 6.243846221755809e-5 2.1905562691579927e-6 1.93080928379553e-6 1.1108915278060934e-6 2.809276681138255e-7 1.8152953548524105e-7 1.5052244948894444e-7 2.496827169307239e-8 
0.59  0.8555343280706009 0.13274812994251436 0.011214760687497667 0.0002575735967715035 0.00017451455146704308 6.444418885168426e-5 2.336716739167051e-6 2.0359018536569394e-6 1.1684209239627896e-6 3.123838539810575e-7 2.0022783580243475e-7 1.6187810008967168e-7 2.7204523806894856e-8 6.228466348579342e-9 
0.6  0.8502995290980679 0.13785568587678035 0.011311930261397454 0.00027293327214889375 0.00018696439973244004 6.63404942576152e-5 2.4819060939270643e-6 2.1424042645000457e-6 1.218022458733375e-6 3.4480488512820707e-7 2.2028595382712903e-7 1.7354334809013415e-7 2.907503219245229e-8 6.55557859903986e-9 
0.7  0.7965215311304331 0.19086205858027794 0.011749918674607009 0.00043573478603369046 0.0003405025031956634 7.983121252832475e-5 3.914723253967941e-6 3.264024875426575e-6 1.611611256301531e-6 7.882396957126243e-7 4.838917339951531e-7 3.0268275261399845e-7 4.8317688013425726e-8 9.621668365144987e-9 
0.8  0.7442673476907725 0.24309606745799017 0.01141449512209213 0.000585551116109244 0.0005384025609125616 8.412341662942282e-5 5.033169204157115e-6 4.460124074241135e-6 1.7801095472226919e-6 1.3981127338999333e-6 8.203631402650913e-7 4.3693346156924393e-7 6.471567074699926e-8 1.1702054303047757e-8 7.405606773085093e-9 
0.9  0.6978070913684726 0.2899950114102179 0.010644415585576305 0.0007621612820916138 0.0006914813914107063 8.294311340095473e-5 5.713627308739885e-6 5.626940451411721e-6 2.0248389272447183e-6 1.7598083002101782e-6 1.1210823916373437e-6 5.53810576284309e-7 7.231774287745304e-8 1.2492113932277106e-8 8.558847753677438e-9 2.372169172857693e-9 
1.0  0.6589027796803859 0.32954099891949123 0.00971931322900705 0.0009927393208164477 0.0007451576735066305 8.00344759548843e-5 7.0099705294830976e-6 5.75628459897371e-6 2.496967609023763e-6 1.639240143817043e-6 1.3209827490170537e-6 6.500156791075599e-7 7.297546027484324e-8 1.2327803405929934e-8 9.19641016389882e-9 4.669708003603547e-9 4.070146670901599e-9 
1.1  0.6274207087577635 0.3617084821369451 0.008802291466048651 0.001216244172073539 0.000754461805132226 7.752009636781201e-5 8.278932329642974e-6 5.56895086709249e-6 2.71881305080413e-6 1.4837708766783263e-6 1.42090258989684e-6 7.206061818234698e-7 6.534646423312762e-8 1.1511677361207976e-8 9.651849463251103e-9 6.902173595895336e-9 6.177608897914888e-9 
1.2  0.6024059494802569 0.387366616674698 0.007972777846558728 0.0014244306096426595 0.0007331226542880921 7.611297539201898e-5 9.43104676058759e-6 5.211796626661306e-6 2.6965359126789386e-6 1.4460576577081262e-6 1.3318427257767984e-6 7.771497346112394e-7 5.6681581750952815e-8 1.0837910936038142e-8 1.0063466731782443e-8 9.157797440570418e-9 8.588988496436464e-9 
1.3  0.5826467642910347 0.40769525470169243 0.007253589477807674 0.0016136170123378962 0.000693725867486147 7.581478447482039e-5 1.0402325637615734e-5 4.7872718336184345e-6 2.505026030513287e-6 1.427966874048155e-6 1.1969551724859455e-6 8.224157524416234e-7 4.848844661830217e-8 1.1118329780666546e-8 1.0984809281209126e-8 1.0739909429317268e-8 1.0572369601434908e-8 
1.4  0.5670272452000856 0.4238044136138967 0.00664243548999659 0.001782865450755986 0.0006455222839317089 7.635957375877781e-5 1.1155956359169242e-5 4.356781218404433e-6 2.2270279131750135e-6 1.3871011671490404e-6 1.0820729489900309e-6 8.590318056382768e-7 4.2500572566645924e-8 1.3600269274190234e-8 1.1888092693570092e-8 1.12592329570499e-8 1.1167994572376781e-8 
1.5  0.5546359130024066 0.43660954457523765 0.0061287557213527 0.0019327834197458967 0.0005946895616852157 7.744304054240988e-5 1.1686717112834361e-5 3.954255930288455e-6 1.926465334783001e-6 1.3371904269818178e-6 9.864048094671458e-7 8.894607659897478e-7 3.8845736711559045e-8 1.587768086128874e-8 1.2100367567767123e-8 1.1789406115068194e-8 1.1571457866657402e-8 
1.6  0.544742375896493 0.4468513840015708 0.005697473391665778 0.002064738091450934 0.0005447728587198322 7.882245580077009e-5 1.200327924226773e-5 3.5933722308589863e-6 1.6399928046517352e-6 1.2842870197033916e-6 9.145474222235446e-7 9.068574065411915e-7 3.733963741479934e-8 1.7854549233863833e-8 1.3086588462850872e-8 1.2403919013147907e-8 1.028347843642216e-8 
1.7  0.536789674402795 0.4550969619061474 0.005335015923644956 0.0021804038181967595 0.0004977349412687231 8.031768928186781e-5 1.2128279128073123e-5 3.278767742862136e-6 1.38458134662501e-6 1.2322295562938708e-6 9.350314561542157e-7 8.40282482874916e-7 3.706832968102067e-8 1.9456362094581994e-8 1.4088320645012889e-8 1.2967972912565999e-8 8.56596631556509e-9 
1.8  0.530353489536451 0.46177977193740266 0.0050296248541910685 0.0022815188526119855 0.00045451146873129976 8.180539499718701e-5 1.2090907868604399e-5 3.0097626121559573e-6 1.1831977740235574e-6 1.1653875802200475e-6 9.514081633531349e-7 7.839267758110833e-7 3.731286442893775e-8 2.0637806771270608e-8 1.5076095386219773e-8 1.3463524844558027e-8 6.874549726315492e-9 
1.9  0.5251101745451483 0.46723144799783023 0.004771409523795136 0.0023697610404454163 0.0004154043273350915 8.320254368870798e-5 1.1918557435367868e-5 2.782889675808329e-6 1.137582132796246e-6 9.73937638445901e-7 9.640009020812896e-7 7.346686146592302e-7 3.706485544287379e-8 2.1378501152259002e-8 1.6056012172477794e-8 1.3885988562692097e-8 
2.0  0.520810239057657 0.47170824395102373 0.004552073181381814 0.0024466832202971267 0.00038037248413516487 8.447018637734723e-5 1.164766576427246e-5 2.5941034387463066e-6 1.0972446493052244e-6 9.729486895752691e-7 8.228476484259819e-7 6.927742721822432e-7 3.744864117110588e-8 2.1726385508498686e-8 1.6950698006182596e-8 1.4208940022256612e-8 
2.1  0.5172616496050801 0.47540795700809607 0.004364772887649401 0.002513675350586227 0.00034914567849724914 8.557775819001378e-5 1.1299188125101763e-5 2.4383642772272654e-6 1.0609287209693691e-6 9.78055847859719e-7 6.980186406209424e-7 6.555988447206464e-7 3.761051643646428e-8 2.1707256997568112e-8 1.7794963806942027e-8 1.4444707564214308e-8 
2.2  0.5143163335503469 0.4784831408110871 0.004204096003477859 0.0025719877311211952 0.0003214030090033665 8.651375955540172e-5 1.0896387861635688e-5 2.3111703447553734e-6 1.0286200237559694e-6 9.795903682178763e-7 6.221466890590165e-7 5.951131041947799e-7 3.755018318261169e-8 2.137280577326715e-8 1.858689066481084e-8 1.4597137005555743e-8 
2.3  0.5118582967810117 0.4810535242994971 0.004065566059170047 0.0026227140065226964 0.0002967850843220017 8.727626602261677e-5 1.0457928002758881e-5 2.2082147509154146e-6 9.998036402771348e-7 9.776709776435037e-7 5.915893914978034e-7 5.102374153434937e-7 3.728366633540812e-8 2.077972946097019e-8 1.9324246911680746e-8 1.4671632726883306e-8 
2.4  0.5097966385136532 0.48321297718177486 0.003945584916165508 0.002666818391530029 0.0002749447178990193 8.786955193397652e-5 9.999379335132725e-6 2.1255813926899895e-6 9.741401060823802e-7 9.726922788417362e-7 5.633266352865532e-7 4.400949015314427e-7 3.6844954460267395e-8 2.0006242096424482e-8 1.9985968896097636e-8 1.4675227539009653e-8 
2.5  0.5080591467487865 0.4850361666227909 0.003841174711189342 0.002705139835236352 0.0002555516347558862 8.83021724185349e-5 9.532805720946418e-6 2.059727401964608e-6 9.651053131008907e-7 9.512358592874659e-7 5.368942567427705e-7 3.819448286936888e-7 3.626855566471166e-8 2.0631737514324095e-8 1.9046162667945826e-8 1.4614984980267235e-8 
2.6  0.5065883731839127 0.4865825175647481 0.003749909357312938 0.0027384110884031425 0.00023830776864770283 8.858488641602733e-5 9.067606660758999e-6 2.0075095598831825e-6 9.554662983987163e-7 9.307588949084685e-7 5.119567040175885e-7 3.335567187408301e-7 3.558792122392179e-8 2.120014522428127e-8 1.8009396598296613e-8 1.4498259643185116e-8 
2.7  0.5053382516689109 0.48789970292088336 0.0036697944481928345 0.00276727084987667 0.0002229474776225503 8.872964506498101e-5 8.610845187711395e-6 1.966188141943844e-6 9.443505143238011e-7 9.124125639424413e-7 4.882719377555286e-7 2.931275377399754e-7 3.483250954156168e-8 2.171110386498965e-8 1.691777513058164e-8 1.4332176752253777e-8 
2.8  0.5042716022430519 0.4890262154834181 0.0035991812481322777 0.0027922753832233197 0.00020923649560359564 8.874885377959895e-5 8.16764488803378e-6 1.9334254165796753e-6 9.322951416865438e-7 8.959340174719128e-7 4.656680749741109e-7 2.5920404938820527e-7 3.4027280890597064e-8 2.2164473511721265e-8 1.580597322756305e-8 1.4123475221733005e-8 
2.9  0.503358236892788 0.4899933207839255 0.0035367000455339497 0.0028139090575613635 0.00019696969739202883 8.865486606291692e-5 7.741559732222644e-6 1.9072696534398797e-6 9.197615152468122e-7 8.810918332168153e-7 4.440253441319044e-7 2.3061575714263688e-7 3.3192727207895125e-8 2.2560343036521452e-8 1.4701424124747229e-8 1.3878406192540052e-8 
3.0  0.5025735068121193 0.49082655602624287 0.0034812075524496048 0.0028325936930148734 0.000185968291018374 8.845964880314312e-5 7.3348986520610995e-6 1.8861238318735304e-6 9.071180754889847e-7 8.676830529033279e-7 4.2326192052981897e-7 2.064189479776091e-7 3.2345223176691626e-8 2.2899044111421443e-8 1.3624925547727543e-8 1.3602678645670893e-8 
