#mmax= 10
#m-states: all states (FBR)
#Nr. of sites: 34

0.0  -0.0  0.0
0.1  -22.399097731438303  0.4471240494531926
0.2  -48.21364731584741  0.48254589623855454
0.3  -82.90488629537546  0.34178332478514784
0.4  -226.78965962802383  1.0000000000000002
0.41  -222.78965962802383  1.0000000000000002
0.42  -288.7896596280238  0.9999999999999996
0.43  -224.78999503439672  0.9996646725798845
0.44  -226.81057535902707  0.9794667198702064
0.45  -227.48280680858377  0.707071421427496
0.46  -362.7896596280238  Inf
0.47  -286.7896596280238  0.9999999999999989
0.48  -285.54828330370333  0.6652748721159121
0.49  -356.7896596280238  Inf
0.5  -286.7896596280238  0.9999999999999989
0.51  -352.7896596280238  Inf
0.52  -294.81056934197267  0.9794726139883604
0.53  -350.7896604595522  Inf
0.54  -356.91662762639277  Inf
0.55  -366.78971117083756  Inf
0.56  -442.7896596280238  Inf
0.57  -366.7896604595522  Inf
0.58  -434.7896596280238  Inf
0.59  -624.7896596280239  Inf
0.6  -440.7896596280238  Inf
0.7  -440.9165876390668  Inf
0.8  -618.7896596280239  Inf
0.9  -518.7896596280239  Inf
1.0  -618.7921353131616  Inf
1.1  -614.8078095559416  Inf
1.2  -Inf  NaN
1.3  -Inf  NaN
1.4  -Inf  NaN
1.5  -Inf  NaN
1.6  -Inf  NaN
1.7  -Inf  NaN
1.8  -Inf  NaN
1.9  -Inf  NaN
2.0  -Inf  NaN
2.1  -Inf  NaN
2.2  -Inf  NaN
2.3  -Inf  NaN
2.4  -Inf  NaN
2.5  -Inf  NaN
2.6  -Inf  NaN
2.7  -Inf  NaN
2.8  -Inf  NaN
2.9  -Inf  NaN
3.0  -Inf  NaN
3.1  -Inf  NaN
3.2  -Inf  NaN
3.3  -Inf  NaN
3.4  -Inf  NaN
3.5  -Inf  NaN
3.6  -Inf  NaN
3.7  -Inf  NaN
3.8  -Inf  NaN
3.9  -Inf  NaN
4.0  -Inf  NaN
4.1  -Inf  NaN
4.2  -Inf  NaN
4.3  -Inf  NaN
4.4  -Inf  NaN
4.5  -Inf  NaN
4.6  -Inf  NaN
4.7  -Inf  NaN
4.8  -Inf  NaN
4.9  -Inf  NaN
5.0  -Inf  NaN
