#mmax= 10
#m-states: all states (FBR)
#Nr. of sites: 34
 
0.0  1.0 
0.1  0.9968288171609885 0.0025556024625631624 0.000615323642269632 1.5715964556792653e-7 9.957453468155846e-8 
0.2  0.9866744141735398 0.010979972603211933 0.002339827174945817 2.776765727374485e-6 1.7039140509823217e-6 1.3053685228279753e-6 
0.3  0.9667270373684723 0.02845433970576348 0.004766759158705563 2.3602249579239913e-5 1.754254391945206e-5 1.0194696092862414e-5 2.2925735932367583e-7 1.845433640430482e-7 1.1047674404694418e-7 
0.4  0.9254224840277423 0.06706874026659171 0.007010953015229859 0.00033485503235984604 9.906744863650569e-5 5.342529881574935e-5 5.267173147126585e-6 3.1064201454420976e-6 1.4755456601566015e-6 4.514104213876113e-7 6.829269149935927e-8 4.180241660272492e-8 3.914307418865603e-8 2.512306785274544e-8 
0.41  0.918509825786135 0.0736776359225872 0.007159950809525508 0.0004500093634999213 0.00012272737486815807 6.530766543287829e-5 7.264846302097404e-6 4.029440676722655e-6 2.4806861360265544e-6 5.008990165109028e-7 1.0245682501370059e-7 7.249181620691549e-8 5.571427583507773e-8 3.374583553494181e-8 2.797067596058747e-9 
0.42  0.9105558311981933 0.0812934112958576 0.007281698725397837 0.0006123210797086154 0.00015516978160867232 8.11452255663159e-5 1.0030968869526189e-5 5.215833753478505e-6 4.167183390616539e-6 5.720269175726816e-7 1.5221739428655087e-7 1.3007114557682658e-7 7.50189474575672e-8 5.250274444418724e-8 2.124825958952741e-8 5.6222458624756724e-9 
0.43  0.901281845863718 0.0901791008682682 0.007370108326442792 0.0008374805956175216 0.00020081907444721332 0.00010270699545547318 1.3677011615809952e-5 6.655401348714679e-6 6.297464293086885e-6 6.543590961180444e-7 2.1998588455623693e-7 2.1053138883182153e-7 1.0124710861882266e-7 7.806415258946317e-8 2.5080298851508507e-8 1.187949952560594e-8 7.251366106633036e-9 
0.44  0.8900465302586388 0.10091032572890335 0.007416490168210309 0.0011820558238783013 0.0002707408014913339 0.00013378511285056402 1.9103882944492473e-5 1.061053794172653e-5 8.53714797907181e-6 7.555186376872611e-7 3.8512167715878955e-7 3.381003194486764e-7 1.416327137230366e-7 1.308980651573397e-7 2.938345757540266e-8 2.1710123924974027e-8 1.0250744484323804e-8 7.921422477430831e-9 
0.45  0.8762422744562827 0.11405389795137703 0.007409161710851978 0.0016788993400835238 0.0003791559025168605 0.00017931461526421105 2.6268311149955332e-5 1.7534522051701827e-5 1.0777152113519299e-5 9.010398299860203e-7 7.262049719465667e-7 5.44623433991117e-7 2.1383940068980996e-7 1.874586112545777e-7 4.352827750305311e-8 3.980969079886225e-8 3.3326763422147634e-8 1.4462854943032292e-8 1.1744473237196436e-8 
0.46  0.8587405220536172 0.13065852619806792 0.007332398252661025 0.0023879607428129055 0.0005532603616637179 0.000248300157153871 3.518269286507162e-5 2.6524666372475756e-5 1.3356661811018264e-5 1.1791804093152268e-6 1.1402463338553783e-6 8.572426807124075e-7 3.2507003800813736e-7 2.3862362231214436e-7 8.618178721569268e-8 6.68716055653224e-8 3.6872507323869215e-8 1.9830554530075423e-8 1.8093438887184747e-8 
0.47  0.8360032442838371 0.15218814428841773 0.007165547748271892 0.0033478601396257778 0.000834949102178531 0.00035476948380426326 4.5627574191803576e-5 3.787591343237227e-5 1.610420722692496e-5 1.8424000145769044e-6 1.5553721013407259e-6 1.3605455032999057e-6 4.6358071718519796e-7 2.8510557090055687e-7 1.6551340344415135e-7 1.0856668786785395e-7 4.0413246772129365e-8 2.9488558477130623e-8 2.6273210750356518e-8 
0.48  0.8063223471076327 0.18037490911659415 0.006887120415130524 0.004492674899595702 0.001271517203681834 0.0005173007723667864 5.65794181768867e-5 5.0166172366784725e-5 1.862474904289858e-5 2.783738397952448e-6 2.2647608973131365e-6 2.152030937327381e-6 6.047436609486493e-7 3.151565092183809e-7 3.015389730026155e-7 1.703661734814081e-7 6.183296601656721e-8 4.604184035737921e-8 4.440330923036631e-8 8.521057982899549e-9 7.010690590868239e-9 
0.49  0.7689107623589756 0.21625467300835802 0.006488994889927289 0.005563438301264609 0.0018715508072859462 0.0007512559313874768 6.607417254517198e-5 6.032054609552813e-5 2.0320174995822803e-5 3.979738655191798e-6 3.3519017804134492e-6 3.2534882293567955e-6 7.007408115573664e-7 4.596747848981504e-7 3.2479255919613864e-7 2.6552968234987525e-7 1.0172846067168028e-7 7.256917690449917e-8 4.9580806603957093e-8 2.0681944880488388e-8 1.1251173169540958e-8 1.0623420805069425e-8 7.507678924952492e-9 
0.5  0.72477099273938 0.25919753417004004 0.006243085676221843 0.005986421610761999 0.002567202349267579 0.0010594762354857042 7.224463533069664e-5 6.569435690250603e-5 2.083266855061938e-5 4.993429738609389e-6 4.8127269673063496e-6 4.429815144128372e-6 7.188022819209482e-7 5.561101080780512e-7 3.3223678592671445e-7 3.09169764523792e-7 1.5024839117912486e-7 8.160908278314883e-8 5.8498667907092966e-8 2.890317339406244e-8 1.3249400837215574e-8 1.269755200201147e-8 1.1125112937894914e-8 6.935889800657252e-9 
0.51  0.6784442380649792 0.30502159339402146 0.006322847988746731 0.005439456762528066 0.0031805707792302617 0.0014120709264880938 7.379886432065793e-5 6.562402005876381e-5 2.013624340066596e-5 6.4310310506968994e-6 5.6019592753949965e-6 5.337817287181858e-6 6.583099639735199e-7 5.674008829825511e-7 3.665065809530463e-7 2.793557617820623e-7 1.9344675694353778e-7 7.708608116180953e-8 6.92871992590691e-8 3.593406092068079e-8 1.3880892531077785e-8 1.3341553249505532e-8 1.0264269321645857e-8 7.334610433560141e-9 
0.52  0.6352680867482617 0.348404075818785 0.005915398210472962 0.004917193719398724 0.00355842750117849 0.0017639491585177134 7.09518319590464e-5 6.185611685560862e-5 1.8736837902035212e-5 7.920157737864757e-6 5.698900914443189e-6 5.590457043599524e-6 5.542537667267547e-7 5.084985522589611e-7 3.5916492355582727e-7 2.569717096415582e-7 2.0945311576673482e-7 8.09266231241976e-8 6.54601235421866e-8 3.390445137652091e-8 1.3805231484271028e-8 1.279436569006754e-8 1.1529395574683466e-8 7.778716330433826e-9 
0.53  0.598852744889123 0.3855036988482476 0.005272718460935343 0.0044670454508796325 0.003666259626889578 0.0020768558962382085 6.539011849233202e-5 5.648108783982082e-5 1.7128639318167084e-5 9.084113943139562e-6 5.510659490567423e-6 5.230538450788251e-6 4.442317735438761e-7 4.2097363515860877e-7 3.292548125175903e-7 2.480408054494841e-7 1.9021910458809095e-7 9.092731432326601e-8 5.250447901645437e-8 3.312710382143815e-8 1.3139348189477268e-8 1.1372428404383824e-8 1.0005221682830605e-8 7.874125469968917e-9 
0.54  0.5706823789436711 0.4145784247060643 0.004594216264401422 0.004110444930482432 0.003560910350169895 0.0023281958114545133 5.834318783963825e-5 5.056463106261394e-5 1.5658025486264e-5 9.859735409933993e-6 4.926190321756739e-6 4.5279961027454866e-6 3.473898659498025e-7 3.316719659814979e-7 2.73165855974629e-7 2.3705991835002522e-7 1.6117816293306343e-7 9.683207322769236e-8 3.9265732284358076e-8 2.319498902920033e-8 1.2473641173184927e-8 1.0158697540032072e-8 9.484933297172328e-9 7.351699376715756e-9 
0.55  0.549440952505773 0.43674773498052233 0.0039822940678877605 0.0038337682451363357 0.0033416463310586733 0.002523120769277615 5.135200976810433e-5 4.511016583764929e-5 1.4428901189615762e-5 1.0332475161912635e-5 4.195430641282387e-6 3.7929864990999937e-6 2.735961254898946e-7 2.566459914898784e-7 2.212548103879714e-7 2.165821987791138e-7 1.3426625153814574e-7 9.848359465065807e-8 2.8449345572003228e-8 1.1868282591188033e-8 1.1866946272625492e-8 1.0376556495170607e-8 7.741146463050856e-9 
0.56  0.5340888835306147 0.45296260546483663 0.003626648578210543 0.0034648956088097157 0.003074295392348767 0.0026658636500660423 4.500980358788781e-5 4.019258138402949e-5 1.3451895002453667e-5 1.0576164485895168e-5 3.4090014662813284e-6 3.1261011520815646e-6 2.210952777166627e-7 2.050006110559866e-7 1.9192748220971535e-7 1.728982381677323e-7 1.108671123938538e-7 9.464019378610195e-8 1.3706969274798343e-8 1.1382296850889587e-8 1.0381327988446314e-8 1.0328526502228503e-8 
0.57  0.5231647207118295 0.46464798688408737 0.0034726384052905022 0.0030392998703984834 0.0028027083241503664 0.0027672901484207405 3.9685740464348837e-5 3.608692767536211e-5 1.2691901620854021e-5 1.06697023881327e-5 2.752925178614293e-6 2.5784001437383217e-6 1.910786848084308e-7 1.88852808569324e-7 1.494016304606389e-7 1.4017556984386763e-7 9.165314177336397e-8 8.613475689220757e-8 1.1785610930023692e-8 1.0968781872490716e-8 1.024432915982266e-8 9.763037376681208e-9 
0.58  0.5153243921582681 0.4731476518109344 0.0033563651389346256 0.0028391095803890335 0.002689640200066082 0.00254714979418986 3.520243729074913e-5 3.2614350701657286e-5 1.2093796868210169e-5 1.0671157271497166e-5 2.227648035056278e-6 2.107421363071717e-6 1.7931235871555997e-7 1.704347477151107e-7 1.1960021004017443e-7 1.1406623789718426e-7 7.555865017175694e-8 7.496124250455301e-8 1.0678960632327375e-8 1.0530270784682854e-8 1.004043178357917e-8 9.322577763647968e-9 
0.59  0.5097946215735889 0.4792438468164766 0.0032689064111524695 0.00288785646326451 0.0024014641746609895 0.0023157828506162074 3.149074434861288e-5 2.9641185242049726e-5 1.1621106199910387e-5 1.0610024503742693e-5 1.7794589366596946e-6 1.710058458471703e-6 1.6949729313617815e-7 1.596151619964063e-7 9.42502399002092e-8 9.026362792778022e-8 6.351443263387858e-8 6.264239466310869e-8 1.0044267233410109e-8 9.68885515962818e-9 9.616280179155793e-9 
0.6  0.5057978366616674 0.48372893297113 0.00320103410747247 0.0029212231255941593 0.0021607002958388345 0.0021096239377721366 2.8363636191859043e-5 2.7074365218249356e-5 1.1236846366727908e-5 1.05254899951266e-5 1.4415136551887494e-6 1.3917383474308361e-6 1.6201324362843811e-7 1.5294273837784416e-7 8.000966332931437e-8 7.844728365086756e-8 5.343011738222974e-8 5.234321364005401e-8 9.550158335527325e-9 9.322324096967862e-9 8.970968598328145e-9 8.281041305108417e-9 
0.7  0.49730350659370237 0.49475091239015173 0.0029556920126645684 0.0029348632339550877 0.0010067272305508722 0.001002013918622107 1.3419002718009486e-5 1.3352189705536814e-5 9.415796058177289e-6 9.363932896174244e-6 1.991293864347614e-7 1.9744653982884347e-7 1.2528636559667285e-7 1.244103532308649e-7 2.333141685165136e-8 2.320772489640877e-8 2.0522530784109844e-8 2.036465778233549e-8 
0.8  0.49733706796310584 0.4956381082788776 0.0028798371707981748 0.0028699376661725016 0.000622192565179864 0.0006199917943249886 8.481772294710888e-6 8.452052882023118e-6 7.784740067622853e-6 7.7461436470596e-6 1.1240056735894728e-7 1.1202221729802087e-7 5.250614113094499e-8 5.1047566913340786e-8 1.9319033587193798e-8 1.9178338481850594e-8 1.6694909124012584e-8 1.668387403015597e-8 
0.9  0.49947398809579996 0.4939615257114214 0.0028397923078172524 0.0028085266576239037 0.00044786502207958434 0.00044299580171401376 7.735206552754282e-6 7.655297087446568e-6 4.831026895687382e-6 4.781076464655276e-6 1.033233873358401e-7 1.0023803737351898e-7 2.5702425654066607e-8 2.3742715961057662e-8 1.917102548333642e-8 1.894431371934056e-8 1.267464155016188e-8 
1.0  0.49691523420702244 0.4967960432883976 0.002785227437989867 0.0027843865843941392 0.0003493781298170618 0.00034920508884743863 7.019739112216858e-6 7.0118708739245045e-6 3.1113954771399235e-6 3.106783375774063e-6 9.825905342962214e-8 9.409712053988026e-8 1.8859319795621455e-8 1.8521232752873303e-8 1.8147964148981406e-8 1.768973306933978e-8 9.90026915431812e-9 
1.1  0.4992310945959687 0.4946663163916056 0.002765483612927894 0.00274015239483173 0.0002911869199415018 0.00028851494471955944 6.435628497023676e-6 6.376653262782914e-6 2.107037939625856e-6 2.0870646013721568e-6 9.04198885782704e-8 8.955977870986497e-8 1.841072095478789e-8 1.822325046167706e-8 1.415432429335352e-8 1.398774420182525e-8 
1.2  0.4985077386153813 0.4955254026233285 0.0027343615060733016 0.002718025558849062 0.00025052751169229813 0.0002490288290503123 5.884385929826593e-6 5.849364749230195e-6 1.4797387964650066e-6 1.4707060699710348e-6 8.70053990868502e-8 8.645213424096419e-8 1.7629020957130397e-8 1.745333598002485e-8 1.134395535985364e-8 1.1276234103009772e-8 
1.3  0.5002196738959744 0.4939182373931861 0.002720669232317844 0.0026863941711552553 0.00022233199534847756 0.00021953066872242634 5.424462123225261e-6 5.356139530941372e-6 1.088081015884216e-6 1.0743176196586627e-6 8.467364678069069e-8 8.360991066350715e-8 1.6685604815270364e-8 1.656775682001598e-8 9.11226803458897e-9 8.9938188907771e-9 
1.4  0.5006447201884044 0.4935775259062675 0.0027030007806291474 0.0026648340258320752 0.00020050577705340366 0.00019765626277403573 5.003944794986868e-6 4.931577091185161e-6 8.205960354196531e-7 8.001208992398944e-7 8.251309756082278e-8 8.133019395376152e-8 1.563554062413992e-8 1.540440351894919e-8 5.936984548618613e-9 
1.5  0.5004166697795865 0.49387515846254904 0.0026843617579247613 0.0026492828739301593 0.00018312887457156308 0.00018073345229771445 4.629057751608061e-6 4.567953607903834e-6 6.422937033995557e-7 6.319513122452328e-7 8.060961728637271e-8 7.956300270646167e-8 1.462172463552822e-8 1.4239519549879277e-8 4.508901846385755e-9 
1.6  0.5004564878381949 0.49389415728624353 0.0026692344630947096 0.002634252257223189 0.00016916023531681287 0.00016694141192877165 4.301775740328293e-6 4.2450839668820195e-6 5.209991682135346e-7 5.114771077146531e-7 7.899525883468667e-8 7.795683130627029e-8 1.35416321593589e-8 1.3244748087324774e-8 3.4335461533845083e-9 
1.7  0.5005125775609227 0.49388879680962455 0.002655845676445292 0.0026207204765038073 0.00015757437409614683 0.00015548987090610122 4.011814429119184e-6 3.958757053698065e-6 4.258063515055044e-7 4.201469463365035e-7 7.756443348719633e-8 7.653994570378026e-8 1.2386378585205341e-8 1.2215963666922864e-8 
1.8  0.5011748909879625 0.4932706551838276 0.00264710784136397 0.002605355986977134 0.00014798393027276566 0.00014564977759545206 3.761252169912823e-6 3.7019171284754798e-6 3.6228424706716885e-7 3.565675856393081e-7 7.643284984949514e-8 7.522110845753393e-8 1.1408781107919528e-8 1.1208131648943677e-8 
1.9  0.5008128840176934 0.49367168085678437 0.002634112863188437 0.0025965528728656823 0.00013947692182856688 0.0001374881185561367 3.531413283920127e-6 3.4810699944002894e-6 3.1304186716288655e-7 3.085795591957245e-7 7.527900813669985e-8 7.420565065023893e-8 1.0440839760275496e-8 1.0318880606792694e-8 
2.0  0.500123957941349 0.49439531788855284 0.0026204647760309035 0.0025904500242088092 0.00013199922259738618 0.00013048735320256164 3.3245215346850037e-6 3.2864641393780133e-6 2.7416370490782736e-7 2.7102655725227285e-7 7.419518263194776e-8 7.334660393224605e-8 9.588315330942581e-9 9.488021788763194e-9 
2.1  0.49993900388537127 0.4946114897502916 0.0026103280478404025 0.0025825093310074395 0.0001255542309428369 0.00012421598497315504 3.142435103264409e-6 3.108922331914585e-6 2.433814316042608e-7 2.407807551331138e-7 7.328488402683475e-8 7.249929771913822e-8 8.738922563402575e-9 8.726847069775979e-9 
2.2  0.499652124365562 0.49492662008641947 0.002600413755299726 0.002575817604170481 0.00011981747280142268 0.0001186840687765968 2.9782668125453353e-6 2.9500751917197864e-6 2.1806783627728577e-7 2.1599967651000374e-7 7.242299467395205e-8 7.173368026373721e-8 8.053920165846947e-9 8.026859579485689e-9 
2.3  0.49958976189603954 0.49501465637229186 0.002592345663496234 0.002568609314186315 0.0001147450861789917 0.00011369445515008265 2.8314698226568464e-6 2.8055537137850915e-6 1.9721759013435767e-7 1.954126493576723e-7 7.168299629956905e-8 7.10279215924028e-8 7.456987185448882e-9 7.390977545311735e-9 
2.4  0.49954256984639617 0.4950853517873346 0.0025849375041185575 0.0025618629353151394 0.00011018778616017311 0.00010920413759619191 2.6986717898478755e-6 2.6745392561831544e-6 1.7967157799353687e-7 1.7806336777227306e-7 7.10082078359895e-8 7.036758910572962e-8 6.8758576142275156e-9 6.805432607433528e-9 
2.5  0.49959130558508935 0.49505823312224384 0.002578509028688217 0.0025551334425253733 0.00010608317312269552 0.00010512185966278513 2.578103901546176e-6 2.554837784911862e-6 1.6475137227137812e-7 1.6327551090616687e-7 7.039473637510028e-8 6.975786482074953e-8 6.365420989014853e-9 6.302077270361577e-9 
2.6  0.4996486921094416 0.49502082315637524 0.0025726161198349183 0.0025487751028391782 0.00010235083025278687 0.0001014006945828255 2.4592266501537026e-6 2.4390516297768256e-6 1.4994091312138065e-7 1.4962629754181406e-7 6.981983257348363e-8 6.913965420839374e-8 5.181698335088293e-9 
2.7  0.4996523562783496 0.4950356069218399 0.0025668340063304696 0.002543129541433961 9.893352912988952e-5 9.802015757749359e-5 2.3588009822650965e-6 2.3404456171808363e-6 1.3882328438331094e-7 1.387064465534129e-7 6.929067128803603e-8 6.862676774428132e-8 4.871572266430981e-9 
2.8  0.4996871670787983 0.49501794278721195 0.0025615970436308325 0.002537660503186595 9.58059152978695e-5 9.491050126601729e-5 2.270451109715226e-6 2.2460342131169554e-6 1.3027237799012284e-7 1.278842845169878e-7 6.87859085786167e-8 6.815785437179759e-8 4.5848628761549144e-9 
2.9  0.4997613103742607 0.49495976740672204 0.0025568881786641674 0.002532331788967741 9.293227782533285e-5 9.204058066504185e-5 2.183389634159026e-6 2.1646862605142688e-6 1.2083151265093482e-7 1.2023318421339361e-7 6.835167539999138e-8 6.767757186108575e-8 4.223056878501376e-9 
3.0  0.49976435434641936 0.49497166544850174 0.002552115750281854 0.0025276436985324337 9.0264240319748e-5 8.939892049559187e-5 2.1077691582354715e-6 2.08471795281242e-6 1.1401978500783738e-7 1.119113132533773e-7 6.791658566424521e-8 6.726841500246165e-8 3.99224143265311e-9 
3.1  0.4997786212031124 0.49497140085335367 0.002547674550424508 0.0025231645869677943 8.779264076452258e-5 8.694749066651442e-5 2.0326242446433318e-6 2.015647230848769e-6 1.062172799339096e-7 1.0610671052312043e-7 6.752327568679041e-8 6.686082406961445e-8 3.6951470494859824e-9 
3.2  0.4997726315204975 0.494990596182831 0.0025433510362292237 0.002519012176560632 8.54886597576362e-5 8.466955961798911e-5 1.965115930920814e-6 1.948572036943196e-6 1.0006074369495451e-7 9.997891987571185e-8 6.7148326406967e-8 6.649200529733637e-8 3.496544231666381e-9 
3.3  0.4997838261340811 0.49499174938504253 0.002539387649458936 0.002515052502969209 8.334124694103904e-5 8.254339951861127e-5 1.8986065701337294e-6 1.8809815256858943e-6 9.398378790341804e-8 9.313142976164154e-8 6.680034624935462e-8 6.617832976609486e-8 
3.4  0.49981090376111426 0.49497642283221777 0.0025356669218165426 0.00251114597648682 8.133743625801113e-5 8.055089198423727e-5 1.8403216203091588e-6 1.822535925726624e-6 8.898901643092491e-8 8.813081947243136e-8 6.642400955333058e-8 6.577873129841605e-8 
3.5  0.49978184302435746 0.4950164989581424 0.0025318895735525274 0.002507764944311692 7.945298346343215e-5 7.869626642775065e-5 1.7857467268970858e-6 1.7687643200475777e-6 8.446346791236819e-8 8.367181171876427e-8 6.614877483291438e-8 6.545464236803518e-8 
3.6  0.49978632688708413 0.49502254452266387 0.0025284242247338895 0.0025043280033496475 7.768650567737478e-5 7.694615537330869e-5 1.73467033545525e-6 1.7181444069480379e-6 8.033521167141889e-8 7.958734801285571e-8 6.579677335621145e-8 6.516704142405351e-8 
3.7  0.4998039901976266 0.49501483006182123 0.0025252032429083095 0.002501010800351866 7.60270257942908e-5 7.529866907863781e-5 1.6866946930764894e-6 1.6705422377724798e-6 7.65437592531081e-8 7.582540871802332e-8 6.551338633199952e-8 6.488293337559518e-8 
3.8  0.4998081267066797 0.49502009676626885 0.0025220916879266945 0.0024979307730536825 7.446205633937019e-5 7.374876661189355e-5 1.6417945045967195e-6 1.6260747632995884e-6 7.309395207345105e-8 7.241180071014712e-8 6.524664256366582e-8 6.462145608897008e-8 
3.9  0.49981417260204225 0.4950230946938991 0.0025190646827675106 0.002494953590249205 7.298091419791649e-5 7.228232422749416e-5 1.5990241860012393e-6 1.5837486495191882e-6 6.986854773582443e-8 6.920941758774314e-8 6.499008804685847e-8 6.435172579782579e-8 
4.0  0.49982204109785816 0.4950237843334422 0.0025162447320907543 0.002492088891914992 7.158163386730309e-5 7.089445837712811e-5 1.5588910802657446e-6 1.543934137942487e-6 6.69102598117479e-8 6.627539628402657e-8 6.473158423219301e-8 6.410998977338315e-8 
4.1  0.49982460310481 0.49502942038031594 0.0025134865230589413 0.002489372625994888 7.025400636082424e-5 6.958000106793306e-5 1.5209137633660863e-6 1.5063281390080485e-6 6.450101426967903e-8 6.417073745038655e-8 6.388205284471331e-8 6.356268510454717e-8 
4.2  0.4998294638131468 0.49503239883943795 0.002510851271297128 0.0024867534174820866 6.899412861617271e-5 6.833195916301143e-5 1.4850829895403623e-6 1.4708324921964713e-6 6.429251834121115e-8 6.36753339810294e-8 6.161202105044357e-8 6.107550370858881e-8 
4.3  0.4998318282109792 0.49503753352040425 0.002508311829003279 0.0024842519608551596 6.779587498640004e-5 6.714557371485112e-5 1.4507538893437805e-6 1.4368402194326814e-6 6.406503322372487e-8 6.345049104572563e-8 5.9227321112772846e-8 5.8693102474867774e-8 
4.4  0.49983417093075955 0.4950423807012877 0.0025058686224105763 0.002481845092311746 6.665520171423024e-5 6.601619183918798e-5 1.4181460065055034e-6 1.4045549172062785e-6 6.38455138521165e-8 6.323329509054628e-8 5.700889756804837e-8 5.647104676347537e-8 
4.5  0.4998352003359742 0.49504825729702256 0.00250350662845443 0.002479531057225671 6.556770267437332e-5 6.493973394741361e-5 1.3872237407536126e-6 1.373938771054309e-6 6.369449823894721e-8 6.303779481532691e-8 5.4934345446661684e-8 5.4415551588118614e-8 
4.6  0.49983993679486866 0.4950501466459517 0.002501252610706985 0.002477286349512119 6.453071718364775e-5 6.391237307230297e-5 1.3578378762228238e-6 1.344827541765335e-6 6.350080637257879e-8 6.28516388409109e-8 5.29960696989516e-8 5.249477192514208e-8 
4.7  0.49984368281222963 0.49505276456102315 0.002499079138290141 0.0024751284371304096 6.353972328415389e-5 6.293075203536144e-5 1.329744377943911e-6 1.3170017278663435e-6 6.331271360077896e-8 6.266302492695872e-8 5.116919989282086e-8 5.0684962944015065e-8 
4.8  0.4998464854158874 0.4950560860360007 0.0024969779556086725 0.0024730487924652976 6.25920243500926e-5 6.199212473279699e-5 1.303026077332002e-6 1.2905342046620276e-6 6.313597079103107e-8 6.249139297969005e-8 4.946438215400366e-8 4.899892822955439e-8 
4.9  0.4998484066024769 0.49506006305844924 0.002494944045599648 0.002471045348661803 6.168434509605683e-5 6.109343488793616e-5 1.2774320182775877e-6 1.2651935169294977e-6 6.296260436926602e-8 6.232360391021671e-8 4.7850478866644336e-8 4.740260827021385e-8 
5.0  0.49985143021773704 0.4950627227232885 0.0024929860203782906 0.002469103674717214 6.081450997733376e-5 6.0231858106415026e-5 1.252919070889616e-6 1.2409118324644311e-6 6.279231103089645e-8 6.215505112011576e-8 4.6326937646413185e-8 4.589059277068985e-8 
