#mmax= 5
#m-states: all states (FBR)
#Nr. of sites: 45
 
0.0  1.0 
0.1  0.9968294406509968 0.0025549305620724536 0.0006153721534681855 1.5709762288653203e-7 9.953583992423616e-8 
0.2  0.9867309424822633 0.010920505152683344 0.00234310849279986 2.7496675141086843e-6 1.6934686382717431e-6 9.875666670981724e-7 1.3169433517191e-8 
0.3  0.9675933740067229 0.027562033350438928 0.004806718380825162 1.634606165869322e-5 1.1525896480059756e-5 9.688673883919647e-6 1.1187730891462681e-7 1.027272591485309e-7 9.902542260146539e-8 
0.4  0.9340204983531248 0.05850215632990521 0.007302509924489842 6.744665800562939e-5 6.639407421893185e-5 3.8602752850360124e-5 9.222923378717892e-7 9.219570612313835e-7 4.52884530747473e-7 5.05176116607584e-8 2.3029636565038932e-8 2.1226226935636445e-8 
0.41  0.9294193355006671 0.06286626643354516 0.007512989172667388 7.883857180994165e-5 7.568007049442992e-5 4.405096434247527e-5 1.1108879716800892e-6 1.1107520637866476e-6 5.019741788112525e-7 6.31281337974105e-8 2.8086587936053922e-8 2.4457537161633548e-8 
0.42  0.9244999736975923 0.06755770027374192 0.007710451740320283 9.198933853156106e-5 8.622277506191786e-5 5.028730901503267e-5 1.3379946444933664e-6 1.3315945418590327e-6 5.542900704906387e-7 8.12605009396848e-8 3.4346103150496465e-8 2.807889323826786e-8 7.300983252915752e-9 
0.43  0.9192233429510022 0.07261698595386405 0.007892924395805547 0.00010710304342907354 9.821036445807716e-5 5.745193784866804e-5 1.5999278036555062e-6 1.5867750477329783e-6 6.10516264932993e-7 1.0172426870522376e-7 4.1914510772856477e-8 3.1983737172928754e-8 8.511959720390691e-9 
0.44  0.9135390266503741 0.07809611590442378 0.008057986866078752 0.00012455916589990164 0.00011189986968294669 6.57316080251609e-5 1.9065891173664888e-6 1.8810410244159328e-6 6.684128278215846e-7 1.2729644512864014e-7 5.0735198569261576e-8 3.609466963147383e-8 9.766232591176743e-9 
0.45  0.9073809469251279 0.0840627095287873 0.008202994273320946 0.00014483292827886985 0.0001276319138944968 7.536993424775273e-5 2.271347259644282e-6 2.219989810480797e-6 7.408586026562842e-7 1.599592497172805e-7 6.183262585993839e-8 4.071614739233115e-8 1.1621620684237059e-8 8.171026840271086e-9 
0.46  0.9006564270158811 0.09061177474666064 0.008324313661892239 0.00016849948190741576 0.00014582742981693935 8.670393380184393e-5 2.695309224084245e-6 2.6084518526762304e-6 8.069188851664141e-7 2.0083567272365938e-7 7.427243910754225e-8 4.5309409586335245e-8 1.330561480025187e-8 9.326941896495541e-9 
0.47  0.8932297105496694 0.09788166033081196 0.008417229848088417 0.000196490048184379 0.00016713991647441468 0.00010022151424501369 3.1965795038703004e-6 3.0547956045881565e-6 8.77608875699022e-7 2.533395867219665e-7 8.94217502067166e-8 5.008882659214755e-8 1.528987113230757e-8 1.0668507300415752e-8 
0.48  0.8849215291623728 0.10605538870858691 0.008475690882468022 0.00022959988595397973 0.00019238672348288253 0.00011659304510167368 3.7829563692718985e-6 3.5620045577708443e-6 9.54054159880607e-7 3.2080937795309755e-7 1.0723859935042104e-7 5.489791512869083e-8 1.742328673090316e-8 1.2207768089491671e-8 
0.49  0.8755661766865075 0.11530319639293317 0.00849395206625068 0.00026763043437160594 0.00022225255593947315 0.00013656372571283122 4.440510423436734e-6 4.120936821481931e-6 1.0385383762960484e-6 4.0661554274239944e-7 1.2820184531746818e-7 5.967244925085604e-8 1.9642498904070698e-8 1.4020327374694374e-8 
0.5  0.8652167375088791 0.12557525723122082 0.008472454112122694 0.0003072246258852517 0.00025625055801811644 0.0001603930354300781 5.100001114924457e-6 4.688610540759608e-6 1.1320168239851798e-6 5.098017810808132e-7 1.5073321618445836e-7 6.418601289850232e-8 2.1553157684916233e-8 1.602579690928222e-8 
0.51  0.8542668375027872 0.13647611249966204 0.008421656238502528 0.0003427741070856797 0.0002922315266798579 0.00018736600786664303 5.671268581194416e-6 5.208023910001624e-6 1.234566456424201e-6 6.247059251204856e-7 1.7384072860395653e-7 6.853506703842614e-8 2.30335693502482e-8 1.8143178130395537e-8 
0.52  0.8431825739703086 0.14753386185018666 0.008354653736990007 0.00037060139213354327 0.0003278027482206669 0.00021634727689541044 6.109753440399022e-6 5.6481063062924466e-6 1.343526462596817e-6 7.449827821623408e-7 1.9571902584127454e-7 7.269088253412206e-8 2.4043277250152018e-8 2.020308786225597e-8 
0.53  0.8322721598237856 0.15843418791937575 0.008280480108639994 0.0003901557497743224 0.0003614713263050173 0.0002464530416370514 6.420326708582669e-6 6.008630988160663e-6 1.4571891842998318e-6 8.665472660973156e-7 2.157075047660226e-7 7.67748981146623e-8 2.4718214148843573e-8 2.21357173934523e-8 
0.54  0.8216224975286683 0.16908645988084697 0.008202028571455048 0.00040294022891086754 0.00039284778424431184 0.0002773595832345189 6.632609484783699e-6 6.306814508630576e-6 1.574663148832141e-6 9.888114571837758e-7 2.3369470751147738e-7 8.075963476548306e-8 2.5174373192411006e-8 2.389532484793e-8 
0.55  0.8112638493414296 0.1794579037773074 0.008120628107682434 0.00042183703453857837 0.00041034278473456445 0.0003088981668986077 6.774077746103551e-6 6.562526522193366e-6 1.6969401391771428e-6 1.1104821334602342e-6 2.5456012162398714e-7 8.528164238949902e-8 2.5652321634171175e-8 2.538353175123996e-8 5.883250808461575e-9 
0.56  0.801223149330962 0.18951959998545362 0.00803743034493434 0.00044837274545623856 0.0004134860864470628 0.0003408786900647387 6.8484323814618955e-6 6.765890913956501e-6 1.8198615421976517e-6 1.2311646010043027e-6 2.694168333133002e-7 8.92782808766392e-8 2.7114511033770748e-8 2.5502748024170594e-8 6.15487014316684e-9 
0.57  0.7914812950367447 0.1992893687203542 0.007952389607582237 0.00047261457197803964 0.000413497523660054 0.0003732908039903221 6.935902721730064e-6 6.876870129907169e-6 1.9445897538764788e-6 1.3504410913152946e-6 2.82575848183745e-7 9.314677906216072e-8 2.838774106353692e-8 2.5446378713221822e-8 6.375247363467913e-9 
0.58  0.7820498930933203 0.20875424366945894 0.0078662867701621 0.0004945916222560778 0.00041103870992930937 0.0004060087745287779 7.0776063667857995e-6 6.867596095958803e-6 2.070991010578222e-6 1.4681547847422038e-6 2.943885752977485e-7 9.702427234674015e-8 2.9548795455863702e-8 2.5400347803102193e-8 6.650095341845115e-9 
0.59  0.7729224393455628 0.2179197305748831 0.007779410802083072 0.0005144272154955328 0.00043897395698659365 0.0004067428413350837 7.195627641686694e-6 6.829119861744227e-6 2.1985674619624078e-6 1.5835503328717377e-6 3.048772973232427e-7 1.0082115119708318e-7 3.055658167390439e-8 2.5268026244496848e-8 6.8752988945377654e-9 
0.6  0.7641034610122058 0.22678032986512311 0.007692344027699754 0.0005321942179234573 0.00047208355568389477 0.000401023267553855 7.293034386786307e-6 6.766076163227422e-6 2.326921541808733e-6 1.6958736099710435e-6 3.141760303675182e-7 1.0450538463792415e-7 3.1397629684843004e-8 2.5016184239582316e-8 7.052879386605328e-9 
0.7  0.6915368312642561 0.2998405924067256 0.006864070250074524 0.000798736167700587 0.0006212745495191364 0.00031866318819320213 7.567161434348188e-6 5.5135016038894174e-6 3.5919385164133163e-6 2.5915572984418164e-6 3.632712055253764e-7 1.3863659865377957e-7 3.4684868511716354e-8 2.2519880371313678e-8 8.902124429264746e-9 
0.8  0.6415281309458223 0.3503198518574279 0.0061719223030667165 0.0010959125766841498 0.0006162072327701993 0.0002483199138427114 7.225189174214403e-6 4.708632567046368e-6 4.12611436408818e-6 2.989754297459901e-6 3.7089275162565086e-7 1.6620459835322467e-7 3.2687206429136974e-8 1.9998942979962004e-8 1.0225877766728393e-8 5.470605571360093e-9 
0.9  0.6065928686216828 0.38564270831872 0.005615071365893394 0.0013531373401723717 0.000575781264635606 0.00020154718720268193 6.677629991397933e-6 5.606736862859393e-6 3.0237136897198606e-6 2.953469291120446e-6 3.644794372779201e-7 1.8888571941974167e-7 2.8855095491954605e-8 1.743643856341272e-8 1.1357482541112637e-8 7.166694924540446e-9 6.170990276906555e-9 
1.0  0.5816446459935085 0.4109007787917451 0.0051685606658336035 0.0015710145644277193 0.0005256220968664825 0.00017151922642416926 6.2667593043160115e-6 6.0800178701962855e-6 2.660701214656308e-6 2.2237784007531095e-6 3.52764963800563e-7 2.0575245131162866e-7 2.4922773171264862e-8 1.5034942571326304e-8 1.2094936083999412e-8 8.570099643222801e-9 8.264237570227656e-9 
1.1  0.5634067384801769 0.4293873494267625 0.004807085420465185 0.0017541424416156214 0.00047584723916105115 0.00015205912236981078 6.7086504318871545e-6 5.510406807287857e-6 2.2681084763245315e-6 1.665879139715746e-6 3.399190427605141e-7 2.1844421257512975e-7 2.1355028728688764e-8 1.2798306111689149e-8 1.2568513593584302e-8 1.0240470975417832e-8 9.49901924651549e-9 
1.2  0.5498199975894972 0.4431756011515881 0.004512067717033472 0.0019074021349201951 0.0004301102191599115 0.00013908519493531434 6.967758476967326e-6 4.993692061586887e-6 1.8759242104942444e-6 1.2789839214365646e-6 3.2770759058411726e-7 2.2808596829658373e-7 1.843928641649688e-8 1.2826283588839434e-8 1.1961355655676425e-8 1.0818708029587167e-8 9.795002559782596e-9 
1.3  0.5395184802636189 0.45364259779620747 0.004269071438695615 0.002035539570063838 0.00038941672438889784 0.0001301236130849478 7.078047231089027e-6 4.540143300938283e-6 1.5301626676493998e-6 1.0095180332130338e-6 3.1639061561015573e-7 2.3521642608075794e-7 1.6365646201545457e-8 1.3362135748698384e-8 1.288373767180873e-8 9.339962565928792e-9 9.164183326701846e-9 
1.4  0.5315850366915392 0.46171389857904965 0.004067025993269784 0.00214276689972892 0.00035369532424317534 0.00012368647174832765 7.072445463103726e-6 4.148943729483205e-6 1.2438043371491875e-6 8.194282548925258e-7 3.0641072097458104e-7 2.406050032335368e-7 1.51072685565932e-8 1.4385173323462171e-8 1.2784655160117731e-8 8.22101273934685e-9 7.904801938385756e-9 
1.5  0.5253952523979282 0.4680200448419701 0.003897631556266891 0.0022326118998503147 0.00032250789016965205 0.00011886202724420128 6.979751463085796e-6 3.814785054669816e-6 1.013963321463596e-6 6.828362959101966e-7 2.975932205631451e-7 2.4461869733748907e-7 1.5031528615378674e-8 1.435409081093422e-8 1.255960266489112e-8 7.088976694830885e-9 6.804318684486384e-9 
1.6  0.520507090215662 0.4730077031094517 0.0037544774498177833 0.0023080140362464843 0.0002952969129422436 0.00011507774225497699 6.820481473222939e-6 3.530280417343084e-6 8.254833086797213e-7 5.805021462057329e-7 2.8867284797500656e-7 2.475406145448382e-7 1.5313385890956787e-8 1.3308244496566065e-8 1.22013555846749e-8 6.749830478973997e-9 
1.7  0.5166073199879327 0.476993325458702 0.0036327146206204634 0.002371410113251035 0.0002715539875501239 0.00011199591792978405 6.622311543693533e-6 3.2893672987305553e-6 6.838288796279791e-7 5.058912006397053e-7 2.822904803598374e-7 2.4954726773263685e-7 1.5308570536532172e-8 1.2926667751709277e-8 1.1813763307749867e-8 6.628341251317819e-9 
1.8  0.5134662790434048 0.4802092853017566 0.003528406657487234 0.002424807778261444 0.0002507685057662413 0.00010937961473095423 6.394885353114629e-6 3.0848437597454255e-6 5.722906037974382e-7 4.487415246158227e-7 2.7638814131170075e-7 2.504129915040652e-7 1.5060593961940396e-8 1.249331359112553e-8 1.1389916109643362e-8 6.592395160059189e-9 
1.9  0.5109165437948658 0.48282498641319677 0.0034385161932019783 0.0024698297956088186 0.00023252809383241224 0.00010707972488279517 6.150786338035303e-6 2.910726285072813e-6 4.842980105436076e-7 4.042129986275163e-7 2.711282551857809e-7 2.506126085278398e-7 1.4619686496122224e-8 1.2046513741093923e-8 1.0943745288179736e-8 6.609969428280151e-9 
2.0  0.5088330993247212 0.4849667408605233 0.0033608418290966267 0.0025078335213548006 0.00021648674703393666 0.00010499507997037207 5.899125174193427e-6 2.7617188018987546e-6 4.14004558552977e-7 3.683480386399312e-7 2.6647849222171773e-7 2.5035632807836124e-7 1.4012509733095278e-8 1.1517171862513501e-8 1.0466889431644621e-8 6.609335396025702e-9 
2.1  0.5071128534683974 0.4867395782081115 0.0032927677739120367 0.0025399299086438353 0.0002022679648634287 0.00010307498143098133 5.644649372780036e-6 2.633761982881673e-6 3.576840505713126e-7 3.3893658763942723e-7 2.620512788877654e-7 2.4944553297263967e-7 1.335280200349704e-8 1.1119453744365098e-8 1.0032524895364798e-8 6.661054829131591e-9 
2.2  0.505695074191926 0.48820427078139444 0.0032335709718564944 0.002567074813639859 0.00018968192792261345 0.00010125670205778641 5.39303794157035e-6 2.52227769970382e-6 3.122421343910682e-7 3.1057872344725086e-7 2.5651738539436664e-7 2.444923284781599e-7 1.2602758865897873e-8 9.570606531267634e-9 9.291624481544372e-9 
2.3  0.5045079361937069 0.4894339443065125 0.003181412203477629 0.00259002731341598 0.00017848163400278343 9.95338703215852e-5 5.148725868767368e-6 2.425713630592596e-6 2.9081567767132983e-7 2.7350327921196607e-7 2.5287448843706486e-7 2.4306629291485653e-7 1.1830785542083149e-8 9.135946195063076e-9 8.812592399625913e-9 
2.4  0.5035159678785217 0.49046470227120087 0.0031352993306975325 0.0026093897871004535 0.00016847450069235 9.787811673543496e-5 4.912861403318122e-6 2.340894174655421e-6 2.7236913561268364e-7 2.4963214845609733e-7 2.4261009134504585e-7 2.415873973980586e-7 1.105889974434362e-8 8.71998287697458e-9 8.3818181032941e-9 
2.5  0.5026814349038214 0.49133471163430087 0.0030944096399725574 0.00262572094976265 0.00015950625468615721 9.627779727509469e-5 4.686914008622631e-6 2.2657824178920367e-6 2.5598667498464304e-7 2.466566804678925e-7 2.4002352891575076e-7 2.1685380773337654e-7 1.0301395677773653e-8 8.321510852183415e-9 7.980156180894257e-9 
2.6  0.5019744570985702 0.49207456037577485 0.0030578154706805446 0.0026394026553802122 0.000151426531345804 9.472414061944177e-5 4.4709667895272236e-6 2.198714239861834e-6 2.438099038756681e-7 2.4135873379495783e-7 2.3835867921584318e-7 1.9532101883267753e-7 9.586704390393336e-9 7.953518735393995e-9 7.658040974320682e-9 
2.7  0.5013820274061336 0.4926968806076544 0.003025423968814741 0.002650979737367883 0.00014416266372688927 9.32131527281906e-5 4.267337295799253e-6 2.1383153531942077e-6 2.4139003783277494e-7 2.367881859170847e-7 2.2791429893529561e-7 1.769616394558572e-7 8.880311882807188e-9 7.585208303851705e-9 7.291242813632269e-9 
2.8  0.5008851474312498 0.4932217037057413 0.0029962017939357244 0.0026606018438822283 0.00013757397908983538 9.174010661284958e-5 4.074111763062353e-6 2.08348881439376e-6 2.390417387097818e-7 2.350258717816389e-7 2.156518414244351e-7 1.6135013920647524e-7 8.230195619590184e-9 7.242371255514364e-9 6.9967530843319274e-9 
2.9  0.5004517589858453 0.4936807416767555 0.002970113621493912 0.0026687008240056185 0.00013161007554142863 9.030481193532179e-5 3.8927282850479235e-6 2.0333367865651136e-6 2.369696398179477e-7 2.3353217520640438e-7 2.0430473851556072e-7 1.4793140684051695e-7 7.61029513988069e-9 6.9108876202371205e-9 6.6802083606037775e-9 
3.0  0.500085858918187 0.4940706717151193 0.002946490793223799 0.0026753753560689614 0.0001261738430174921 8.89035797500513e-5 3.721636890469365e-6 1.987089412611744e-6 2.3501823081308258e-7 2.3188906157768886e-7 1.937846187928858e-7 1.3631969017274655e-7 7.0400848282280035e-9 6.594983707481991e-9 6.42166040309145e-9 
