#mmax= 10
#m-states: all states (FBR)
#Nr. of sites: 50
 
0.0  1.0 
0.1  0.9968287797372415 0.0025556383024263776 0.0006153252349215354 1.5714842728484218e-7 9.957698501356869e-8 
0.2  0.9866744966242773 0.010979874680323446 0.002339843926175203 2.776751905809112e-6 1.7039365314556893e-6 1.3040807908310527e-6 
0.3  0.9667269651104714 0.028454376123688167 0.0047667515830881815 2.364373895287566e-5 1.7543453483405806e-5 1.0194693287460331e-5 2.3010225758980022e-7 1.847228684505105e-7 1.1047190234076584e-7 
0.4  0.9254167178445893 0.06707345531050457 0.007010888132759317 0.0003357909710788624 9.913015375363368e-5 5.3441786503008566e-5 5.297464951293026e-6 3.1119089326820407e-6 1.536564552413237e-6 4.5129956901605805e-7 6.919118619456188e-8 4.225305111965416e-8 4.175118772100145e-8 2.536738505093392e-8 
0.41  0.9184993509009526 0.07368713949670465 0.007159762100500422 0.0004510326860507947 0.00012282369845670395 6.534078074350611e-5 7.276049661996145e-6 4.029146769861593e-6 2.4841287565515665e-6 4.996445947260965e-7 9.95779228283077e-8 7.272686497448139e-8 5.5266989754566e-8 3.379503369297907e-8 
0.42  0.9105223566035345 0.08132264401282077 0.007281199835242781 0.0006163801104605998 0.00015555542093610356 8.126632298954e-5 1.011123060452921e-5 5.238278119164773e-6 4.23653858543797e-6 5.71682928591253e-7 1.5254934609796554e-7 1.320737034662986e-7 7.524415037669232e-8 5.3211981981730076e-8 2.1290700197459122e-8 5.593898889398581e-9 
0.43  0.9011084775088888 0.09032476381905384 0.007368160707020428 0.0008621370563814809 0.0002033062179024915 0.00010338807009211779 1.4236988034433231e-5 7.3763118726719155e-6 6.776226036054802e-6 6.557193823172907e-7 2.512832982283949e-7 2.3233591471335797e-7 1.025311752632189e-7 8.937465802927247e-8 2.5874411527076776e-8 1.2328528374734208e-8 7.647348692124957e-9 
0.44  0.8896856745514636 0.10120946468757537 0.007411204813149614 0.001236884154726138 0.0002771271421330435 0.0001354585661094758 2.0265052380151828e-5 1.313814049440702e-5 8.758342592555829e-6 7.579961712432626e-7 5.049853478475866e-7 3.729924714565084e-7 1.5661074137636698e-7 1.3995934709511243e-7 3.005337239859465e-8 2.7306326455622547e-8 2.3594879302271554e-8 1.1050722054895345e-8 
0.45  0.8751891878198604 0.11491277088566552 0.007394673125483703 0.0018466289815425693 0.00040241472857888274 0.0001848981708585798 2.9643207791676322e-5 2.5057088545655966e-5 1.1400363950634656e-5 1.0705061967345393e-6 9.174651822706878e-7 6.427369023297807e-7 2.9852408256442764e-7 1.9533641326566766e-7 7.480910203164079e-8 6.00405521633393e-8 3.4212813438258864e-8 1.8035400296388347e-8 1.3961079568454393e-8 
0.46  0.8558000449672499 0.13305760988209844 0.007293575217256046 0.002844375893744254 0.0006311414650507743 0.00026595788668854614 4.401170599684167e-5 4.304426931143327e-5 1.4759386009157525e-5 1.9891131721292387e-6 1.2121408019776212e-6 1.1005834846125136e-6 5.280135173389558e-7 2.5623833440445804e-7 1.5009258426948355e-7 1.4191088020071615e-7 3.817904152160185e-8 2.983595631720239e-8 2.898878350018512e-8 4.230038570829187e-9 
0.47  0.8281840098988695 0.1586460487638572 0.007066237712665317 0.004452896987744915 0.0010782496819114922 0.0004074967140805158 7.446940315100944e-5 6.195338994862879e-5 1.8834357601500328e-5 3.754058454705376e-6 2.0479396693264792e-6 1.8324566100066756e-6 8.842807752486368e-7 4.1389073555564194e-7 3.2136124317876135e-7 3.1820537929719285e-7 7.475153629130316e-8 6.75069341853033e-8 4.2873082170814824e-8 2.0789118293715176e-8 8.404970008460205e-9 8.289658728429953e-9 8.28200557771418e-9 
0.48  0.7873363900548328 0.19651526688794432 0.006665143674421549 0.006653973850652076 0.001931545277030338 0.0006594343654439908 0.00011246913860124167 8.545502096532915e-5 2.284963719486646e-5 6.76737946542893e-6 3.831680465024236e-6 3.116516747691264e-6 1.2945812851325529e-6 9.412039895322306e-7 6.844451537819327e-7 3.5461316546007337e-7 1.5840969228036287e-7 1.5134677299975683e-7 6.792488754528371e-8 5.061624244498364e-8 1.613171686837571e-8 1.365242351405662e-8 1.3210278220803012e-8 1.0380629914524746e-8 
0.49  0.7305072722647927 0.25030385861992627 0.008566727071881176 0.006028211242776662 0.0032379140787005454 0.0010656233779001735 0.0001342492521665942 0.00010504219079094296 2.480259990294429e-5 9.659029048609558e-6 6.316279020712071e-6 5.360815450970127e-6 1.4750870888109951e-6 1.431272451344899e-6 9.302922063908682e-7 3.7132994023728535e-7 2.676196315132871e-7 2.393511378690647e-7 1.0769622208943872e-7 6.35208279729845e-8 2.3088711658446848e-8 1.7638911516552314e-8 1.577961097630108e-8 1.4654916302502009e-8 5.845986997910855e-9 
0.5  0.6646130451016495 0.3146735253299286 0.008988545959044643 0.0052749391053674086 0.004556579730459836 0.0015903321339622272 0.00013248212472941856 0.0001135256696984984 2.3671762080431215e-5 1.1301908366129781e-5 8.649623567123748e-6 8.168219177701933e-6 1.5170694009347318e-6 1.3423883655389115e-6 1.0478024074685324e-6 4.54528918929864e-7 2.929942536760921e-7 2.644004836779913e-7 1.374889860922189e-7 8.41865950115058e-8 2.479998456230568e-8 2.0913968682464952e-8 1.8143643104254568e-8 1.619947796821338e-8 6.706928373302614e-9 5.708554441464852e-9 
0.51  0.6057031537804504 0.3740732670367265 0.00804340669474696 0.005222452248799147 0.004583728215463326 0.00209585569020858 0.00011429964710381031 0.00010773102518808704 2.0778616462348755e-5 1.0851007501008603e-5 1.0450950019774662e-5 9.486347960205644e-6 1.2404691323540793e-6 1.03635607201006e-6 9.585073530501874e-7 5.037874946300294e-7 2.5563632198550507e-7 2.1885793579928122e-7 1.3349707611375026e-7 1.0473437220916507e-7 2.1605893910223025e-8 1.9234726762637068e-8 1.7182348530822783e-8 1.5756317458741246e-8 7.091525501562614e-9 6.022797757642046e-9 
0.52  0.5632535701637951 0.418079281375506 0.0067106526865001685 0.005171592320810272 0.004069365547759004 0.002477871596112015 9.341448223623557e-5 9.305207234905001e-5 1.7938453780043486e-5 1.1696421477787133e-5 9.264142204691261e-6 8.798822436980833e-6 8.853486585421797e-7 7.561197444427511e-7 7.387908682819278e-7 4.678243602145533e-7 2.1501675365067825e-7 1.449341029772181e-7 1.1851411891922673e-7 1.0786746540053638e-7 1.7214511878129104e-8 1.517548247020752e-8 1.504271203567528e-8 1.3625017922640731e-8 6.441240460210689e-9 
0.53  0.5355541381669313 0.4475007067916893 0.0055373296466130015 0.004757358731737857 0.0037184938311275745 0.0027336285392151145 7.765018121731203e-5 7.525332691378586e-5 1.5767021555924468e-5 1.216949792277305e-5 7.487223584844416e-6 7.431470007427569e-6 6.051203601366211e-7 5.524818113214286e-7 5.178937494042019e-7 3.925300281754169e-7 1.7577621518252108e-7 1.249845693390048e-7 9.004874470964636e-8 7.67537682889336e-8 1.3460797089218533e-8 1.3385880182567193e-8 1.1636736079701855e-8 1.1498826541193664e-8 
0.54  0.518900026648011 0.4656851241502834 0.004628597269486213 0.0042396170025345735 0.003493597542598784 0.0028866139678265126 6.418232765526355e-5 6.185924600948894e-5 1.427544990850956e-5 1.2202770201173695e-5 6.015920098100283e-6 5.945835420457385e-6 4.189331185214336e-7 3.9725836911552964e-7 3.7246936666417937e-7 3.172611223930496e-7 1.536147108040164e-7 1.2501998442682256e-7 5.9415650022588776e-8 5.340215570789975e-8 1.2515133963948142e-8 1.1582004495779212e-8 1.0664199331203618e-8 9.734151421950726e-9 
0.55  0.5090781560145476 0.4767735364209311 0.0039397702817135566 0.0037449629311539605 0.0033487362984426098 0.0029731147198829785 5.36460433894335e-5 5.192051546640153e-5 1.3245428999103297e-5 1.2037161744121951e-5 4.760673102469375e-6 4.65474861012489e-6 2.957744778235415e-7 2.801086693412083e-7 2.7977909158657245e-7 2.579926086817494e-7 1.336594185148128e-7 1.1952719900083508e-7 3.9211547878152546e-8 2.1465467416253772e-8 1.1794666072252003e-8 1.106396326006066e-8 8.384910567755664e-9 
0.56  0.5032422118088934 0.4836442095023298 0.003408300325232777 0.003310635299910266 0.003251973256770938 0.003019904833084962 4.5523380604180846e-5 4.443946472125874e-5 1.2508546403219502e-5 1.1802210905966846e-5 3.7360741725671555e-6 3.6044444670754522e-6 2.2422359039952745e-7 2.1682327082830847e-7 2.1550772951501953e-7 2.0244398705160867e-7 1.1369153866262334e-7 1.0870265689001106e-7 2.5660024621805454e-8 1.4501484709205816e-8 1.127569521125822e-8 1.1086059504717669e-8 6.936465104173099e-9 
0.57  0.49984394036972896 0.48788971140972054 0.0031860097256536744 0.003041972654758563 0.002989745767654258 0.00294040499853849 3.939960640074764e-5 3.8678001495921684e-5 1.1964472396602802e-5 1.1547773352737797e-5 2.8750380062571084e-6 2.824218086482083e-6 1.92137620600112e-7 1.9166125684385368e-7 1.5611388306169043e-7 1.5320789374643769e-7 9.465621515117326e-8 9.324933916826531e-8 1.2047594822725692e-8 1.1397364743264287e-8 1.0823583440253262e-8 1.0669455866249497e-8 
0.58  0.49789792455068166 0.4905359722914054 0.003139224016631978 0.0030493326907115 0.0026528908173845357 0.002627545272722482 3.4709742660214524e-5 3.4255453108909235e-5 1.154713586421922e-5 1.1298593282303996e-5 2.2657505365544865e-6 2.2437660798700963e-6 1.760578273902841e-7 1.7465186830507296e-7 1.2154244592677847e-7 1.2052822740107252e-7 7.799632258998738e-8 7.777105449302852e-8 1.046926204157947e-8 1.040618314260909e-8 1.0377808109144029e-8 1.0117934373570612e-8 
0.59  0.4967980782510203 0.4922227785997357 0.003104578894416569 0.003048192626244298 0.00237570968641343 0.0023623937832583245 3.098623862678331e-5 3.071056049983993e-5 1.1213965800517204e-5 1.1063982747962753e-5 1.8069671323605176e-6 1.7937794901306383e-6 1.6562241859119568e-7 1.6416193867872175e-7 9.789761178892745e-8 9.73231310295412e-8 6.44368572316443e-8 6.426172938584138e-8 9.999293458727443e-9 9.949281838493339e-9 9.57416201067782e-9 9.438190225489805e-9 
0.6  0.49620716903190015 0.49331070947768985 0.0030778547758291953 0.0030421360760380404 0.002144241544603128 0.0021368708655978754 2.796395826498179e-5 2.7772678744684614e-5 1.093895808286776e-5 1.0847156374790588e-5 1.4535612940051918e-6 1.4233823753675716e-6 1.581476914599091e-7 1.5693894785508595e-7 8.083594100723662e-8 7.941360136278998e-8 5.372163804198912e-8 5.329665775425365e-8 9.534978924086402e-9 9.482375246871427e-9 8.875286189503614e-9 8.286089378143745e-9 
0.7  0.5056294367979874 0.48642442465465074 0.0030023105553350343 0.0028881996852007036 0.0010242049376297095 0.0009850694772019608 1.3697951130929423e-5 1.3118118587676817e-5 9.571979050818502e-6 9.208413178768159e-6 2.2463884372633447e-7 1.9045707347209304e-7 1.2841850880011356e-7 1.2248294573504461e-7 2.735605618775288e-8 2.301100767762862e-8 2.0976466792665904e-8 2.0089145312550766e-8 
0.8  0.4976223045323736 0.4953527860885972 0.0028814711890355915 0.0028683209682487587 0.0006225460806372422 0.000619691779296046 8.486909658744272e-6 8.448004376557196e-6 7.79069078028165e-6 7.752500358683334e-6 1.124813643311282e-7 1.1197326661268507e-7 5.277834962430415e-8 5.220939633978893e-8 1.9325955613034523e-8 1.922962916273405e-8 1.6657352488655194e-8 1.6601325167003188e-8 
0.9  0.5042430689179798 0.4891921887704261 0.002867000797567453 0.002781459438300088 0.00045220427597165606 0.0004387430661549333 7.815170865142031e-6 7.5829941318315e-6 4.87742868472203e-6 4.735521070753768e-6 1.0551378732086181e-7 1.0254950306313105e-7 2.6127910606535172e-8 2.55041786694575e-8 1.939567024366915e-8 1.883741024952775e-8 1.3030409555449872e-8 1.2659980255756856e-8 
1.0  0.5048023494090573 0.4889089881159534 0.0028294420452680135 0.002740126043595565 0.00035492445345013427 0.00034364556460696834 7.131387173845145e-6 6.899902140522578e-6 3.160725389430359e-6 3.0564616215757993e-6 9.986690621814568e-8 9.251356582097663e-8 1.916771345741759e-8 1.8527767456551242e-8 1.8498446317347565e-8 1.7230313136356816e-8 1.0087034100104414e-8 
1.1  0.5100903022684594 0.48380710251606523 0.0028256019766809515 0.002680041078269255 0.00029751414854519933 0.00028218689264128416 6.5755206649705595e-6 6.237031979533342e-6 2.152389714718101e-6 2.0414684490804373e-6 9.232516680194699e-8 8.759182835277524e-8 1.881379101346823e-8 1.784875372226598e-8 1.4433914145486074e-8 1.3695080002940748e-8 
1.2  0.5130946753419763 0.48093845628698917 0.0028143860621751646 0.0026380011047460153 0.00025786321512711577 0.00024170108588099067 6.056957529121e-6 5.677345074295688e-6 1.5235574913153971e-6 1.4277265296928188e-6 8.957965059364593e-8 8.397095332653806e-8 1.8147726838231775e-8 1.701422342513017e-8 1.1688336113180208e-8 1.0915590307127402e-8 
1.3  0.5122784312803305 0.48185947319694117 0.0027862579000553366 0.0026208107359053743 0.00022769230438867005 0.00021417167219544216 5.555264326330186e-6 5.225398383890561e-6 1.1143694834221881e-6 1.0481511130479302e-6 8.672087947891055e-8 8.15731646285575e-8 1.7154475674927888e-8 1.6166866207232555e-8 9.333433516054847e-9 8.77805981971782e-9 
1.4  0.5123995590039292 0.4818225346143155 0.002766508893094172 0.0026014106399185454 0.0002052277547576462 0.0001929676669614895 5.123025305972821e-6 4.816830829272617e-6 8.473553840639394e-7 7.9482807007714e-7 8.448751955422246e-8 7.944121676333179e-8 1.612018016406542e-8 1.514552336311837e-8 7.36911188485377e-9 6.823883874533107e-9 
1.5  0.5132071837434132 0.4810846061242403 0.0027530058719250935 0.0025806753685585835 0.00018782446220063392 0.0001760391228061775 4.748434889573352e-6 4.448869183444748e-6 6.640951789246029e-7 6.098197237371167e-7 8.267781510151815e-8 7.746960128699766e-8 1.5002034111709265e-8 1.4002214586994123e-8 4.936216977661712e-9 
1.6  0.5117266010747172 0.48262404841079565 0.002729330243627092 0.0025741524766542314 0.00017297060959746695 0.0001631305845973785 4.399058932121105e-6 4.1477767309990665e-6 5.330679407136381e-7 4.994220148809605e-7 8.076031975780702e-8 7.617902219342886e-8 1.3752753966865314e-8 1.303274918490015e-8 3.5495485485135394e-9 
1.7  0.5133636363865397 0.4810376790828095 0.002724055446673534 0.0025525651682272578 0.00016162112376310963 0.0001514468949550957 4.114852264138646e-6 3.855940429605108e-6 4.3698544295818747e-7 4.0947062579798896e-7 7.957343680152825e-8 7.457460278634427e-8 1.258612584543492e-8 1.1914105473939467e-8 
1.8  0.513640949444338 0.4808046011565886 0.002712946174053284 0.002539512711735962 0.00015166496418800844 0.00014196921513389408 3.854808856505262e-6 3.6084044046890646e-6 3.7129074873452225e-7 3.4755125262320624e-7 7.833331828411841e-8 7.332758533625484e-8 1.1677814638342827e-8 1.0939983465537825e-8 
1.9  0.5130751065769277 0.48140939423967044 0.002698639016800961 0.0025320864726917558 0.0001428938978310183 0.00013407494847507125 3.6179608456770915e-6 3.394702596687533e-6 3.2086135795619683e-7 3.010640992648816e-7 7.714210453286775e-8 7.238228392960826e-8 1.066199312143089e-8 1.0072324319882748e-8 
2.0  0.5132980859387593 0.48122123482119 0.0026894722052836374 0.0025214004898877537 0.0001354750724620963 0.00012700886101836087 3.412003210151382e-6 3.1987790767103397e-6 2.814152209669889e-7 2.638281034749993e-7 7.6142451987138e-8 7.138282338588638e-8 9.822160906231359e-9 9.238352599018381e-9 
2.1  0.5134189673464534 0.4811315415830532 0.0026807025235144164 0.002512120318836407 0.00012893911748934131 0.00012083042180845215 3.227180900951404e-6 3.024220356451211e-6 2.498515123605158e-7 2.341402326034348e-7 7.525202972710386e-8 7.05159371169896e-8 9.046743835324577e-9 8.481135340441274e-9 
2.2  0.513689974958206 0.4808887704993831 0.002673464534319489 0.002502765790939701 0.00012318323237930882 0.00011531820907995726 3.0618725878768007e-6 2.8664331198641656e-6 2.242850310736061e-7 2.0997129330475557e-7 7.44654735779324e-8 6.971638529643506e-8 8.231746907383658e-9 7.800056742132805e-9 
2.3  0.5141156554347892 0.48048875556720894 0.0026677351595622823 0.0024932268216017774 0.00011808221982337714 0.00011035755925139048 2.9138756257806228e-6 2.7232097149485904e-6 2.0294753919883635e-7 1.8966359519942952e-7 7.377420671067616e-8 6.893622607164782e-8 7.662506095081318e-9 7.1683523327695084e-9 
2.4  0.5137178918707864 0.4809100258501223 0.0026582869298765886 0.0024885172795749123 0.00011331448571226939 0.00010607756590152022 2.775238942878452e-6 2.5979870504290613e-6 1.8476696277940954e-7 1.729625451785183e-7 7.302513936353653e-8 6.83577117725865e-8 7.059020184523224e-9 6.620655782202406e-9 
2.5  0.5136870019144196 0.48096259141642095 0.0026512864913326873 0.002482342308882661 0.00010907820876524126 0.00010211273602948562 2.651077334454709e-6 2.464282157990695e-6 1.694439976292011e-7 1.555526574311956e-7 7.237911286734445e-8 6.764601935257127e-8 6.542871460957298e-9 
2.6  0.5138130069249707 0.4808564859044066 0.0026455710422336907 0.0024758410742915654 0.00010525913994085664 9.849327449772642e-5 2.5386845823928413e-6 2.3594303655617545e-6 1.5623329354304735e-7 1.4332085012898607e-7 7.181587685625347e-8 6.711405650866411e-8 6.0406361843147075e-9 
2.7  0.5135688288723963 0.4811191282583984 0.002638346403116673 0.0024716230170130165 0.00010169547252668042 9.525810003561043e-5 2.433444595564092e-6 2.2655419329422295e-6 1.4456512575403416e-7 1.3289673790058954e-7 7.123575232409968e-8 6.66538884405917e-8 5.538483150950199e-9 
2.8  0.513528734043081 0.4811763584431856 0.0026325723176962735 0.0024667013139149994 9.846454693272906e-5 9.225275047094057e-5 2.3367616271084728e-6 2.179799487947193e-6 1.342144409386907e-7 1.239581144787361e-7 7.072134738505861e-8 6.620795960513199e-8 4.921741989370251e-9 
2.9  0.5133187608487537 0.4814023200933216 0.0026262537165449578 0.0024629629415632574 9.545456524080521e-5 8.951809469663457e-5 2.245335860003723e-6 2.1028742416845973e-6 1.249318493216952e-7 1.1616734543672953e-7 7.020038972648188e-8 6.583842513559513e-8 4.391769974910426e-9 
3.0  0.5132968002933526 0.48143921453978245 0.0026212352375144295 0.0024585294236578663 9.27135740174647e-5 8.694938898760201e-5 2.169121576678296e-6 2.0229255085999707e-6 1.1766697959515071e-7 1.0818092283605145e-7 6.977181582054657e-8 6.538155092241094e-8 4.494334156706758e-9 
3.1  0.5132929864532965 0.48145703357700115 0.00261656648130701 0.0024542744774448725 9.01674362686165e-5 8.457244793045087e-5 2.091363562233484e-6 1.9570764152720424e-6 1.1016874746492183e-7 1.0222419657638743e-7 6.935287255989714e-8 6.503769320315183e-8 3.903264786703992e-9 
3.2  0.5131681222379374 0.48159510200571953 0.0026115350375243394 0.002450851642712073 8.777736744026021e-5 8.237531551761863e-5 2.014441599767064e-6 1.890106110505027e-6 1.0225252719800397e-7 9.59710633383965e-8 6.893521632896227e-8 6.468663234628008e-8 
3.3  0.5130855011852894 0.48169005861875175 0.002606985252959086 0.002447471544444686 8.556007569524302e-5 8.032424362289871e-5 1.949239445094389e-6 1.8298847940482586e-6 9.650372291002896e-8 9.058713241642677e-8 6.852918184929491e-8 6.433495874866429e-8 
3.4  0.5130782783295791 0.48170904925490005 0.0026029756432725047 0.0024438367162440936 8.34963594427005e-5 7.839162317297162e-5 1.8891323048295596e-6 1.773643321257423e-6 9.133016911812618e-8 8.577277273817819e-8 6.818308445425461e-8 6.401173689721998e-8 
3.5  0.5130398166192262 0.48175857304651337 0.002599037435207369 0.002440572236752292 8.155969286632311e-5 7.658695271394743e-5 1.8330550815895443e-6 1.7212992991634113e-6 8.667493110371111e-8 8.142456515128714e-8 6.78513793760346e-8 6.371146410538663e-8 
3.6  0.5130560687672864 0.4817528029960678 0.002595555526641567 0.0024371963632150184 7.974920710270701e-5 7.488359082713622e-5 1.7806740545148563e-6 1.6720388546349284e-6 8.242947059048495e-8 7.74422629982401e-8 6.754393196380576e-8 6.342028405206019e-8 
3.7  0.5130480955083977 0.4817707246572481 0.002592117734034244 0.0024340964135950525 7.804164818157313e-5 7.328407067895328e-5 1.7313834063447547e-6 1.6258409409545155e-6 7.855116125093297e-8 7.379663270260385e-8 6.724899892449738e-8 6.314672359794448e-8 
3.8  0.5130432652665209 0.48178495745575833 0.002588878407517419 0.002431145069488312 7.643380256297397e-5 7.177693504192881e-5 1.6852036034149642e-6 1.582536291503018e-6 7.499908462482378e-8 7.046290384866706e-8 6.697068697213026e-8 6.289054173715689e-8 
3.9  0.5130539388638913 0.4817833430429916 0.002585803554101871 0.0024282020714699462 7.491367468351575e-5 7.034779584126932e-5 1.6413283327245875e-6 1.5412965485340159e-6 7.168151592349319e-8 6.734750716563217e-8 6.670566558107378e-8 6.263744881382483e-8 
4.0  0.5130524657695713 0.4817933539102383 0.002582853060939435 0.0024254857302793836 7.347662021221942e-5 6.899989570040944e-5 1.6002302673269273e-6 1.502739711146996e-6 6.867224955596762e-8 6.645152182196399e-8 6.451634682632305e-8 6.24029619528908e-8 
4.1  0.5130444362765639 0.4818095869398076 0.002579966260501795 0.0024228944175063148 7.211165487033724e-5 6.772143633136645e-5 1.5609937872622774e-6 1.4659665428174272e-6 6.61935750041972e-8 6.584515588434165e-8 6.216371181109843e-8 6.185164550472019e-8 
4.2  0.5130480508625634 0.4818138105767752 0.0025772550128506 0.0024203525309093948 7.081828235333667e-5 6.65069230413178e-5 1.524027479015257e-6 1.4312555734723194e-6 6.596380940720228e-8 6.322938653142221e-8 6.194798219839823e-8 5.9387278994431566e-8 
4.3  0.5130443158971257 0.4818250588851842 0.002574609270657979 0.002417942820776905 6.958743379862103e-5 6.53529804238331e-5 1.488939179017157e-6 1.3983400827374419e-6 6.579306339703138e-8 6.174693869159157e-8 6.079318897182458e-8 5.7099583629996654e-8 
4.4  0.5130471080967327 0.4818294567788778 0.0025721031702069168 0.0024155979047016988 6.841687219680545e-5 6.425385053745745e-5 1.455639084910471e-6 1.3670687837530573e-6 6.557856092795754e-8 6.154937465888886e-8 5.852240941863146e-8 5.49685326455708e-8 
4.5  0.5130454680107871 0.48183799320136006 0.0025696703818193917 0.0024133637714405893 6.73005412598074e-5 6.320685922894738e-5 1.423884131629012e-6 1.337278677647332e-6 6.537126028690586e-8 6.135704402443481e-8 5.6382345818201344e-8 5.2960647756719525e-8 
4.6  0.5130466309643359 0.4818434480112439 0.002567343767499227 0.0024112002667775185 6.623555469705399e-5 6.220716708488211e-5 1.3936104951761758e-6 1.3088563866386074e-6 6.517580175257267e-8 6.116316514143423e-8 5.438223000847003e-8 5.108028566500388e-8 
4.7  0.5130445158155725 0.48185193363456014 0.0025650788786018464 0.0024091271016141377 6.521763357344407e-5 6.125252661407327e-5 1.3647951754402085e-6 1.2818227423972268e-6 6.49720993214583e-8 6.098621293680498e-8 5.251044858400048e-8 4.9322784299361364e-8 
4.8  0.5130452335431126 0.48185734031414046 0.002562910741171217 0.002407114260734244 6.424452145056907e-5 6.0339147156427695e-5 1.3373548090498392e-6 1.256061386924007e-6 6.479126209132104e-8 6.081812248711838e-8 5.076271775629313e-8 4.768393744383299e-8 
4.9  0.5130422685780613 0.48186619939685654 0.0025608011330131293 0.002405190528779459 6.331233995496697e-5 5.946507660021977e-5 1.3110568023618057e-6 1.2313908913675516e-6 6.461996194764397e-8 6.065004254700628e-8 4.9104004518282303e-8 4.612503132442135e-8 
5.0  0.5130403902490208 0.48187376374213686 0.002558764517042199 0.002403324109587088 6.241913015420007e-5 5.862725492456882e-5 1.2859765118422596e-6 1.2078571514901e-6 6.444676295918555e-8 6.04993001675635e-8 4.7550381422759244e-8 4.466702426262695e-8 
