#mmax= 10
#m-states: all states (FBR)
#Nr. of sites: 41

0.0  -0.0  0.0
0.1  -20.80781096000826  0.9821753130052624
0.2  -168.78965962802383  1.0000000000000004
0.3  -224.78965962802383  1.0000000000000004
0.4  -274.7896596280238  0.9999999999999999
0.41  -230.825635927772  0.9649831449354991
0.42  -294.7896596280238  1.0000000000000016
0.43  -286.7896596280238  0.9999999999999994
0.44  -280.7896596280238  1.0000000000000007
0.45  -291.55682413333017  0.6596706118175268
0.46  -290.7900404180717  0.9996193016426611
0.47  -292.8078095559416  0.982176692188776
0.48  -294.81056934200967  0.9794726139521457
0.49  -444.7896596280238  Inf
0.5  -288.9350276849323  0.8727195859411989
0.51  -430.7896596280238  Inf
0.52  -534.7896596280239  Inf
0.53  -434.8078095559416  Inf
0.54  -430.7896596280238  Inf
0.55  -442.78970502692306  Inf
0.56  -362.79218225923427  Inf
0.57  -528.8081389306185  Inf
0.58  -526.7896657722173  Inf
0.59  -529.4828068085837  Inf
0.6  -439.48280680858375  Inf
0.7  -Inf  NaN
0.8  -Inf  NaN
0.9  -Inf  NaN
1.0  -Inf  NaN
1.1  -Inf  NaN
1.2  -Inf  NaN
1.3  -Inf  NaN
1.4  -Inf  NaN
1.5  -Inf  NaN
1.6  -Inf  NaN
1.7  -Inf  NaN
1.8  -Inf  NaN
1.9  -Inf  NaN
2.0  -Inf  NaN
2.1  -Inf  NaN
2.2  -Inf  NaN
2.3  -Inf  NaN
2.4  -Inf  NaN
2.5  -Inf  NaN
2.6  -Inf  NaN
2.7  -Inf  NaN
2.8  -Inf  NaN
2.9  -Inf  NaN
3.0  -Inf  NaN
3.1  -Inf  NaN
3.2  -Inf  NaN
3.3  -Inf  NaN
3.4  -Inf  NaN
3.5  -Inf  NaN
3.6  -Inf  NaN
3.7  -Inf  NaN
3.8  -Inf  NaN
3.9  -Inf  NaN
4.0  -Inf  NaN
4.1  -Inf  NaN
4.2  -Inf  NaN
4.3  -Inf  NaN
4.4  -Inf  NaN
4.5  -Inf  NaN
4.6  -Inf  NaN
4.7  -Inf  NaN
4.8  -Inf  NaN
4.9  -Inf  NaN
5.0  -Inf  NaN
