#mmax= 10
#m-states: all states (FBR)
#Nr. of sites: 41
 
0.0  1.0000000000000004 
0.1  0.9968288008176875 0.0025556179791361307 0.0006153245030385998 1.5713514116496765e-7 9.956499729294864e-8 
0.2  0.9866743236958994 0.010980112848971399 0.0023397744172040944 2.7760905833112247e-6 1.7039077971483827e-6 1.309039545015012e-6 
0.3  0.9667255490309182 0.02845550400110376 0.004766764171339751 2.387865376627496e-5 1.755977595927793e-5 1.0199531845637987e-5 2.3631128519328292e-7 1.8602350116862625e-7 1.1052437742636422e-7 1.1975903760149284e-8 
0.4  0.9254176248446937 0.06707264030759225 0.007010901290555037 0.0003356958680013119 9.912392862893583e-5 5.343921667064619e-5 5.295815578289481e-6 3.111434284454276e-6 1.5373875384820797e-6 4.511630604148877e-7 6.922818518645728e-8 4.226794485236027e-8 4.185372319567857e-8 2.5393545065647634e-8 
0.41  0.9184969654761551 0.07368902952550332 0.007159624299118397 0.0004514908289296108 0.000122858751725671 6.535199737125077e-5 7.29330160803767e-6 4.046351432082673e-6 2.547973486808225e-6 5.087222835888801e-7 1.0075463400300854e-7 7.509147713515631e-8 5.5919898053826126e-8 3.5008960448669785e-8 1.5997417776238362e-8 
0.42  0.9105329833499328 0.08131404744214207 0.007281162304488741 0.0006147845855049583 0.00015542306353855768 8.121728711475351e-5 1.007389899225227e-5 5.212151057037758e-6 4.1363895727225375e-6 5.484601795757654e-7 1.5147076201780577e-7 1.292565756616579e-7 7.311405369856044e-8 5.167454698171735e-8 5.551535654111678e-9 
0.43  0.9011523434000389 0.09028908886898412 0.007368790274853429 0.0008548541042977405 0.0002025787231679717 0.00010321479890708059 1.4057288184696675e-5 6.982751206729417e-6 6.7440744798479086e-6 6.500116939217815e-7 2.364990950594707e-7 2.2831764067520153e-7 1.0380907427482812e-7 8.583327338918075e-8 2.5626270089888775e-8 8.121223536443476e-9 7.497609705407467e-9 
0.44  0.8898103294357512 0.10110935927512074 0.007412981563165159 0.001215756289916198 0.00027473201466767135 0.00013487852535382642 1.9753981244016032e-5 1.1641824227083014e-5 8.68349070646282e-6 7.567758157472254e-7 4.224107636334825e-7 3.481748465202187e-7 1.4311468878485737e-7 1.4275880479051797e-7 2.9599223287603176e-8 2.2064467166413438e-8 1.061141314343362e-8 8.089827662484376e-9 
0.45  0.8755947470065542 0.11458789015292137 0.007400110209237314 0.0017776410170705576 0.00039299284485238634 0.00018272132083163237 2.8193640013074282e-5 2.1522988243043796e-5 1.114413507301664e-5 9.110600513556464e-7 9.060924081654102e-7 5.969018358400373e-7 2.5892360059870626e-7 1.9216216334830654e-7 5.622383387743558e-8 5.219204593635726e-8 3.384049058179358e-8 1.6338349522227813e-8 1.2950422541168173e-8 
0.46  0.8570513036436426 0.1320543556295088 0.007309768388305949 0.002636920024596133 0.0005959186659243465 0.00025834107883088565 3.93453942836587e-5 3.5199203809317757e-5 1.4124127085237142e-5 1.5831693007489567e-6 1.1790238695801802e-6 9.841928902921212e-7 4.2599831796067556e-7 2.481711534569475e-7 1.1675732704589496e-7 1.0262871113336037e-7 3.7545027370283466e-8 2.4697471322550365e-8 2.1659947749525578e-8 
0.47  0.8319842670544305 0.15556099292502046 0.007113399428771381 0.0038776480526900806 0.0009512370231237609 0.000381465542484083 5.309492297628831e-5 5.298052133654864e-5 1.742516149803584e-5 2.620149940901174e-6 1.6917911885165144e-6 1.6516682928103346e-6 6.402004823222411e-7 3.018828385458145e-7 2.5982438848412707e-7 1.786786022401953e-7 4.913176867357408e-8 4.1647382146485353e-8 3.8742793107410437e-8 8.587241518988423e-9 7.062749874697078e-9 
0.48  0.7972225236914873 0.18819975062807445 0.0067728922389001965 0.005480301548750718 0.0015622264907915611 0.0005840978878512821 7.588258078225817e-5 6.925876129146267e-5 2.058480676928155e-5 4.5060556748260535e-6 2.8859992764571237e-6 2.63944287518436e-6 8.948157941444062e-7 5.459196714262363e-7 3.701800149206715e-7 3.350722900226859e-7 9.82036102510164e-8 9.440298030063042e-8 4.653122366369233e-8 3.2855164708061904e-8 1.1245923800162909e-8 1.0985725231817717e-8 9.655076116742407e-9 
0.49  0.7515727893182381 0.2316929959641836 0.006915333458835247 0.0062759336089574375 0.002439230791602319 0.0008900757634385937 9.061304762889305e-5 8.247265958933994e-5 2.243147530483335e-5 6.317434914133232e-6 4.493338885103566e-6 4.17719384815747e-6 1.026019856729829e-6 8.118971654844425e-7 5.038017469795319e-7 3.355379352653565e-7 1.7103479640846872e-7 1.3027868054103579e-7 5.510235108371432e-8 5.05489373686391e-8 1.5626876576595625e-8 1.4396075059307216e-8 1.154043332841064e-8 1.0159720752692386e-8 
0.5  0.6978522904935289 0.28398473599797497 0.0075739207736795 0.0056607209051085456 0.0034067161913929056 0.001291575438494062 9.449258836596884e-5 8.971470838355353e-5 2.2348502705716657e-5 7.705716420698466e-6 6.198790224646902e-6 6.162766557291566e-6 9.993839220772467e-7 9.304660885050299e-7 5.911693959555823e-7 3.100492830790125e-7 2.532559353946582e-7 1.4261040979463348e-7 6.763824523704592e-8 6.570968723330928e-8 1.7957762427590174e-8 1.5778376333602793e-8 1.3039737447617317e-8 1.0068321904205067e-8 
0.51  0.6438943142261996 0.3376973738127358 0.007295046179011361 0.005024855537490276 0.0041321730222514145 0.001729976643114192 8.943876435135099e-5 8.921978482946838e-5 2.07203921508076e-5 8.249627205170176e-6 8.142457319872776e-6 7.234148426550697e-6 8.685698115245001e-7 8.547980112267673e-7 6.10326190328838e-7 3.215447761350836e-7 2.605154221637852e-7 1.288182200603535e-7 8.473599281076367e-8 7.232605489351504e-8 1.7509063795583526e-8 1.545229071426946e-8 1.0530161817405726e-8 1.027892009219379e-8 
0.52  0.5987360257317498 0.38361627522697583 0.0064493137251193785 0.004480089313978745 0.00439179157461933 0.002119380325868694 8.247408704126395e-5 7.863348672907782e-5 1.8541777419551024e-5 9.797116744896773e-6 7.588637856691456e-6 7.294370503285383e-6 7.021621183101137e-7 6.651172884033787e-7 5.495323512821174e-7 3.361992793663646e-7 2.2352264636669636e-7 1.018910135741609e-7 9.907066572646383e-8 6.641745399980337e-8 1.5285499171166182e-8 1.4592925081914622e-8 1.0510090793367818e-8 1.0324062638377953e-8 
0.53  0.5651498814840964 0.41840717429016266 0.005500470730329802 0.004275581700597259 0.004063356460209089 0.002420954946882882 7.244218538098236e-5 6.742511296249962e-5 1.6545811325083774e-5 1.0728366963349965e-5 6.608292531031398e-6 6.567044372053502e-6 5.28276307616764e-7 4.961187718056426e-7 4.5023499509132676e-7 3.147575267170616e-7 1.9028826413711544e-7 1.0837954335026705e-7 7.403209281654286e-8 5.493574960287032e-8 1.3420334112591571e-8 1.2565106540635844e-8 1.0775024126609919e-8 9.790472941390457e-9 
0.54  0.5414846648902769 0.4433280425837093 0.004662635488255111 0.003967881451544271 0.0037589463415446654 0.0026390733337315056 6.215149695240594e-5 5.7600180943613877e-5 1.4958801073657163e-5 1.1194985457281468e-5 5.612274490318156e-6 5.443300435551338e-6 3.87420943337524e-7 3.6916057969210706e-7 3.494882874320053e-7 2.774179575289685e-7 1.6241117471894045e-7 1.1239391077314606e-7 5.157870761096168e-8 4.201739246794659e-8 1.2648390390753877e-8 1.0983710347463908e-8 1.0505847512648742e-8 8.844684196603596e-9 
0.55  0.5258908808092562 0.46006056109583726 0.0039845218293342866 0.0035942534910853876 0.0035485152447128176 0.0027830028047541866 5.3139792565022096e-5 4.955431688156206e-5 1.3784667200071423e-5 1.1346207738716384e-5 4.5923446332998874e-6 4.418966899164574e-6 2.849785480335038e-7 2.816774137359298e-7 2.657917796079052e-7 2.410602484166156e-7 1.3789730548008253e-7 1.1075503658033279e-7 3.6372628494038575e-8 3.088706009234835e-8 1.1965262688153117e-8 1.0988212793774763e-8 8.392748147264928e-9 7.662859148314829e-9 
0.56  0.5154205374845889 0.4715091074032109 0.0034445150993357545 0.0033984182977151627 0.0032277580929133054 0.0028784431836683874 4.562959821732579e-5 4.3071857831334885e-5 1.2905982247739426e-5 1.1331038169871867e-5 3.6667722283851203e-6 3.4851692846624184e-6 2.2507196754379026e-7 2.1168277990024189e-7 2.1102640694458675e-7 1.9523737938684563e-7 1.1491987156793208e-7 1.0366189606160654e-7 2.4893905775575912e-8 1.433555306786172e-8 1.141832994550274e-8 1.0909503936302024e-8 6.8629972415643715e-9 
0.57  0.5085394506820012 0.47921340523629374 0.0032920021878531484 0.003014840910899571 0.002938527648656623 0.0028943556485622104 3.961243935607122e-5 3.7825976253353586e-5 1.225020073519988e-5 1.1228298315065638e-5 2.841410937528237e-6 2.7438307549043786e-6 1.9142589332253664e-7 1.9137469717723663e-7 1.5427000964636038e-7 1.4890668383000072e-7 9.442394886182988e-8 9.088661837195352e-8 1.1706485608156586e-8 1.0985014879913393e-8 1.0778825180832452e-8 1.0771204711392438e-8 
0.58  0.5040852357134556 0.48435678307861707 0.0032158965144553804 0.0029739741695484685 0.0026692893497747153 0.002602049338181318 3.495545625404208e-5 3.373845592613949e-5 1.174811018303222e-5 1.1080327125090693e-5 2.2590281300110183e-6 2.204415558209143e-6 1.7714055092611188e-7 1.732680343072097e-7 1.2120987098541316e-7 1.1871669120528302e-7 7.751931686433312e-8 7.703877990397092e-8 1.0512135128242196e-8 1.0482357516483313e-8 1.0252580887664184e-8 9.902474046216522e-9 
0.59  0.50115949357333 0.4878646669542076 0.003159624401316278 0.0029938218318333776 0.0023858911345648096 0.0023483536668463837 3.119962816874797e-5 3.0397891857163025e-5 1.1354357796135188e-5 1.0915256738445148e-5 1.8125975958321632e-6 1.7775145501367609e-6 1.670435007085871e-7 1.6275269412643137e-7 9.812088812165541e-8 9.660596515806128e-8 6.435051849950543e-8 6.392355442949187e-8 9.951738602181376e-9 9.927622727218888e-9 9.426955549615942e-9 9.087759203640253e-9 
0.6  0.4992668262846105 0.4902527497915738 0.00311727632944024 0.003003040810137456 0.002150075639576566 0.0021291324877013196 2.808662919368249e-5 2.755885698398725e-5 1.1036212732883237e-5 1.074566975910678e-5 1.442882309244906e-6 1.4111504071272317e-6 1.5937924054938574e-7 1.5564581008209516e-7 8.03291177163022e-8 7.913589880962509e-8 5.354848018828778e-8 5.299011283170001e-8 9.513017027329273e-9 9.447722638911799e-9 8.85968899124129e-9 8.406486576770603e-9 
0.7  0.49871859640298544 0.493335842265505 0.002961324039433539 0.0029292190868057755 0.0010097641045201308 0.0009989705252060905 1.3441957558611492e-5 1.3327064583105138e-5 9.44064878940554e-6 9.339130932694738e-6 2.0184535312474734e-7 1.9536394465697968e-7 1.254816087148582e-7 1.2440324728713554e-7 2.3383449222933046e-8 2.336192869539205e-8 2.055479783208547e-8 2.037935119845168e-8 
0.8  0.5026392029325297 0.49033591852461267 0.00291051266411704 0.0028392717612070522 0.0006288097776092317 0.0006134098999988111 8.57228280612031e-6 8.362293675914733e-6 7.866784617074376e-6 7.672503608991288e-6 1.1364592035928251e-7 1.1086745099271322e-7 5.2962428337952215e-8 5.146779763582555e-8 1.9518634045696696e-8 1.878958918986879e-8 1.687400666136465e-8 1.6449391183317547e-8 
0.9  0.5076274912541553 0.4858079213247096 0.0028862876617214792 0.0027620674029649166 0.00045529099674536177 0.0004356109780626335 7.869155580462657e-6 7.525421659296222e-6 4.9161882902162e-6 4.696932868648061e-6 1.0651604778228089e-7 1.010160487056294e-7 2.6589449942119726e-8 2.4958661945070185e-8 1.955250297231542e-8 1.864729305787988e-8 1.3146298794528281e-8 1.2256939675629895e-8 
1.0  0.5079295994930219 0.48578217891854775 0.0028467159161122734 0.0027225269606165198 0.0003570430327737546 0.0003414262750757347 7.170091804867748e-6 6.854693452607733e-6 3.175541214185556e-6 3.0347868033127096e-6 9.946502101363406e-8 9.18674703749818e-8 1.9239166967558947e-8 1.845800798398534e-8 1.8234312709646245e-8 1.7169070170387704e-8 9.8575317291638e-9 
1.1  0.5113089578031133 0.48258854126204687 0.0028323445332414723 0.002673225280803966 0.00029822019805610106 0.0002814629095923231 6.5910836842511325e-6 6.22056486647991e-6 2.157190855411348e-6 2.0352734624194176e-6 9.253802155103286e-8 8.737445501660516e-8 1.8820201404385957e-8 1.726764832192778e-8 1.4276413019325562e-8 1.3623539711747479e-8 
1.2  0.5073845789628085 0.48664850923028474 0.0027830757318159406 0.00266934927875113 0.00025499380688193433 0.00024457532671870544 5.989624201803681e-6 5.744959406818206e-6 1.50657082045678e-6 1.445155591055408e-6 8.856827055798853e-8 8.497031316448249e-8 1.7960621422440447e-8 1.7213491884584556e-8 1.1553300421027102e-8 1.1086722354802484e-8 
1.3  0.5059914708760718 0.4881464345890339 0.0027520608925706612 0.0026550081376377904 0.00022489693360064044 0.00021696593996557405 5.487058521355935e-6 5.293587139176825e-6 1.1005558099307914e-6 1.0617676196283527e-6 8.564767795535204e-8 8.263419761143617e-8 1.6953356271165125e-8 1.6365378824275233e-8 9.169110322378069e-9 8.892309457302832e-9 
1.4  0.5033672945091099 0.4908548707763178 0.002717723898299268 0.0026501850604190684 0.00020157985220677354 0.00019658848273508968 5.0302171809465515e-6 4.905874723016408e-6 8.191067295322365e-7 8.014648495708186e-7 8.294851801539849e-8 8.090503147064162e-8 1.577877051919356e-8 1.5420136869136876e-8 5.7049731331875766e-9 
1.5  0.5029373859940208 0.4913544364235471 0.002697889770177035 0.0026357533365395027 0.00018405735063863597 0.00017981174844837816 4.654180309307196e-6 4.5430128174036304e-6 6.456880635965404e-7 6.292063960630394e-7 8.099284902757469e-8 7.911767249196156e-8 1.46995894576518e-8 1.4322482013577394e-8 4.156448421403364e-9 
1.6  0.5029691919227114 0.4913814683942023 0.0026826208343716947 0.0026208514212026682 0.00017000931362279182 0.00016609169307471515 4.3240077718538456e-6 4.222767384398053e-6 5.227856969943328e-7 5.096445984555224e-7 7.937515336637463e-8 7.755910217928933e-8 1.36197039541732e-8 1.326803319889317e-8 3.3933729749046223e-9 
1.7  0.5036219151119488 0.4907794578057716 0.002672290557469538 0.002604273707820378 0.00015854941386894887 0.0001545177028429518 4.036453881870179e-6 3.934244546896709e-6 4.2841919238878267e-7 4.179051136248094e-7 7.801810327857685e-8 7.607245256876909e-8 1.245489398789284e-8 1.213209307744073e-8 
1.8  0.5025840759242312 0.49186147577037764 0.0026545453377397367 0.0025979128612314004 0.00014839989446212688 0.0001452339209080364 3.7718179317383366e-6 3.691371904566562e-6 3.63282915655383e-7 3.5553494216444154e-7 7.664609372077897e-8 7.501321961958432e-8 1.1433962292692612e-8 1.1190080877525053e-8 
1.9  0.5024429126241254 0.4920416216028326 0.002642697996022081 0.0025879970098937164 0.0001399312537228254 0.00013703521500652957 3.542911383271736e-6 3.4696430321686633e-6 3.139927349928916e-7 3.0751313165739117e-7 7.550873262911835e-8 7.395365619005566e-8 1.0498301295344418e-8 1.0277426165095385e-8 
2.0  0.5027205615129453 0.4917987222392704 0.002634066997070091 0.0025768404196705435 0.00013268437436905623 0.00012980171125170957 3.3417789508721047e-6 3.2691630152134406e-6 2.756059496883861e-7 2.696168851366343e-7 7.458063861771226e-8 7.295790955023402e-8 9.644933020739203e-9 9.397143747499582e-9 
2.1  0.5026638248112322 0.4918866740067552 0.002624551546799857 0.002568280881867241 0.00012623832938278847 0.00012353168574403514 3.1595999121480824e-6 3.091845104770154e-6 2.446260693197051e-7 2.3937840380276726e-7 7.367414923656873e-8 7.209192357139624e-8 8.862304844272387e-9 8.660353543386103e-9 
2.2  0.5023391535850527 0.4922395806456973 0.0026144043253967715 0.002561836522207082 0.00012046214743827303 0.00011803991507407466 2.9942836168249704e-6 2.9340548226243148e-6 2.1934633755589747e-7 2.1493274203529142e-7 7.282888347837175e-8 7.13600164280072e-8 8.120525316606471e-9 7.932190865233307e-9 
2.3  0.5023117953450211 0.4922926273329664 0.0026064723517308153 0.0025544781464448114 0.00011537046795385212 0.00011306897814969493 2.8468847164103433e-6 2.7900683000498428e-6 1.984061289550682e-7 1.944437074241778e-7 7.209059288184293e-8 7.065054298200734e-8 7.497072170297606e-9 7.336672866315507e-9 
2.4  0.5019685530164439 0.4926593671821895 0.002597488929823639 0.0025493133814247647 0.0001107225907473856 0.00010866893669147498 2.711728142219816e-6 2.6614104699814514e-6 1.8055549904966085e-7 1.7720203317133374e-7 7.135379115580977e-8 7.002487154070583e-8 6.901155244989215e-9 6.786717376482149e-9 
2.5  0.50167350581016 0.4929760978699673 0.0025892503978787854 0.0025443663203994936 0.00010652125255855316 0.00010467194697874473 2.5841584553612205e-6 2.531532185755657e-6 1.6474617668707555e-7 1.601966626675589e-7 7.065451293530365e-8 6.941792662980598e-8 5.696139707805484e-9 
2.6  0.5016163496157702 0.49305316337234606 0.0025827543224359044 0.0025386401183586857 0.00010275706374509371 0.00010099360337275775 2.4763229265130558e-6 2.421484403430731e-6 1.5217609960712763e-7 1.4735666290478313e-7 7.010239357336461e-8 6.882646480895647e-8 5.635023401533015e-9 
2.7  0.5015127641850563 0.4931751814162598 0.002576403056600879 0.0025335775527316846 9.930255012972264e-5 9.765141672266697e-5 2.3712776632657642e-6 2.328128586857093e-6 1.4048414580454728e-7 1.370833468505263e-7 6.952827752470493e-8 6.837598221555409e-8 4.944498706882555e-9 
2.8  0.5015833491228452 0.4931217535801921 0.0025713142005113843 0.0025279503609660077 9.616933375679094e-5 9.454720688929981e-5 2.279070829114271e-6 2.2374202140572067e-6 1.307204183588218e-7 1.2743790583826788e-7 6.904344580984263e-8 6.789584532456746e-8 4.606182678974152e-9 
2.9  0.5013818274754236 0.49333925740341894 0.0025651777457828735 0.0025240356231799026 9.323324859598987e-5 9.173903779368643e-5 2.1929227012456055e-6 2.155138886259502e-6 1.2202802797078547e-7 1.1907774146202834e-7 6.855066050584618e-8 6.747348603717043e-8 4.274303099947651e-9 
3.0  0.5013857215039192 0.4933502976103162 0.0025603963532024013 0.00251936402132129 9.055677080639806e-5 8.910626294970339e-5 2.1118939432651245e-6 2.0805354659894387e-6 1.1345217843065311e-7 1.1246576858401395e-7 6.813679984782279e-8 6.703556828054843e-8 3.957761802055818e-9 
3.1  0.5013978615529271 0.493352164280383 0.002555927844347525 0.002514908337664994 8.807668587483821e-5 8.666274789836271e-5 2.0392995278837393e-6 2.0088486608038475e-6 1.0663484564082988e-7 1.0569062887322641e-7 6.773344584123878e-8 6.664049480241801e-8 3.703302763075828e-9 
3.2  0.5014072969325641 0.49335591026982667 0.0025516588633905184 0.0025107345814238003 8.576666540698025e-5 8.439215588525052e-5 1.9684096098676507e-6 1.939698886255279e-6 9.995222339649939e-8 9.872278054770339e-8 6.741211711492523e-8 6.633588605365753e-8 
3.3  0.50141203717151 0.4933636026140137 0.00254763282156932 0.0025067376474036452 8.361587156814448e-5 8.227035239414052e-5 1.9086106175621767e-6 1.8743766876747234e-6 9.480348829081798e-8 9.279551578867871e-8 6.700955835823673e-8 6.592567287652983e-8 
3.4  0.5014060445177746 0.49338128334189585 0.0025437592316431596 0.002503053257878181 8.15966728758345e-5 8.029095587130886e-5 1.8461292215033824e-6 1.8165961025894877e-6 8.925839741240504e-8 8.785199083935826e-8 6.662765469230895e-8 6.555869322252577e-8 
3.5  0.5014102766356188 0.49338811361823476 0.002540122188785051 0.002499487099517514 7.971082503173883e-5 7.843568425200337e-5 1.7914682993551097e-6 1.762818125946027e-6 8.472205964850878e-8 8.338376006807534e-8 6.63099486465501e-8 6.524636591275316e-8 
3.6  0.5014044031332311 0.4934044685844623 0.002536609586577379 0.002496142401005284 7.793805100568718e-5 7.669471101919786e-5 1.7402142102404832e-6 1.7124620283589688e-6 8.058476828974907e-8 7.931196356413661e-8 6.600778788599064e-8 6.49519406430182e-8 
3.7  0.5013999985477858 0.4934188217659652 0.002533266985260985 0.0024929470438186524 7.626977281577815e-5 7.505586356619268e-5 1.692091216632489e-6 1.665166000688216e-6 7.67787407306446e-8 7.558754707166702e-8 6.57230303059857e-8 6.467425219424168e-8 
3.8  0.501398297007141 0.49342992617223375 0.002530116406737763 0.002489907341169006 7.469863542218206e-5 7.351156833444038e-5 1.6468603684596844e-6 1.6207025809064072e-6 7.330926648415711e-8 7.215778753224099e-8 6.543961464702545e-8 6.439934427155705e-8 
3.9  0.5014032360019831 0.49343400029636364 0.002527106671785082 0.0024869409155372306 7.321409892871793e-5 7.20504250536847e-5 1.604303759937996e-6 1.5788097503866358e-6 7.011494693791304e-8 6.90121404742046e-8 6.519305553919455e-8 6.415669341710677e-8 
4.0  0.5014024702051928 0.49344335619181867 0.0025242003639837684 0.002484131568471212 7.180820839541326e-5 7.066830490245041e-5 1.5639484228460807e-6 1.539125227074267e-6 6.713884088256032e-8 6.608548144748054e-8 6.494519907905399e-8 6.391406378653209e-8 
4.1  0.5014054513985056 0.4934485753914359 0.0025214345930474114 0.002481421059916699 7.047625251202943e-5 6.935779770631972e-5 1.5257879685300654e-6 1.501575837993701e-6 6.470905133443256e-8 6.437942395416681e-8 6.36819400026439e-8 6.337265388917925e-8 
4.2  0.5014038134528697 0.49345805210077004 0.0025187590451662806 0.0024788436616610334 6.921122733603393e-5 6.811437871644866e-5 1.489574201755897e-6 1.4659703153561935e-6 6.447812974645212e-8 6.345613810313353e-8 6.181135924801456e-8 6.08433378884261e-8 
4.3  0.5014082032925323 0.4934611680453163 0.0025162185426294593 0.002476336385773554 6.800945661294311e-5 6.693141045541221e-5 1.455254136502046e-6 1.4321864381656912e-6 6.426827535978793e-8 6.324150426156938e-8 5.942330769820186e-8 5.8493021780991347e-8 
4.4  0.5014004525643182 0.49347610778607287 0.002513716972181653 0.0024739883904556755 6.686389106099089e-5 6.58071057313401e-5 1.4225972884768284e-6 1.4001161439801346e-6 6.405454938826388e-8 6.30343429640631e-8 5.7192032344653654e-8 5.6295824197024476e-8 
4.5  0.501403559813896 0.49347990539605435 0.002511354307560002 0.0024716752707793655 6.577350992387618e-5 6.473424546698624e-5 1.3916737362242649e-6 1.369691700129438e-6 6.386510792062694e-8 6.284472673633707e-8 5.5119623202563604e-8 5.426142582835158e-8 
4.6  0.5014061138674576 0.4934839736106207 0.002509085312586864 0.002469449545357762 6.473286091523071e-5 6.371024735200425e-5 1.3621205992348548e-6 1.3406114288614624e-6 6.366859043329067e-8 6.265174610442418e-8 5.316465261313973e-8 5.233869567542713e-8 
4.7  0.5014104273032761 0.4934860247304166 0.0025069082994278354 0.0024672946285109157 6.373885377610458e-5 6.273162419737843e-5 1.3339150217197298e-6 1.312843092002957e-6 6.34780605268483e-8 6.246398040743188e-8 5.133345140037166e-8 5.0526787421852585e-8 
4.8  0.5014092549894019 0.49349332061743545 0.0025047803870167523 0.0024652430460952966 6.278735096537019e-5 6.179625406182571e-5 1.3069843302711755e-6 1.2863591112888138e-6 6.329294460357448e-8 6.228227154702415e-8 4.960764905936211e-8 4.882871982076191e-8 
4.9  0.5014122857380043 0.4934961869650882 0.002502746097883299 0.0024632410730035656 6.187703461593256e-5 6.090022517697183e-5 1.281326082452586e-6 1.2610914356910178e-6 6.31112445225304e-8 6.211017808396859e-8 4.799052944853069e-8 4.7236758758761053e-8 
5.0  0.5014169989835966 0.4934971572524423 0.002500791364597204 0.002461295025657682 6.100497798813447e-5 6.004138498223666e-5 1.256862100226671e-6 1.237003508636398e-6 6.29636112073862e-8 6.195807476780805e-8 4.647423911790226e-8 4.5749204160923317e-8 
