#mmax= 10
#m-states: all states (FBR)
#Nr. of sites: 30

0.0  -0.0  0.0
0.1  -20.789660496385014  0.9999991315523412
0.2  -47.93239574487007  0.5540504589226225
0.3  -122.80780955594163  0.9821766921887766
0.4  -168.78965962802383  1.0000000000000004
0.41  -226.78965962802383  1.0000000000000007
0.42  -168.79213531316154  0.9975301940623575
0.43  -168.78999503439672  0.9996646725798845
0.44  -218.78965962802383  1.0000000000000002
0.45  -226.81024076697113  0.9797944755143561
0.46  -280.7896596280238  1.0000000000000007
0.47  -220.78965962802383  1.0
0.48  -222.93259125652372  0.8748460892726183
0.49  -226.91721847629813  0.8882543522345475
0.5  -280.7896596280238  1.0000000000000004
0.51  -290.7896596280238  0.9999999999999997
0.52  -290.7896596280238  0.9999999999999997
0.53  -291.4829745258324  0.7069528394690733
0.54  -288.79213531316157  0.9975301940623585
0.55  -364.8078095559416  Inf
0.56  -292.92123894913453  0.884695155250424
0.57  -356.7896596280238  Inf
0.58  -284.9212388353145  0.8846952559592886
0.59  -364.7896596280238  Inf
0.6  -359.48280680858375  Inf
0.7  -362.7900482223387  Inf
0.8  -522.7896596280239  Inf
0.9  -434.8082280639957  Inf
1.0  -606.7896596280239  Inf
1.1  -Inf  NaN
1.2  -Inf  NaN
1.3  -622.7896596280617  Inf
1.4  -Inf  NaN
1.5  -Inf  NaN
1.6  -618.789705042469  Inf
1.7  -Inf  NaN
1.8  -Inf  NaN
1.9  -Inf  NaN
2.0  -Inf  NaN
2.1  -Inf  NaN
2.2  -Inf  NaN
2.3  -Inf  NaN
2.4  -Inf  NaN
2.5  -Inf  NaN
2.6  -Inf  NaN
2.7  -Inf  NaN
2.8  -Inf  NaN
2.9  -Inf  NaN
3.0  -Inf  NaN
3.1  -Inf  NaN
3.2  -Inf  NaN
3.3  -Inf  NaN
3.4  -Inf  NaN
3.5  -Inf  NaN
3.6  -Inf  NaN
3.7  -Inf  NaN
3.8  -Inf  NaN
3.9  -Inf  NaN
4.0  -Inf  NaN
4.1  -Inf  NaN
4.2  -Inf  NaN
4.3  -Inf  NaN
4.4  -Inf  NaN
4.5  -Inf  NaN
4.6  -Inf  NaN
4.7  -Inf  NaN
4.8  -Inf  NaN
4.9  -Inf  NaN
5.0  -Inf  NaN
