#mmax= 10
#m-states: all states (FBR)
#Nr. of sites: 30
 
0.0  1.0 
0.1  0.9968287821773352 0.0025556360479970846 0.0006153252591963345 1.5693710667872029e-7 9.957836541933958e-8 
0.2  0.9866743710225279 0.010980011858956217 0.0023398302526955544 2.7761831277968324e-6 1.7039915590908274e-6 1.3066911341912793e-6 
0.3  0.9667266330789513 0.028454605654529036 0.004766758620843322 2.3708623645627694e-5 1.755603616769779e-5 1.0198534822992325e-5 2.3329485876322466e-7 1.851140879157058e-7 1.1029706589743115e-7 1.0745027523950452e-8 
0.4  0.9254413189350797 0.0670543144553379 0.007011242157695598 0.0003310083052613916 9.88218872289641e-5 5.337154777576591e-5 5.085869835138078e-6 3.084891752180179e-6 1.1704366364157436e-6 4.525323528126879e-7 6.316487033023065e-8 4.155519608869516e-8 2.426097873689213e-8 
0.41  0.9185344281335124 0.07365636541107956 0.007160347386662377 0.00044680306828778863 0.00012247263522067203 6.523811851179352e-5 7.179359718554069e-6 4.018538103552346e-6 2.3681244853619817e-6 5.079975592226429e-7 9.842176516342983e-8 6.794751574059292e-8 5.5665302325972364e-8 3.37899341449426e-8 1.5402343835009825e-8 
0.42  0.9106254168826814 0.0812335846319705 0.007282751412708556 0.000603260560789584 0.0001543644112780092 8.090796501517063e-5 9.819195740143348e-6 5.165670649180628e-6 3.7473493155514917e-6 5.718513901463567e-7 1.460592891093447e-7 1.1506579882105429e-7 7.455097855837737e-8 4.8557435433687254e-8 2.0515399547266135e-8 5.319562125176153e-9 
0.43  0.9013673436118788 0.09010546888944508 0.0073720458782779285 0.0008259111389381211 0.00019960662299774588 0.00010235071112408505 1.3437516840525495e-5 6.597272313457329e-6 5.953883342083146e-6 6.52880336544949e-7 2.1581528435244517e-7 1.9744823939731552e-7 1.0044252258060949e-7 7.441359243440488e-8 2.4761840150234398e-8 1.1615693545808997e-8 7.097330925950529e-9 
0.44  0.8903533066500023 0.10065195531898065 0.0074209219265382684 0.0011388190693511638 0.00026540551855346495 0.00013239316490566697 1.8161616134965992e-5 9.01667532748251e-6 8.347813900748586e-6 7.451916913626599e-7 3.179470083157004e-7 3.116350322440117e-7 1.3864717372500936e-7 1.1306392823635367e-7 2.873283498486972e-8 9.554735746503037e-9 7.473901824307822e-9 
0.45  0.8768852241366798 0.11351223279563452 0.007418365297372224 0.0015900357338708552 0.00036645834497049776 0.00017600283446395594 2.457831589776748e-5 1.4241290179646526e-5 1.0442992033839566e-5 8.917961789763185e-7 5.597683346797421e-7 4.918558761753128e-7 1.8311499831328557e-7 1.778323182690524e-7 3.670189855421809e-8 3.2692500669555484e-8 2.211203291650547e-8 1.162877801356361e-8 1.0755982444201951e-8 
0.46  0.8601479608283962 0.12946322045167694 0.007352006847440529 0.002204915258428164 0.0005214470637597415 0.00024016339993357372 3.2336830808844874e-5 2.1631115959104542e-5 1.2783633754508925e-5 1.1107062530565629e-6 9.56581461985834e-7 7.784106479555276e-7 2.671728123300965e-7 2.3121697385062207e-7 6.927545335589265e-8 5.167394491431069e-8 3.6393805486801715e-8 1.7254594593035594e-8 1.588389773104669e-8 
0.47  0.8390265012473992 0.1495924308565458 0.00720624965694987 0.0029913989899790078 0.0007576912351761356 0.0003353169242859705 4.0824609712154355e-5 2.9404948065807157e-5 1.5187441398738085e-5 1.4706405862887288e-6 1.4169006614350979e-6 1.183787171146385e-6 3.628815038281638e-7 2.7500353739020117e-7 1.2235443527215407e-7 7.73237616860399e-8 3.976335873685712e-8 2.418853362469842e-8 2.1246937839918325e-8 
0.48  0.8123524604631287 0.17509469649041667 0.0069660064666099576 0.0038968657103170814 0.00110400921445133 0.00047460951585170843 4.943709123396042e-5 3.7484602882577576e-5 1.7376748835954085e-5 2.0511294836654376e-6 2.033138414087019e-6 1.7720890013448137e-6 4.563507750906314e-7 3.0512024539559235e-7 2.0210583033021404e-7 1.1225308737500301e-7 4.563295776363576e-8 4.329390876283921e-8 2.5415959671939777e-8 7.1666104263985185e-9 
0.49  0.7794755929427953 0.20676562427911574 0.006624099334326741 0.004766228526687608 0.0015683351154705425 0.0006698920834554014 5.694797584129034e-5 4.4612298930038396e-5 1.8973688330132035e-5 2.9109682438026703e-6 2.744599022350169e-6 2.5700398976939056e-6 5.263536058854608e-7 3.155822344542298e-7 2.977779772131434e-7 1.5461391412003213e-7 7.013474948030581e-8 4.7120602174432414e-8 3.9601263640305914e-8 9.376969613559822e-9 7.586569823443024e-9 
0.5  0.7412788708211627 0.2439812311857966 0.0061942124821069275 0.005374657313378919 0.002104816707783676 0.0009226093800234824 6.206403806080605e-5 4.9221759193450465e-5 1.968605490623868e-5 4.0560803866951835e-6 3.4556103798932166e-6 3.4451322485217583e-6 5.498921633115242e-7 3.713763139810195e-7 3.0972478025195463e-7 2.0058992731528324e-7 1.0015790915308652e-7 5.3654058146467565e-8 4.835890689489162e-8 1.1334072590241637e-8 9.61502944131318e-9 9.483131965892291e-9 9.248279793099705e-9 
0.51  0.7000726590198003 0.28463520406490617 0.005708784491518723 0.005589994225838567 0.0026226112242603112 0.0012207189720909355 6.420728649432795e-5 5.106976987982091e-5 1.946709327136588e-5 5.388703303389642e-6 4.229881044378435e-6 3.9507290810854005e-6 5.26181072552601e-7 4.0285899529092384e-7 2.8769929505207527e-7 2.295650059916562e-7 1.2934626118234123e-7 5.896373016281592e-8 4.9938967445529345e-8 1.2072912860226495e-8 1.0425752201929585e-8 7.486518170427853e-9 
0.52  0.6597741464799624 0.3249012525539468 0.005413448592475135 0.005220506683537044 0.0030070440728631595 0.0015343088935476257 6.324001851502386e-5 5.0242282146066084e-5 1.8575363693367497e-5 6.735874000706028e-6 4.6515176432459165e-6 4.182533301027359e-6 4.664912859754305e-7 3.8451081939285584e-7 2.638501719652569e-7 2.4417937998913414e-7 1.4929365060379477e-7 7.088002563918208e-8 4.498092983351406e-8 1.2644199150031723e-8 9.971081820358917e-9 9.731368377400416e-9 8.601454070178444e-9 
0.53  0.6237873934898688 0.3612834281060018 0.00498203822719449 0.00477511350442002 0.0031981369217528996 0.001830911585699329 5.9787957298089746e-5 4.769699207334918e-5 1.73340741300674e-5 7.901070773506804e-6 4.654628143268542e-6 4.083510765590225e-6 3.9210683112690933e-7 3.3869138699640956e-7 2.437255435565188e-7 2.3644227477289724e-7 1.52087459077157e-7 7.942070569519846e-8 3.7296421694368835e-8 1.2502509412423439e-8 9.313942709326357e-9 9.200271380681374e-9 9.144533504071491e-9 
0.54  0.5935049099211136 0.39221125770466986 0.004451715824723964 0.0043925288065967275 0.003213500084869308 0.0020926804997700617 5.48188820433824e-5 4.435157607825709e-5 1.6045001067164684e-5 8.81460362586033e-6 4.32461817940608e-6 3.715058751961536e-6 3.201756339017439e-7 2.8255406757091824e-7 2.291740383170298e-7 2.114908179425464e-7 1.3937099763203857e-7 8.561322099084517e-8 2.9593058618487935e-8 1.2107436871121374e-8 9.441659762204017e-9 9.24189168005531e-9 8.655689172992684e-9 
0.55  0.5696855310824781 0.4167795417796145 0.00408501602304239 0.00392341072715742 0.0030980198576648016 0.0023057079269205153 4.946555906000983e-5 4.072617797790244e-5 1.4880646719368989e-5 9.450824943862852e-6 3.7787672566241586e-6 3.311825939012971e-6 2.593043089409032e-7 2.2643268708236565e-7 2.170224394949705e-7 1.8560883069001278e-7 1.2211306269407427e-7 8.828960840328966e-8 2.164645629067485e-8 1.1730938859934193e-8 9.792498511614786e-9 9.775144787421344e-9 7.085250820659829e-9 
0.56  0.5511504381694446 0.4360602611319196 0.003839545152098427 0.0034483817159021404 0.0029132551905891725 0.002476061494024105 4.413417277369068e-5 3.7220054936754906e-5 1.3887415726516232e-5 9.869178810831137e-6 3.1585613182698484e-6 2.8065216723092305e-6 2.1414977697735725e-7 2.0441215420314007e-7 1.7630596934445424e-7 1.54347780993706e-7 1.0285799241645308e-7 8.658427646982477e-8 1.2922344533086912e-8 1.0960897470264978e-8 9.841924034267942e-9 8.857669684299038e-9 
0.57  0.5372677392017292 0.45063512449469767 0.0036499866516739622 0.0030407596918380305 0.0026984112159380113 0.0026054478558289094 3.938693161409641e-5 3.408698329403532e-5 1.3077931255280996e-5 1.0112668365989136e-5 2.6340783049318912e-6 2.3738993756519475e-6 1.927202594035186e-7 1.8483150726505255e-7 1.4277705614608645e-7 1.293393787042302e-7 8.641578451825272e-8 8.09560889073751e-8 1.1737862056923418e-8 1.0905016687144744e-8 9.858662538234393e-9 8.854469828779214e-9 
0.58  0.5268539146524419 0.4616683155579414 0.003502587228611574 0.0027030274715659068 0.002697554714809284 0.0024806935833215134 3.519905414630354e-5 3.1212902798746885e-5 1.2421378781057604e-5 1.0231555269114647e-5 2.137954370251484e-6 1.9640961725307683e-6 1.818627059783202e-7 1.666179264276223e-7 1.091462533771743e-7 1.0752288559416945e-7 7.207891043558341e-8 7.196098111439702e-8 1.0474743369648009e-8 1.0462898352196575e-8 9.722468116408414e-9 
0.59  0.5190140421503058 0.47005297582730504 0.0033870228117938665 0.002776299036955237 0.0024096243523682244 0.0022735432334056536 3.159895502298862e-5 2.8664687617995484e-5 1.188767986836594e-5 1.028000459302516e-5 1.7568166858232787e-6 1.6297166396261934e-6 1.7289501985478531e-7 1.5625714678876486e-7 9.547184364045802e-8 9.010951868460005e-8 6.199541400405718e-8 6.035710599229873e-8 1.0032034813176823e-8 9.769740186428913e-9 9.487843121612198e-9 8.351771001181984e-9 
0.6  0.5132372084225907 0.4763050338711188 0.003297387320820333 0.002829074595263485 0.0021681469792807656 0.002083232372104559 2.8522164147458147e-5 2.6369124509189106e-5 1.1454035671461062e-5 1.0262609050960997e-5 1.3933126009088789e-6 1.3223647281064506e-6 1.645213331930895e-7 1.4952036636713024e-7 7.597175514568933e-8 7.193675765772246e-8 5.2675521614732855e-8 5.0787514457304454e-8 9.521976886668572e-9 9.131639746459151e-9 8.761248726756837e-9 
0.7  0.4973854039052931 0.49466882796439665 0.002964449408376551 0.002926139882947529 0.001005338269902811 0.0010035177566726792 1.3444136440056856e-5 1.3348821845337596e-5 9.424217773979319e-6 9.354612463695893e-6 2.0941605453464202e-7 1.99959216812326e-7 1.2656319156896132e-7 1.2420164437138622e-7 2.652765699062411e-8 2.3304520579702598e-8 2.0554302174627827e-8 2.0497301705240682e-8 
0.8  0.49788690404147823 0.4950881958343009 0.0028831904115141417 0.002866592000794624 0.0006228763791644972 0.0006193620875799045 8.491324300729265e-6 8.443470028827263e-6 7.794750685593592e-6 7.748448972185577e-6 1.1256215880594739e-7 1.1193754715677604e-7 5.279340379466779e-8 5.215609462586606e-8 1.932498733452111e-8 1.9154324808076034e-8 1.6696783386667994e-8 1.6625882508261053e-8 
0.9  0.5016637086590089 0.4917714669114974 0.002852370555290413 0.0027961224811475175 0.0004499403292582437 0.00044104928937288015 7.776575336578251e-6 7.622889004554964e-6 4.858344630715232e-6 4.759793026820044e-6 1.052314552351498e-7 1.0311825668251751e-7 2.627587579815436e-8 2.559706117242342e-8 1.9309439648871133e-8 1.8917283566091373e-8 1.2990147808017415e-8 1.2732905443272869e-8 
1.0  0.5021536075524631 0.4915579070089684 0.0028144869019902734 0.002754996466717248 0.00035299449668098386 0.00034550649230170736 7.0892011489106385e-6 6.937177239397064e-6 3.141114109256692e-6 3.0724458678411046e-6 9.531973128066164e-8 9.2986410803185e-8 1.8963761405838162e-8 1.8603003816756968e-8 1.78512487296268e-8 1.7418357955754955e-8 
1.1  0.49882598806317985 0.4950714156730555 0.0027632020027376714 0.002742437508060798 0.00029094375329508673 0.0002887612019456304 6.43041112787224e-6 6.38232056618785e-6 2.1046931672851242e-6 2.089507342429435e-6 9.03103912755896e-8 8.967239469490425e-8 1.841061133824404e-8 1.8279069665034263e-8 1.4137695345874346e-8 1.4055360825547915e-8 
1.2  0.4992701254858867 0.49476302942688166 0.002738545685721506 0.0027138198276090843 0.0002509145948413905 0.0002486485806144849 5.893633162631516e-6 5.840472616978979e-6 1.4824411714774207e-6 1.4689966037177657e-6 8.715411732067118e-8 8.637270022309654e-8 1.75692808414825e-8 1.7362029996097497e-8 1.1323294309120377e-8 1.107346714547149e-8 
1.3  0.49769136780898027 0.496446549677753 0.0027069128782980026 0.0027001446441944793 0.0002212081145987489 0.0002206547573781882 5.3969060913002055e-6 5.383571067999541e-6 1.0825158160975037e-6 1.0798698461385523e-6 8.423375044557237e-8 8.403528810954108e-8 1.66510222758029e-8 1.6273193042751194e-8 9.04430710129761e-9 9.018415181025048e-9 
1.4  0.49723731682890354 0.4969847750167553 0.0026846400065562116 0.0026832779873920028 0.00019914781744135204 0.00019905053993422798 4.971159377068675e-6 4.968761502018892e-6 8.213729565052105e-7 8.211645122472827e-7 8.199205100163445e-8 8.195065219791831e-8 1.564672649496276e-8 1.5544766309768776e-8 7.122278393351975e-9 7.0881967712935615e-9 
1.5  0.4976852437868495 0.4966065707542618 0.002669730958582644 0.0026639300434672143 0.00018213998995141636 0.000181720283609621 4.604530015950358e-6 4.5925360738424915e-6 6.442751950367013e-7 6.290021234026601e-7 8.016315652195721e-8 7.996052901753048e-8 1.4556828946068528e-8 1.4337210966133837e-8 4.822145819521954e-9 
1.6  0.49798071169704217 0.49636993281699776 0.0026560339360335943 0.0026474544038195083 0.00016832137367531007 0.00016777940684626786 4.279201820751559e-6 4.267558318992398e-6 5.180069249311862e-7 5.144656437556384e-7 7.860312177726624e-8 7.83565939660072e-8 1.3445854868547829e-8 1.3369444514306772e-8 3.3578639143655558e-9 
1.7  0.49777633019983236 0.4966250334507316 0.0026413453113306065 0.0026352301740519067 0.0001567139719613444 0.00015635094359284463 3.989896580609825e-6 3.980647897444551e-6 4.2384319510810566e-7 4.228386190856496e-7 7.716255047441978e-8 7.698955111343551e-8 1.2302333796731492e-8 1.2267772974626776e-8 
1.8  0.4976146404041655 0.4968308529674339 0.0026283211883183187 0.00262419120511435 0.00014693392193743858 0.000146703619049892 3.734610801239436e-6 3.7288102056747556e-6 3.597609790297402e-7 3.5923752305685983e-7 7.589366241452454e-8 7.578860442815488e-8 1.130209452149721e-8 1.1290112533694706e-8 
1.9  0.4974703336270841 0.4970142318908386 0.0026165312951222635 0.002614133593661372 0.00013854611211935094 0.00013841917868122265 3.507861683040923e-6 3.5046709906729966e-6 3.1090075094384916e-7 3.1061952090916103e-7 7.477245723135745e-8 7.470576754204207e-8 1.0389621777133235e-8 1.0381702883164854e-8 
2.0  0.49747298896948533 0.4970462868594347 0.002606575567845765 0.002604339126716792 0.00013129957735399562 0.00013118689210005256 3.3068597924792456e-6 3.3040268441477416e-6 2.7286561117097423e-7 2.726307669646803e-7 7.381119469413948e-8 7.374606776263389e-8 9.547107938049884e-9 9.519680489405697e-9 
2.1  0.497484280488954 0.49706626290725486 0.0025974860012199135 0.002595304084030633 0.00012493640008473024 0.00012483146559236972 3.1269473825643397e-6 3.1243359387035494e-6 2.4215166959649394e-7 2.419501104362995e-7 7.291475495319948e-8 7.285402134690533e-8 8.767349249717374e-9 8.731638967890894e-9 
2.2  0.4975300940944686 0.49704864554252004 0.0025893704637522615 0.002586865267565817 0.00011930866541155392 0.00011919318658488431 2.9656369959957263e-6 2.962766631688247e-6 2.171518728902755e-7 2.1694081823199866e-7 7.21199411781683e-8 7.204863297135097e-8 8.059328373806939e-9 8.055478115787038e-9 
2.3  0.4975360442345219 0.4970683828318614 0.002581688404712177 0.002579258116428335 0.00011427346607279216 0.00011416575980629853 2.8198321827493096e-6 2.8171559370470315e-6 1.9643982644840305e-7 1.9625035824128877e-7 7.140034573554325e-8 7.132648357336164e-8 7.425798195452416e-9 7.3556664080347165e-9 
2.4  0.4977661717894628 0.4968617537981975 0.0025757413573132934 0.00257105525000077 0.00010979595612731473 0.0001095958250454551 2.6890774093980397e-6 2.684118172570887e-6 1.7904591920760764e-7 1.7870632840535327e-7 7.076427147834371e-8 7.062745529976762e-8 6.845753913455788e-9 6.83854292138474e-9 
2.5  0.4977259075539882 0.4969236682580017 0.0025688960292379074 0.00256474506413057 0.00010568386737455595 0.0001055118499261334 2.5624892942645343e-6 2.553896971707708e-6 1.6336872791960152e-7 1.6184976348792806e-7 7.01263265736213e-8 6.997807988001829e-8 5.668176594741793e-9 
2.6  0.497742317279294 0.4969271843765915 0.002562800811462385 0.0025586028527006324 0.00010195980180899378 0.0001017924810439141 2.4527676836929977e-6 2.445780840668147e-6 1.5051650713656112e-7 1.4913290973864135e-7 6.952396824030733e-8 6.943299256179665e-8 5.242197682513851e-9 
2.7  0.4976804672767784 0.49700749309786685 0.0025567165304994336 0.002553250144328544 9.854344150626195e-5 9.841001461242614e-5 2.3522905932494728e-6 2.3469333001797743e-6 1.3923360612744337e-7 1.3826437200460794e-7 6.900966845111974e-8 6.889240634199091e-8 4.870460351385392e-9 
2.8  0.49760965500015775 0.4970954463178935 0.002550949986911387 0.00254831580265406 9.540773427652888e-5 9.530908149092426e-5 2.2599078349770927e-6 2.25654549266959e-6 1.2955780272898006e-7 1.2859394311743783e-7 6.85124994048564e-8 6.842520377632932e-8 4.533841895397041e-9 
2.9  0.497600519023796 0.4971205583194323 0.0025458364695444416 0.0025433843530362626 9.253068131037514e-5 9.244189403278908e-5 2.17485632583594e-6 2.1730985155669863e-6 1.2100529763699282e-7 1.2004240737286425e-7 6.805312467090409e-8 6.797316800556034e-8 4.2300095481030526e-9 
3.0  0.4976053052227023 0.49713071290661087 0.0025410920347653937 0.002538669256382848 8.987453604273639e-5 8.978858543226544e-5 2.0997306778737537e-6 2.0926920036235384e-6 1.1351429550350875e-7 1.123662229651289e-7 6.761170652975186e-8 6.755397387712277e-8 3.989184871124079e-9 
3.1  0.49762922337833376 0.4971207987967818 0.0025367134844998334 0.0025341258562913125 8.741408900255038e-5 8.732564844213862e-5 2.026599354492947e-6 2.0216929054259284e-6 1.0666816359973995e-7 1.0565801910536858e-7 6.723228747130598e-8 6.715207128533295e-8 3.743848920020294e-9 
3.2  0.49762865465369543 0.49713457297738506 0.002532443152355984 0.0025299183450582705 8.512202620513657e-5 8.503726399388417e-5 1.9603145001577364e-6 1.9538857600367194e-6 1.0054090208762319e-7 9.958298078775168e-8 6.693480269789273e-8 6.678351707668489e-8 3.538842147836063e-9 
3.3  0.49765004458253326 0.4971255291988194 0.00252854707183363 0.0025258952330160034 8.298510394501196e-5 8.289904650390468e-5 1.8906858984947082e-6 1.8889445322090653e-6 9.361252786835707e-8 9.354110329012364e-8 6.65139928662388e-8 6.646529570892623e-8 
3.4  0.4976484065597685 0.49713891796424714 0.0025246988660710713 0.0025221163122916457 8.098548268583236e-5 8.090267011892744e-5 1.8323488528188102e-6 1.8304784337888578e-6 8.85910405880687e-8 8.852321810588362e-8 6.613873331924273e-8 6.606453821856902e-8 
3.5  0.49766518143350263 0.4971332064020293 0.002521152270305466 0.0025184593775578385 7.911551303399107e-5 7.903103170273058e-5 1.7781012217142741e-6 1.7762045660709126e-6 8.408804669180431e-8 8.401871910896991e-8 6.581735235360651e-8 6.574196230361638e-8 
3.6  0.4976739529338161 0.4971349181314181 0.00251773740223727 0.002515014521034574 7.73584153165846e-5 7.727475837282732e-5 1.727396546237071e-6 1.725532730422874e-6 7.999734075168434e-8 7.993141384961503e-8 6.552657022447991e-8 6.545320138525651e-8 
3.7  0.49766236470157665 0.4971564531510932 0.002514385235223209 0.0025118309573197413 7.570135723167625e-5 7.562448209672436e-5 1.6795199498197801e-6 1.677817565733723e-6 7.620796259241949e-8 7.616271860589987e-8 6.524000568145714e-8 6.516725550701979e-8 
3.8  0.4976653129589169 0.49716296065034765 0.002511255600753014 0.002508720704833659 7.41410599723662e-5 7.40662423505904e-5 1.6345636043291533e-6 1.6329172125436334e-6 7.27360731481638e-8 7.270675438068536e-8 6.496234978341239e-8 6.489683088688079e-8 
3.9  0.4976692944310138 0.49716793504574214 0.0025082908227265516 0.002505763517618373 7.266887640725927e-5 7.259568611840415e-5 1.5923757054844254e-6 1.5907775602015047e-6 6.956909266327604e-8 6.954267120598518e-8 6.47101428877542e-8 6.464519927860442e-8 
4.0  0.4976729647461623 0.4971728873939521 0.0025053961283019936 0.0025029108760225914 7.127326365409277e-5 7.120251066551576e-5 1.5522607364072418e-6 1.5507433705978319e-6 6.661971572302163e-8 6.658336032609224e-8 6.447654858614508e-8 6.43975093780559e-8 
4.1  0.4976744335710059 0.49717958691665315 0.0025026757853467306 0.0025001873360034742 6.995144652972029e-5 6.98819321311119e-5 1.5142283072122511e-6 1.5127325032566222e-6 6.42100625084206e-8 6.414626353007907e-8 6.38745917943642e-8 6.382060198041236e-8 
4.2  0.4976805216744276 0.49718134291143945 0.0025000559231203217 0.0024975484885277036 6.869702373160983e-5 6.862814455357989e-5 1.4783875232730551e-6 1.476914247618153e-6 6.398939017671209e-8 6.392518651940327e-8 6.133621097046888e-8 6.128164096692399e-8 
4.3  0.4976825055020393 0.49718686737263135 0.0024975202419918827 0.0024950342593481906 6.750361621811541e-5 6.743647903385564e-5 1.4442810575847196e-6 1.4428509725234554e-6 6.382015655788791e-8 6.370670876101343e-8 5.896021691756969e-8 5.89096246514276e-8 
4.4  0.49768650483256127 0.4971900571390451 0.002495096252476581 0.002492608584209129 6.636813716161125e-5 6.630200722206494e-5 1.4119429187899427e-6 1.4105383761752435e-6 6.36113978451408e-8 6.349815212310928e-8 5.674944681164022e-8 5.670703381669564e-8 
4.5  0.4976875263197857 0.49719593213038693 0.0024927487712071766 0.002490288268511075 6.52859247802603e-5 6.522140324263844e-5 1.381261705745972e-6 1.3798909310719418e-6 6.337032831851582e-8 6.33091958839511e-8 5.469742219037869e-8 5.465250405733638e-8 
4.6  0.49769335807394494 0.49719672614050453 0.002490510475706931 0.002488027857003349 6.425354095500517e-5 6.418943933829211e-5 1.3519927844827135e-6 1.350645234025629e-6 6.32226993649292e-8 6.312337742602486e-8 5.276675926648005e-8 5.272169299890262e-8 
4.7  0.49769483213592103 0.497201617532882 0.0024883344670845508 0.002485871022515524 6.326648656368915e-5 6.320381763765185e-5 1.3240139600201757e-6 1.3227048608499174e-6 6.303174343596504e-8 6.293401854065576e-8 5.094848385225261e-8 5.090432738549038e-8 
4.8  0.4977005602815972 0.4972020123171986 0.0024862574788481586 0.0024837686157478914 6.232313511941492e-5 6.226072690928833e-5 1.2973480413190897e-6 1.2960506180218532e-6 6.285714346001675e-8 6.275454463033796e-8 4.923923057255514e-8 4.919500152213157e-8 
4.9  0.4977013684609071 0.49720709855884593 0.0024842282470727605 0.0024817635564474724 6.141941362571779e-5 6.135847914306957e-5 1.2719992049318802e-6 1.2707399170420948e-6 6.265915200371891e-8 6.259753351051297e-8 4.766671336635618e-8 4.7621437874402696e-8 
5.0  0.49770409259913306 0.4972100582099191 0.002482278361267788 0.002479813907855603 6.0553129334398e-5 6.049295622043692e-5 1.2474718380076098e-6 1.2462307759981684e-6 6.251944212331462e-8 6.241603037606112e-8 4.611865793300698e-8 4.6079524850688424e-8 
