#mmax= 10
#m-states: all states (FBR)
#Nr. of sites: 5

0.0  -0.0  0.0
0.1  -2.8568156453156277  0.9350429575828569
0.2  -4.089495196531539  0.47781807034823304
0.3  -16.80783679542206  0.9821499358070347
0.4  -19.614097283509807  0.625714695783105
0.41  -18.4136601593543  0.44071591661539666
0.42  -18.89038640588036  0.3463909144530033
0.43  -19.824446059249244  0.516023014106255
0.44  -19.22553245645411  0.6699334217397928
0.45  -19.9656359406928  0.4538832513453663
0.46  -38.78965963854299  0.9999999894797705
0.47  -20.617113731664638  0.3653712181238367
0.48  -40.789659629479374  0.9999999985443013
0.49  -21.073755495683148  0.29223864903779667
0.5  -21.011876765646036  0.29252065766387386
0.51  -20.963571890656784  0.3058405934767492
0.52  -20.98238283416789  0.30052861704843603
0.53  -21.343958245729112  0.2503538180726468
0.54  -21.381528490575093  0.25166103174453835
0.55  -38.78965965377964  0.9999999742416061
0.56  -40.789659630812466  0.9999999972110764
0.57  -21.381172319035507  0.2418510107818408
0.58  -34.78966141686662  0.9999982109799694
0.59  -40.91876854111341  0.8868809694408282
0.6  -40.916587643456104  0.8888148409201412
0.7  -41.98099237222616  0.529389666401947
0.8  -67.48280680858775  0.7070714214246727
0.9  -66.7896596280616  0.9999999999622212
1.0  -69.48280680858713  0.7070714214251204
1.1  -68.78965962803214  0.9999999999916752
1.2  -104.78965962802381  1.0
1.3  -70.24143192297353  0.4703665441262887
1.4  -102.78965962802383  0.9999999999999905
1.5  -69.9857923322063  0.5268823737014343
1.6  -98.78965962802403  0.9999999999997978
1.7  -102.78999503439672  0.9996646725798772
1.8  -104.78999503439671  0.999664672579883
1.9  -140.78965962802383  0.9999999999999993
2.0  -100.80780955594165  0.9821766921887601
2.1  -70.77930464900354  0.362633789560629
2.2  -103.04351566192526  0.789989027649949
2.3  -102.78999503439675  0.9996646725798416
2.4  -140.78965962802383  0.9999999999999988
2.5  -102.91935802468144  0.886358353234386
2.6  -103.54960075133064  0.6643998164041028
2.7  -104.79076235175604  0.998897944472267
2.8  -144.825635927772  0.9649831449354996
2.9  -106.2468652183389  0.46783683843862073
3.0  -144.78999503439672  0.9996646725798839
3.1  -142.807810372519  0.9821758900830522
3.2  -144.81024076697113  0.9797944755143561
3.3  -103.67741347358793  0.5899969962984234
3.4  -142.80780955594162  0.9821766921887763
3.5  -144.82802423439352  0.962683927514568
3.6  -174.9165876390668  0.8888148448219256
3.7  -144.80780955594162  0.9821766921887767
3.8  -140.78965962802383  0.9999999999999993
3.9  -136.78970513945316  0.9999544860853323
4.0  -144.9188084504529  0.8868455717106326
4.1  -176.78965962802383  1.0000000000000004
4.2  -192.78965962802383  1.0000000000000002
4.3  -144.7928043556132  0.9968630723382071
4.4  -142.7928043556132  0.9968630723382066
4.5  -145.8890978262605  0.576816378696087
4.6  -147.54864074253487  0.6650371035715008
4.7  -192.78966045959064  0.9999991683507107
4.8  -145.56902114957185  0.6517287897069681
4.9  -190.78999503439672  0.9996646725798833
5.0  -190.78965962802383  0.9999999999999992
