#mmax= 10
#m-states: all states (FBR)
#Nr. of sites: 5
 
0.0  1.0 
0.1  0.9968295798413902 0.0025547956793970537 0.0006153679521112876 1.5702915690890363e-7 9.949794490560172e-8 
0.2  0.986737134767041 0.010914220120406994 0.0023432589019314392 2.7458746271520706e-6 1.6917870892742063e-6 9.485489038621706e-7 
0.3  0.9677827335417014 0.02736706458052066 0.004814679594579862 1.608090379103185e-5 9.58304015387702e-6 9.579118794015285e-6 1.1217959764174143e-7 8.46496104789605e-8 8.239125094834574e-8 
0.4  0.936491386339321 0.05597208937094923 0.007399152952334303 6.0064598542074464e-5 4.004090576323995e-5 3.560594722812464e-5 6.084394768989652e-7 5.080228239355408e-7 4.6877424001240804e-7 3.318492457769978e-8 2.178874302826337e-8 1.967565375426417e-8 
0.41  0.9325291809876418 0.05968321634908027 0.007633778602099718 6.731010975304668e-5 4.4603184543704184e-5 4.0010082789148676e-5 7.085224556734059e-7 5.81748775140115e-7 5.21687297636484e-7 3.9960007976109354e-8 2.525371718487299e-8 2.3511838515700274e-8 
0.42  0.9283997414736381 0.06356791809610209 0.007860660569618557 7.521011387528716e-5 4.9443782779323254e-5 4.4861013002138235e-5 8.197264738121471e-7 6.621883338413575e-7 5.779835967781924e-7 4.796738606068196e-8 2.9091494027263533e-8 2.799370017937633e-8 
0.43  0.924109492185085 0.06762019033833293 0.00807946216674939 8.377066845113513e-5 5.445343805404206e-5 5.0181930948030625e-5 9.411004461342288e-7 7.474181860368744e-7 6.371653897467624e-7 5.7175805018405426e-8 3.328987066218964e-8 3.312268153704854e-8 
0.44  0.9196484668810488 0.07185091627179334 0.008289106038864123 9.303775658128288e-5 5.969814286447206e-5 5.6017503362651795e-5 1.0739342695458826e-6 8.388276777032859e-7 6.998513109816171e-7 6.786919925471333e-8 3.902626280314302e-8 3.7896765323819676e-8 
0.45  0.9150178515571014 0.0762594819611102 0.008489022078660542 0.00010302661421616836 6.512880620855607e-5 6.240006538693468e-5 1.2179198761466709e-6 9.35909740601943e-7 7.660031890100674e-7 8.032668514175815e-8 4.5834021641689935e-8 4.292380344222205e-8 
0.46  0.9102280141447749 0.08083583793648227 0.008679012333814854 0.00011372330466337069 7.062449729714707e-5 6.934973125653189e-5 1.3714999339139682e-6 1.0359974710447874e-6 8.345290501478471e-7 9.429907590281463e-8 5.341467179989505e-8 4.8311507812837044e-8 
0.47  0.9052617254270839 0.08559838764892468 0.008857649984391723 0.0001251866609833767 7.692716436016959e-5 7.631134919051821e-5 1.5366713960171177e-6 1.142062900176539e-6 9.063492051178688e-7 1.1047064866459886e-7 6.207908115122389e-8 5.413183426095124e-8 
0.48  0.900133149619515 0.090532997652069 0.009025007056707413 0.00013738963876490986 8.514959756848632e-5 8.208478387414507e-5 1.7135451047796361e-6 1.2586996227747213e-6 9.808555273271075e-7 1.309436737923961e-7 7.180837010972632e-8 6.039079117254533e-8 5.408411656584654e-9 
0.49  0.894847944861992 0.09563443916020564 0.009180813378775564 0.00015031676727221755 9.404253946376529e-5 8.779768852216411e-5 1.8948619223054744e-6 1.363729767109839e-6 1.0755836264311267e-6 1.4946338772832966e-7 8.293729040243878e-8 6.731336722676803e-8 1.1714407465891653e-8 
0.5  0.8894094331788561 0.10089983761576032 0.009324584302225302 0.00016394194717024474 0.0001036397994445559 9.35001098033207e-5 2.0885855436726733e-6 1.4839409497711484e-6 1.1405313647909979e-6 1.7496197578207562e-7 9.46403292158024e-8 7.409895417462818e-8 6.287622862942842e-9 
0.51  0.8838102729019461 0.10633740942864243 0.009455291796543938 0.00017829740874068646 0.00011399020494598356 9.923091041499903e-5 2.288561322757872e-6 1.6012560361767914e-6 1.220265845417409e-6 2.0120607442722273e-7 1.0790420346511048e-7 8.134962388132981e-8 6.805659770664965e-9 
0.52  0.8780655811191267 0.11193177113964006 0.009573417031436953 0.0001933208156310328 0.0001251056851408459 0.00010483830105812881 2.4946802981471274e-6 1.717689299062516e-6 1.3046916367008274e-6 2.3014958549973907e-7 1.223823703719346e-7 8.903586619968632e-8 7.278910293143783e-9 
0.53  0.8721894005064353 0.11766886626484116 0.009679035470766756 0.00020896452198005145 0.00013699531863907983 0.00011026153908100319 2.705082126935554e-6 1.832163382173072e-6 1.4156372505178686e-6 2.620155854652369e-7 1.3873158948372981e-7 9.760122541778619e-8 1.7260617234262018e-8 7.886479108388572e-9 
0.54  0.8661861422159335 0.12354454822134318 0.009771944570366266 0.00022517918337808685 0.0001496872012941084 0.00011553455085247889 2.9196567626791072e-6 1.946971043893663e-6 1.5106327179546506e-6 2.971085209889289e-7 1.560796095579685e-7 1.0623980328550309e-7 1.891964171833509e-8 8.448731886946975e-9 
0.55  0.8600502155574559 0.12956522860159336 0.009851273723615057 0.00024194915598551762 0.00016322654772704017 0.00012065111470790142 3.1377317391426476e-6 2.0595947626383736e-6 1.6034336648658912e-6 3.3548175292106843e-7 1.7471297546438052e-7 1.1491104641370419e-7 2.047279245256457e-8 8.960181071164952e-9 
0.56  0.8538066335184528 0.13570520862094718 0.009917921774387902 0.000259174008704983 0.00017759493586067172 0.00012551621567282907 3.356847568915431e-6 2.168863646174063e-6 1.6981731246229136e-6 3.771537357234686e-7 1.9454017065729092e-7 1.2381665836344305e-7 2.2061316373590826e-8 9.46975336510518e-9 
0.57  0.8474501652623255 0.1419702110679152 0.009971324594125811 0.00027683210339043247 0.00019283687179599826 0.0001301794317968699 3.5770726435262285e-6 2.275462880434147e-6 1.793932861706719e-6 4.2234739539233787e-7 2.153876861947943e-7 1.328316464486857e-7 2.3656095155532922e-8 9.97744139542752e-9 
0.58  0.8410151001998953 0.14832496778695595 0.01001279005255133 0.00029478044996317834 0.00020890306322541557 0.0001345078152311601 3.795158805950551e-6 2.3766220152560675e-6 1.8924917271780127e-6 4.708480415214878e-7 2.376005026762787e-7 1.4213167501634141e-7 2.5302716882015604e-8 1.0476693202404179e-8 
0.59  0.8344988153133336 0.15477244835480974 0.010041928164327595 0.0003129822770948585 0.00022582567141025048 0.00013855141085809713 4.011084095284673e-6 2.4729975976203262e-6 1.9919293202105656e-6 5.227937592860618e-7 2.606385777740548e-7 1.5146083561951494e-7 2.6937082421503673e-8 1.0966898202715357e-8 
0.6  0.8279226487168868 0.16129070107813717 0.010059538847592895 0.0003313289260548387 0.00024357758713235912 0.00014226044206605576 4.2230684267240165e-6 2.5634394509879653e-6 2.093746773392711e-6 5.780854257334362e-7 2.8499391544961104e-7 1.6100472960017885e-7 2.8614468400024595e-8 1.1448940252125512e-8 
0.7  0.761231927862692 0.22793063644188322 0.009692281291435264 0.0005053077523483442 0.0004634379060007503 0.00016196250105608584 5.965647510369914e-6 3.210030701181937e-6 3.106841130199896e-6 1.2838266184349604e-6 5.561509748375012e-7 2.562373597074482e-7 4.4524113861410195e-8 1.530220808814649e-8 7.683967838387967e-9 
0.8  0.7005497037329197 0.2891710798232881 0.008752548785840334 0.0007343949134987246 0.0006175857237281109 0.0001572876405423593 6.719748952942433e-6 4.4530535277418885e-6 3.0145382384080053e-6 2.055190648065795e-6 7.473894349497795e-7 3.300137938097348e-7 5.32227430587415e-8 1.680571907847307e-8 9.417124350125662e-9 
0.9  0.6516135596506175 0.33884609073654687 0.007710043543618652 0.0010154734556158014 0.0006520085097282845 0.0001439771113321423 6.680929034950131e-6 5.706234888170564e-6 2.6005340592774845e-6 2.5778589215950752e-6 8.167655742656304e-7 3.787914462700385e-7 5.435527959181685e-8 1.6532194740523915e-8 1.0403194001107816e-8 4.5879478333183026e-9 
1.0  0.6145933226420998 0.3765585153070623 0.006787689386347712 0.0012781161349779404 0.0006318567570712371 0.000131322944690213 6.794890380443338e-6 6.237576350003666e-6 2.714057992247641e-6 2.1244343671306038e-6 8.073850010727506e-7 4.0912848559205546e-7 5.00066343829111e-8 1.516358528631784e-8 1.1009545575754469e-8 7.097051139494696e-9 6.078357226131794e-9 
1.1  0.5872532023051212 0.4044724068397976 0.00603882201461368 0.0015099145375900532 0.000584918822248251 0.00012195113485558157 7.607284266370828e-6 5.660248881585021e-6 2.538882819380328e-6 1.7062736118759114e-6 7.611346258620897e-7 4.2488156745597197e-7 4.3421974314721704e-8 1.3414621816697967e-8 1.1384600623832977e-8 9.042729992587865e-9 8.3760746988308e-9 
1.2  0.5671047030119242 0.4250748001069351 0.005448740164317078 0.0017085769571298305 0.0005295207208518405 0.00011563724700765212 8.130512493446188e-6 5.088059209727017e-6 2.208749142036525e-6 1.3753796805105497e-6 7.057132438260318e-7 4.3212292246371877e-7 3.6896861250694245e-8 1.17828852676934e-8 1.1700623383889277e-8 1.0583736683738557e-8 1.029103590619253e-8 
1.3  0.5521387923974377 0.440394802708933 0.004986418886819521 0.0018763545026132332 0.0004750267069311685 0.0001115007812278374 8.396615737190822e-6 4.575785965408178e-6 1.8438045581610956e-6 1.1238917404045152e-6 6.522156785513815e-7 4.343017021811656e-7 3.172659268290016e-8 1.2539592109232602e-8 1.2071335566109602e-8 1.0547906458947618e-8 1.0515229605419632e-8 
1.4  0.5408835871717877 0.4519271919179269 0.0046219240310557685 0.0020170909094559216 0.00042530337313023453 0.00010875936701840767 8.453067790288428e-6 4.137628910338828e-6 1.5076341208967348e-6 9.345432314321194e-7 6.037064463517401e-7 4.326838161450656e-7 2.8186100875048635e-8 1.4106573317037163e-8 1.2252179070591633e-8 9.732040181787996e-9 9.688416957816265e-9 
1.5  0.5323179465920646 0.4607111495138645 0.004332540420177293 0.002134701570988086 0.00038161332839879676 0.00010684200795548424 8.356004527050953e-6 3.7715286448080846e-6 1.2239068749343468e-6 7.916077330508944e-7 5.627534283490069e-7 4.295933237630025e-7 2.6057963394923645e-8 1.525072007233424e-8 1.2346321358740499e-8 9.28403578687754e-9 8.2329797357541e-9 
1.6  0.5257086500321729 0.46749529717600813 0.0040996465075724955 0.0022329564102042307 0.0003437713700016231 0.00010539240624486382 8.143064947844896e-6 3.468067703290327e-6 9.851607986214778e-7 6.796720177372048e-7 5.256445247428041e-7 4.2444058828919084e-7 2.2647267552888478e-8 1.5938685681137247e-8 1.2288340886182166e-8 9.17292049561e-9 
1.7  0.5205527498784569 0.4727926959452017 0.003910575357951171 0.0023150047165989627 0.00031131079126472364 0.0001042012090566821 7.86619225032243e-6 3.2180112753076427e-6 8.06100464342524e-7 5.959463216123338e-7 4.971236780988112e-7 4.1879028924275297e-7 2.2283130762122212e-8 1.6245197929194006e-8 1.2190902686554454e-8 9.21795985502204e-9 
1.8  0.5164796344909901 0.4769825261615638 0.0037549362957629263 0.0023836537050756458 0.0002834263015043954 0.00010312852420273656 7.544002345693655e-6 3.0113682060136446e-6 6.658110598428127e-7 5.301981753483902e-7 4.7204973608131425e-7 4.122137165562118e-7 2.1343844368312202e-8 1.6209767255432582e-8 1.2008142349799674e-8 9.315907142412793e-9 
1.9  0.5132322126203289 0.4803274617727897 0.0036256837980631843 0.002441099439386771 0.00025946042467700676 0.00010209545648547148 7.199514485824236e-6 2.8398387795300115e-6 5.554678184121378e-7 4.771681291489343e-7 4.5136478020322937e-7 4.0554748722788783e-7 2.0525637159360816e-8 1.589933974223176e-8 1.1750709936265978e-8 9.411102279933669e-9 
2.0  0.5106180164327689 0.48302434067288474 0.003517231139781202 0.0024892362238194926 0.00023878200195991055 0.00010105969170247305 6.846921218165399e-6 2.6965451765056206e-6 4.6843987640737547e-7 4.3366541900996566e-7 4.3365297166941707e-7 3.9871510451382965e-7 1.9607192090702895e-8 1.536995321380412e-8 1.143465469429006e-8 9.485516898334576e-9 
2.1  0.5084964754795404 0.4852168690456247 0.003425464878815414 0.0025295875998529917 0.0002208702716769896 9.999859677141321e-5 6.497043832059269e-6 2.5758565563786645e-6 4.1857176794125353e-7 3.992934330048107e-7 3.972863015815557e-7 3.9201400524537485e-7 1.8730451172506225e-8 1.4685453795029245e-8 1.1080093364114196e-8 9.5658232973263e-9 
2.2  0.5067617225067415 0.48701329117829856 0.003347190140831073 0.0025634282147599104 0.00020528269041801252 9.890185103853159e-5 6.156826976763042e-6 2.473279130803026e-6 4.055241996860954e-7 3.8546901612400626e-7 3.6636706203400006e-7 3.4396840370737956e-7 1.7786570853560383e-8 1.3905097775033715e-8 1.0692146067948195e-8 9.59930846773303e-9 
2.3  0.5053332207179365 0.48849592959757354 0.003279929534215015 0.0025918201830111443 0.00019165181518785975 9.776979760229833e-5 5.830735467476768e-6 2.3851978930528967e-6 3.9432062429168817e-7 3.7927173041409007e-7 3.396528065890752e-7 2.992859191152128e-7 1.690260350519578e-8 1.3072719314297907e-8 1.029109815570942e-8 9.623612747268827e-9 
2.4  0.5041494681770958 0.48972768078213763 0.0032217298834316156 0.0026156284336081802 0.00017967326492320378 9.660480128573005e-5 5.521117937107389e-6 2.308748666997287e-6 3.8456148476297216e-7 3.7338680039056284e-7 3.162249668159589e-7 2.6286610391353485e-7 1.6046226314757668e-8 1.2214195685862551e-8 9.87441412886342e-9 9.61672228377552e-9 
2.5  0.5031626942651615 0.4907573826871137 0.003171046506276999 0.0026355795407812495 0.00016909539498562116 9.541273211476055e-5 5.229240472657349e-6 2.2417249130019983e-6 3.760008326326373e-7 3.678160563287803e-7 2.954626014969309e-7 2.3294297675587533e-7 1.5256427877484753e-8 1.136463528857893e-8 9.598253963680816e-9 9.466396427597092e-9 
2.6  0.502335986099189 0.4916227599860736 0.0031266713254297237 0.0026522718639888825 0.00015971413771587162 9.419891193312572e-5 4.955703601092291e-6 2.182212570429034e-6 3.684658207830403e-7 3.625955328929547e-7 2.7687288217428014e-7 2.0815289200951443e-7 1.4512156901523102e-8 1.0543930616589755e-8 9.556487195420195e-9 9.05979627526896e-9 
2.7  0.501640717171616 0.49235299540786615 0.0030876960853799687 0.0026662160373060765 0.00015136693305310768 9.296935981222507e-5 4.700801165293012e-6 2.128816069807446e-6 3.620723052477872e-7 3.5797431587532597e-7 2.601143172415945e-7 1.8744842351731028e-7 1.3844474162990856e-8 9.758673598434945e-9 9.509669178328066e-9 8.665551729145215e-9 
2.8  0.501051780874387 0.49297405088967394 0.0030530947015005917 0.0026777996788844034 0.0001438786832517294 9.172572305692668e-5 4.448698965245242e-6 2.0713670907583114e-6 3.554940932473129e-7 3.52524387115593e-7 2.4033812451817375e-7 1.69575951510496e-7 1.3149841557643903e-8 9.445141070712815e-9 8.855649783815256e-9 
2.9  0.500550781997091 0.4935045920127584 0.003022237922144864 0.002687397292917579 0.00013714251251352815 9.048636129974048e-5 4.225628794127307e-6 2.027623146287173e-6 3.4968827712861846e-7 3.478478689489352e-7 2.2609141650782993e-7 1.549357809537109e-7 1.2539206195434491e-8 9.352924595637924e-9 8.193860233011283e-9 
3.0  0.5001250174334582 0.49395728912299464 0.002994900583806326 0.002695362265717454 0.00013109309240061772 8.925250338656203e-5 4.0218882596263566e-6 1.9880477513327895e-6 3.452178240917816e-7 3.444567352999009e-7 2.167231279989632e-7 1.3982715160023104e-7 1.205487162135564e-8 9.245953903804532e-9 7.536559940231772e-9 
3.1  0.4997598504683795 0.4943476170409862 0.0029702512651665933 0.0027018287346992935 0.00012560553742352917 8.802137886289797e-5 3.8300660492468635e-6 1.951727196284807e-6 3.409446393842999e-7 3.4084897169063155e-7 2.0551890324799052e-7 1.286792361930944e-7 1.1598092185349867e-8 9.150434835826978e-9 7.040959127298895e-9 
3.2  0.4994464051416745 0.49468441913031097 0.002948081866626932 0.002707084835059462 0.00012062210576202334 8.680197333154004e-5 3.6533301427149006e-6 1.9163255643729013e-6 3.3735851762030136e-7 3.368887269309765e-7 1.9470773395763256e-7 1.194060391886355e-7 1.115188660947198e-8 9.035631197907296e-9 6.7429921018174584e-9 
3.3  0.4991764063252817 0.49497622010765024 0.002928045639017806 0.0027112892890565695 0.00011608083693890219 8.559612971464596e-5 3.489362677665971e-6 1.8828742828094457e-6 3.340232684731364e-7 3.3325286579354537e-7 1.8462377871074753e-7 1.114160337455034e-7 1.0745321212119666e-8 8.915185620512624e-9 6.458926479527373e-9 
3.4  0.4989431617574468 0.49522989861846595 0.0029098619916764724 0.002714588108588069 0.00011192863832215394 8.440625766493459e-5 3.3380098987958516e-6 1.8504200702106684e-6 3.3099127987584473e-7 3.299890048523255e-7 1.7544188546374246e-7 1.0435284049107105e-7 1.0384798761615524e-8 8.793380447682325e-9 6.244677614506631e-9 
3.5  0.4987411970934038 0.4954510273627511 0.002893335201326021 0.002717122122548369 0.00010812171076429335 8.323556623093718e-5 3.196490277120223e-6 1.819922730472116e-6 3.280262175605126e-7 3.2687543945440025e-7 1.667318231648602e-7 9.820169996523718e-8 1.0040088034537117e-8 8.663567409848232e-9 5.991131855969783e-9 
3.6  0.4985658300129187 0.4956444387350605 0.0028782498902338214 0.0027189953575791144 0.00010462043558059445 8.208565997888574e-5 3.064642903526713e-6 1.7907425460216112e-6 3.252131571397387e-7 3.23965176220736e-7 1.585662472866947e-7 9.278702745480608e-8 9.719581715178476e-9 8.531178491504451e-9 5.740830152753001e-9 
3.7  0.4984132325793317 0.4958140605698302 0.002864443287956266 0.0027203032184382778 0.00010139208177652771 8.095770780245081e-5 2.941874710294665e-6 1.7626271626585553e-6 3.2256021720093124e-7 3.212543532076278e-7 1.509392762586175e-7 8.797690518764502e-8 9.423117261563685e-9 8.39758899026179e-9 5.5015327764603e-9 
3.8  0.4982801151320147 0.4959632837233515 0.0028517638080381665 0.002721125752442313 9.840690987395958e-5 7.985287602444082e-5 2.827419483982919e-6 1.735473829129893e-6 3.2003245879065037e-7 3.1869943748560604e-7 1.438084381924771e-7 8.368027479418358e-8 9.147604006920089e-9 8.262670518354015e-9 5.274057557077294e-9 
3.9  0.49816363168765876 0.4960951833262665 0.002840020024369107 0.0027214926248272423 9.562746860875034e-5 7.876620157035767e-5 2.7111839953969896e-6 1.7037810910146645e-6 3.1729849503268256e-7 3.1595859421725354e-7 1.336877003455246e-7 7.979215489367713e-8 8.841981992945934e-9 8.122686144923202e-9 
4.0  0.49806205714335106 0.49621106944801874 0.00282935248715727 0.0027216024121991815 9.306680432258435e-5 7.771183040354972e-5 2.612439650801778e-6 1.6785312123013835e-6 3.1488249112126077e-7 3.1355075557488426e-7 1.2758608971301216e-7 7.632410459097838e-8 8.59000606447971e-9 7.970236676688233e-9 
4.1  0.4979726844311527 0.4963142256177718 0.0028193768175504333 0.00272135183461376 9.067245775249222e-5 7.668012813891215e-5 2.519421545682262e-6 1.6539125975582926e-6 3.12751250044241e-7 3.114401668709117e-7 1.2180815886574924e-7 7.31719583759542e-8 8.368966766618947e-9 7.838375917806445e-9 
4.2  0.49789402980433095 0.49640614553741974 0.0028100455907296294 0.00272079003392952 8.843270580441475e-5 7.567119436298651e-5 2.4321805504233112e-6 1.62989151375463e-6 3.1085543034316636e-7 3.095806462426463e-7 1.1640972453937311e-7 7.031127140603552e-8 8.180365286303496e-9 7.723920255605393e-9 
4.3  0.49782508492352395 0.4964874793244306 0.002801518000387271 0.0027201066200905335 8.635045583317661e-5 7.469154739067992e-5 2.351135922122791e-6 1.6066375200523277e-6 3.0896314295465563e-7 3.077295327145093e-7 1.1137545613490436e-7 6.770325121293967e-8 7.988019274293054e-9 7.595498788081353e-9 
4.4  0.4977642257984829 0.4965602863230956 0.0027935074831373775 0.0027191936379658125 8.439450659031879e-5 7.373443022940491e-5 2.274947218254205e-6 1.5838207801266797e-6 3.065550057852486e-7 3.053922576950896e-7 1.0663331938385586e-7 6.529525018636855e-8 7.760551959558756e-9 7.416115698684548e-9 
4.5  0.49771056892060606 0.4966253758011027 0.0027860266120849353 0.002718116493678322 8.255812784398699e-5 7.280131256861381e-5 2.2031867852690424e-6 1.561513684861483e-6 3.0454692936452e-7 3.034085042128326e-7 1.02153451854205e-7 6.307742134684924e-8 7.567216610536748e-9 7.278121869047991e-9 
4.6  0.49766317380900266 0.49668374151320327 0.002779014472118354 0.002716895406217524 8.083051483923863e-5 7.189175172223588e-5 2.1357100315766247e-6 1.5396575625703728e-6 3.023769285978431e-7 3.0130384340529536e-7 9.794827288687279e-8 6.102544925537757e-8 7.380757645036892e-9 7.1300514008483695e-9 
4.7  0.4976212632623641 0.4967361648260279 0.002772439187052441 0.002715564370217597 7.920327043830514e-5 7.100655864774273e-5 2.0722866920886005e-6 1.5183780178376837e-6 3.0075825413529336e-7 2.9973723706863317e-7 9.399254828117759e-8 5.9124008174023974e-8 7.232195775829254e-9 7.0162983773438636e-9 
4.8  0.4975841772153319 0.4967833346229512 0.0027662644711495023 0.002714141759031025 7.766787164093522e-5 7.014458884227833e-5 2.0125539590789117e-6 1.4975388835234462e-6 2.9935365292407727e-7 2.984054829901358e-7 9.0265995709562e-8 5.734641357004023e-8 7.0987557515931055e-9 6.907908884281007e-9 
4.9  0.49755133754346537 0.49682586965485775 0.0027604479021007093 0.002712638300283935 7.621663880908476e-5 6.930552636063374e-5 1.95621097578205e-6 1.4771918760855584e-6 2.978587958090845e-7 2.969603733158644e-7 8.675573185355448e-8 5.569357211326485e-8 6.96370449931614e-9 6.799092905187959e-9 
5.0  0.4975222372855123 0.4968642953516695 0.0027549618110302154 0.002711070427725936 7.484292710836438e-5 6.848876772051566e-5 1.9030214385144434e-6 1.4572881911748512e-6 2.964245696487893e-7 2.9557482338878565e-7 8.344575211080719e-8 5.414510288452156e-8 6.8356612309463946e-9 6.69369445274043e-9 
