#mmax= 10
#m-states: all states (FBR)
#Nr. of sites: 22

0.0  -0.0  0.0
0.1  -5.853555151302417  0.21399821272225145
0.2  -47.482806808614725  0.7070714214055964
0.3  -118.78965962802381  0.9999999999999994
0.4  -119.49192294946292  0.7007124307595859
0.41  -120.80781037251396  0.98217589008798
0.42  -166.78965962802383  0.9999999999999999
0.43  -118.81024076697115  0.9797944755143563
0.44  -121.04351573741494  0.7899889680043772
0.45  -160.78965962802383  0.9999999999999994
0.46  -167.14335517999794  0.7212009395412291
0.47  -162.78965962802383  1.0000000000000002
0.48  -167.54828330370333  0.6652748721159129
0.49  -168.80780955594162  0.9821766921887753
0.5  -218.78965962802383  1.0000000000000002
0.51  -222.78965962802383  1.0000000000000002
0.52  -218.78965962802383  1.0000000000000002
0.53  -171.1451306790865  0.7199234347334392
0.54  -222.9165876390668  0.8888148448219251
0.55  -222.9165876390668  0.8888148448219252
0.56  -324.7896596280238  1.0
0.57  -218.80780955594162  0.9821766921887767
0.58  -278.7896596280238  1.0000000000000007
0.59  -358.79213531316157  Inf
0.6  -225.49315114800478  0.6998532448125239
0.7  -284.7924698903396  0.9971965216227102
0.8  -336.7896596280238  1.0000000000000007
0.9  -356.7896596280238  Inf
1.0  -358.78999599364727  Inf
1.1  -518.7896596280239  Inf
1.2  -434.8078155896247  Inf
1.3  -514.8078095559416  Inf
1.4  -612.7896596280239  Inf
1.5  -610.7896596280239  Inf
1.6  -599.482807224348  Inf
1.7  -604.7896596280239  Inf
1.8  -524.9165876390668  Inf
1.9  -608.7896596280239  Inf
2.0  -514.7896604768433  Inf
2.1  -599.4828068161987  Inf
2.2  -686.7896596280239  Inf
2.3  -695.4828068085841  Inf
2.4  -Inf  NaN
2.5  -638.7896596280239  Inf
2.6  -Inf  NaN
2.7  -600.7921414421679  Inf
2.8  -Inf  NaN
2.9  -Inf  NaN
3.0  -Inf  NaN
3.1  -Inf  NaN
3.2  -Inf  NaN
3.3  -Inf  NaN
3.4  -Inf  NaN
3.5  -Inf  NaN
3.6  -Inf  NaN
3.7  -Inf  NaN
3.8  -Inf  NaN
3.9  -Inf  NaN
4.0  -Inf  NaN
4.1  -Inf  NaN
4.2  -Inf  NaN
4.3  -Inf  NaN
4.4  -Inf  NaN
4.5  -Inf  NaN
4.6  -Inf  NaN
4.7  -Inf  NaN
4.8  -Inf  NaN
4.9  -Inf  NaN
5.0  -Inf  NaN
