#mmax= 10
#m-states: all states (FBR)
#Nr. of sites: 22
 
0.0  1.0 
0.1  0.996828791752484 0.0025556274844591755 0.0006153244815529484 1.5680094803148194e-7 9.948055540188868e-8 
0.2  0.9866744058651307 0.010980017276303742 0.002339790019842769 2.7767006331209344e-6 1.7039204899144477e-6 1.3062175992308676e-6 
0.3  0.9667256985597421 0.028455421227662005 0.0047667691385389135 2.38097855419859e-5 1.7559702054215312e-5 1.019975739127739e-5 2.3479588636787093e-7 1.8573384762940847e-7 1.1063248535235801e-7 1.0666849061496003e-8 
0.4  0.92551703737044 0.06698493669920358 0.0070126490235156895 0.0003241669371612929 9.825550629012334e-5 5.3173207964687335e-5 4.997618205975635e-6 3.0406961344915007e-6 1.1351270777362624e-6 4.5358158441917807e-7 6.296456034663717e-8 4.143587716130105e-8 2.5851477601507366e-8 2.3980507180613282e-8 
0.41  0.9186975384448516 0.0735106238449407 0.007163276479736918 0.00042948143575681356 0.00012097370441453927 6.47439116483982e-5 6.814165358642956e-6 3.8992604010876475e-6 1.9153550398729487e-6 5.028132475938235e-7 9.174857247859705e-8 5.461802181736618e-8 5.39525325149545e-8 3.0265476799892764e-8 
0.42  0.9109408094140374 0.08095366351424979 0.007288165869063927 0.0005686273692574441 0.00015097392537385734 7.982782225277128e-5 9.094655534328234e-6 4.9667825352902506e-6 2.948393539483272e-6 5.697261956171786e-7 1.3214872532213844e-7 8.765953232275276e-8 7.269272697051832e-8 4.132718093130892e-8 1.869979651089237e-8 
0.43  0.9020196475632574 0.08953046707366011 0.007382736852317506 0.0007523619313838776 0.00019145512670175747 9.982262424590229e-5 1.1986818022023769e-5 6.2050411486539345e-6 4.217890410512414e-6 6.194826816047957e-7 1.9155464173313665e-7 1.3298273945024793e-7 9.347900186125925e-8 5.575108185963525e-8 5.8287091796443106e-9 
0.44  0.8916121500991371 0.09954605513976643 0.007440816475073233 0.0009958899420781915 0.0002474165206350891 0.00012688753625094725 1.560641682172719e-5 7.689757204481397e-6 6.013181698081788e-6 7.407983718910095e-7 2.7398680859719597e-7 2.051316451347134e-7 1.267272248177932e-7 7.808077921784843e-8 2.714108781125408e-8 1.4831740952852413e-8 8.233675471726156e-9 
0.45  0.8794061078715865 0.11130707501453792 0.007456660247983938 0.0013033989047598615 0.0003241600578323415 0.0001636376083243795 1.9757440616012288e-5 9.323935496507411e-6 8.003341402008775e-6 8.586962410924616e-7 3.856291102615164e-7 2.879196495597793e-7 1.6786939289612451e-7 1.0426651170341679e-7 3.063499660852866e-8 2.152042169658818e-8 1.0661186011525091e-8 8.379951386261722e-9 
0.46  0.8649007892573594 0.12529541036279646 0.00742196212839251 0.0016881042624209799 0.00043100882860206606 0.00021414724449859418 2.452338580904183e-5 1.1063109704674456e-5 1.0566003257094659e-5 1.0266647924337415e-6 5.476562488827771e-7 4.1218212041406336e-7 2.0818059634440147e-7 1.3678171905801736e-7 3.457543108210829e-8 3.405525909084021e-8 1.462599956328275e-8 1.0694991301867385e-8 
0.47  0.8475879482750299 0.14201788758916997 0.007329015950045243 0.0021451028783634088 0.000577433816164072 0.0002834555700045236 2.9627200752862026e-5 1.3548804420026919e-5 1.2820579971753404e-5 1.269025574209617e-6 7.72055987051633e-7 5.737567643376329e-7 2.466636515368917e-7 1.7358859918910753e-7 5.250512679676857e-8 3.7240084754852577e-8 2.053892883193876e-8 1.3961361828377097e-8 
0.48  0.8271705443049009 0.16180596450160278 0.007173074771611988 0.002635371902553372 0.000768715678617668 0.0003762560777335065 3.4624302804429676e-5 1.684119436133161e-5 1.442535491656744e-5 1.6160769581943857e-6 1.0768138020365862e-6 8.143729298836384e-7 2.7741550919801107e-7 2.1013036154787354e-7 7.554256893007427e-8 4.042629434083777e-8 3.951362910031121e-8 1.8424105275448987e-8 1.3194738879756839e-8 
0.49  0.8033189428444744 0.18502659706943714 0.006950240850750818 0.003118058255348582 0.001008176492298043 0.0004980936796128309 3.90798794922918e-5 1.971300119373115e-5 1.5760259551435996e-5 2.0960764440218927e-6 1.431307926582626e-6 1.0413111617904889e-6 2.9680993470748966e-7 2.3865910428384744e-7 1.0092691802623909e-7 5.198706281816266e-8 4.3193795024741085e-8 2.377848526233658e-8 1.3617008339084949e-8 
0.5  0.7762659420763736 0.2115189554196455 0.006664813094459051 0.0035251665453958757 0.0012855291000154062 0.000651317446100958 4.264442743223785e-5 2.222902198138205e-5 1.670039210969743e-5 2.7260824398104805e-6 1.8198759852022714e-6 1.2977366707062185e-6 3.04528564808126e-7 2.5709374991488926e-7 1.2726394338228227e-7 6.589686500221417e-8 4.604143604401817e-8 3.7252986949401695e-8 1.3855651854877665e-8 6.8481937326789216e-9 
0.51  0.7466569374483485 0.24070503295118678 0.00632736770345254 0.003801948083483764 0.001579077435897735 0.0008350210490865668 4.503023802611913e-5 2.4279676922392637e-5 1.718216855513865e-5 3.4879126677643413e-6 2.1911265291096044e-6 1.5366454309814938e-6 3.0116852387278564e-7 2.62914998618259e-7 1.4601281115387582e-7 7.962451322604588e-8 4.886101513490854e-8 4.689976961414296e-8 1.4029743481674607e-8 8.049037615426687e-9 
0.52  0.7157692474030626 0.2713641171244697 0.005957452210271484 0.003913834081083807 0.001854488728425655 0.0010424248356994137 4.602914423312114e-5 2.572909274424506e-5 1.7213971865985064e-5 4.344264557183789e-6 2.4772790433313642e-6 1.7194919288487973e-6 2.8998901289181815e-7 2.562167274025679e-7 1.552177037678464e-7 9.072811448154406e-8 5.5758005541458235e-8 5.182352370598158e-8 1.3714407859681848e-8 8.925119556726469e-9 
0.53  0.685335930628329 0.3017854450203344 0.005580804091361399 0.0038620816675255477 0.002075126718000771 0.001261004588972797 4.565908217525965e-5 2.6493574841498887e-5 1.6878400874041075e-5 5.233279374000312e-6 2.6145560529186726e-6 1.8144902518139066e-6 2.742080704101574e-7 2.3887529501660736e-7 1.5402765808704286e-7 9.738050748607663e-8 6.224233109368561e-8 5.723055404002401e-8 1.3097048948879645e-8 9.74750398400556e-9 7.09293773139888e-9 
0.54  0.6563303675784673 0.3309558223236423 0.005212895005182767 0.0036932794305036404 0.0022265823338723967 0.00148219580500196 4.427961569475139e-5 2.6877934600533148e-5 1.628905918201893e-5 6.0886719539070775e-6 2.612795580983009e-6 1.8428045316971202e-6 2.575202774288896e-7 2.1742176228599325e-7 1.4612543142928879e-7 1.001275263197393e-7 6.580906301615111e-8 5.741979038340282e-8 1.2428030882927615e-8 9.789904435907702e-9 
0.55  0.6301023174938365 0.3574899288852099 0.004873838407210415 0.003446601003488528 0.0022981906238818805 0.0016926579829981928 4.210418726163133e-5 2.6810597283182768e-5 1.557365929920536e-5 6.8736684832906365e-6 2.4864801573536106e-6 1.7913092545971811e-6 2.404531325269631e-7 1.950689358606096e-7 1.3366288771846725e-7 9.845007524291282e-8 6.592498306210647e-8 6.313501048906474e-8 1.1686607875064731e-8 1.0158290544733915e-8 7.161711738084078e-9 
0.56  0.6071088198011695 0.3808757278652924 0.004571523209597008 0.0031659003948848324 0.002299673667634508 0.001885428483950776 3.9460625787294236e-5 2.6391831128917332e-5 1.4819156001474632e-5 7.538915911654877e-6 2.2674550473462815e-6 1.680363141666855e-6 2.2541033730469385e-7 1.7475962671977695e-7 1.1861038894632186e-7 9.350746706437698e-8 6.39582651623756e-8 6.314089799634251e-8 1.10114450514328e-8 1.0139340001125277e-8 7.692683714658638e-9 
0.57  0.587607345146711 0.40081078585446167 0.0043108443399713725 0.002881315277021208 0.00224611847984633 0.002054864144159729 3.662285579541712e-5 2.5689278109651723e-5 1.4090240030652783e-5 8.076202768319837e-6 2.005140976264881e-6 1.5329113264327235e-6 2.122521788487955e-7 1.584458706710518e-7 1.0361616336677944e-7 8.652210574608777e-8 6.231468445467063e-8 5.8525020236579025e-8 1.0455313317178729e-8 1.0001937569676554e-8 7.995547127646666e-9 
0.58  0.5710704055725553 0.41778618763154945 0.004085979907039914 0.0026122056472930033 0.0022034184915074554 0.00215752760713958 3.376966707218017e-5 2.4809038564281284e-5 1.3415288243086817e-5 8.50341593056799e-6 1.7450373737175283e-6 1.3725090483347038e-6 2.007112437941195e-7 1.4703846483955972e-7 9.432082624399775e-8 7.86172112007059e-8 5.855352327009555e-8 5.3067105265870856e-8 9.909425700973454e-9 9.78249157140113e-9 8.186392240703012e-9 
0.59  0.5574047820002176 0.4318753546892417 0.0038966625368536253 0.0023668038882164936 0.0023293517251107457 0.0020472833043135704 3.10366370837817e-5 2.380189089455056e-5 1.281262008643069e-5 8.824163092197017e-6 1.4792172629697938e-6 1.2017560089758653e-6 1.8996014184623316e-7 1.3952942468871162e-7 7.760520076853382e-8 7.069457144893414e-8 5.3356326207908336e-8 4.750132639084485e-8 9.45430960700484e-9 9.292595000259325e-9 8.177722418683168e-9 
0.6  0.5463008547826379 0.44337570487292555 0.0037395440654608607 0.002433546135638942 0.0021480229152894717 0.0019269172580624054 2.850962365991541e-5 2.2708961027156377e-5 1.2286351680313333e-5 9.054314574965383e-6 1.2454602655384291e-6 1.0439727714670231e-6 1.8074770736324939e-7 1.3482485723623418e-7 6.667760860766807e-8 6.329982133280716e-8 4.751628332418429e-8 4.239779467453898e-8 9.04427282477563e-9 8.760294564930323e-9 8.017365262862619e-9 
0.7  0.503511516463438 0.48854342713212995 0.0030560558810789223 0.0028365678080184325 0.001005133024676833 0.0010010551042574395 1.3610027755829104e-5 1.3112455208249915e-5 9.577830682837666e-6 9.189583701049625e-6 2.098380074778408e-7 1.9815443504583778e-7 1.310181039716503e-7 1.2018860088171767e-7 2.681979921537014e-8 2.296271743698748e-8 2.0602858330395928e-8 2.044737802109671e-8 4.657153531593997e-9 
0.8  0.4983198625021433 0.4946552224688807 0.00289758495614271 0.002852296461405243 0.0006233971703704928 0.0006187666375377716 8.50009484715971e-6 8.433716379279316e-6 7.796273934791601e-6 7.739410422021911e-6 1.1321056629167849e-7 1.112524225735983e-7 5.23858704716861e-8 5.17574347621086e-8 1.9313858469477323e-8 1.9057876798627805e-8 1.676236399446965e-8 1.656754369931491e-8 
0.9  0.49801142790573283 0.4954237891474608 0.002832883538050069 0.002815606409877475 0.0004467143707717661 0.00044424196128349736 7.719147890792726e-6 7.679260436725393e-6 4.819798658159152e-6 4.795116663729095e-6 1.0449737928653637e-7 1.0333990497543283e-7 2.601547308561767e-8 2.568983295208227e-8 1.91949924152404e-8 1.9093165610582423e-8 1.2910665793996522e-8 1.2601757529071434e-8 
1.0  0.49756133952978593 0.4961499213512331 0.00278886211548041 0.002780760445379483 0.0003497723337119703 0.000348817873778734 7.0229235880493e-6 7.008833911025061e-6 3.112321655559656e-6 3.1066296685921456e-6 9.80874966931677e-8 9.424182704754886e-8 1.887481440032883e-8 1.8804566521009376e-8 1.810874935622588e-8 1.7708292031223993e-8 9.816061953375212e-9 
1.1  0.49703457460913836 0.496862830358096 0.0027533753783128933 0.002752264338401196 0.00028991162912997404 0.0002897924693077046 6.407279462012217e-6 6.405390553828736e-6 2.0972018113507812e-6 2.097004438253794e-6 9.000068024197867e-8 8.997543407338095e-8 1.831333942237669e-8 1.8112921185709925e-8 1.4070510551417481e-8 1.3868463725899886e-8 
1.2  0.49806176298735655 0.4959713854295423 0.0027319142866532513 0.0027204575420095175 0.000250305702383993 0.00024925720301680716 5.879345375115707e-6 5.854773759236866e-6 1.4787297168007093e-6 1.4726867205640596e-6 8.693768456538443e-8 8.658087847294944e-8 1.761751835111535e-8 1.753470943894616e-8 1.1342045856940089e-8 1.1300629114465596e-8 
1.3  0.4984024413151192 0.49573547385896694 0.002710780364476371 0.002696279273146714 0.00022152375061005886 0.00022033876236910666 5.404757050124144e-6 5.375847635185228e-6 1.0841282922579138e-6 1.0783042896817464e-6 8.437024214859672e-8 8.392049729707086e-8 1.6712113543096043e-8 1.657027956389429e-8 9.081775835174025e-9 8.983138725170786e-9 
1.4  0.4984549740062807 0.4957670977670746 0.0026912195472083593 0.00267670637754377 0.00019964270657735772 0.0001985658472038292 4.983542021192478e-6 4.956704377829859e-6 8.243295129773508e-7 8.199462742923857e-7 8.22100861334265e-8 8.176471967536235e-8 1.5658285933012494e-8 1.5506405183905934e-8 7.06976636152458e-9 7.01666276755895e-9 
1.5  0.4984415981358007 0.49585021872718393 0.002673758972318206 0.002659896430735346 0.0001823996134668277 0.00018146351621737818 4.60860207789352e-6 4.5883496473290045e-6 6.390710685939529e-7 6.351978031615903e-7 8.024788042462669e-8 7.98554233275532e-8 1.4519077299431843e-8 1.4505675485030077e-8 4.255625577691601e-9 
1.6  0.49886088248429783 0.4954897692400336 0.0026607219207427663 0.0026427580125245173 0.00016861920282821387 0.00016748266025366133 4.286600538337893e-6 4.260188759866986e-6 5.185366987315285e-7 5.140210128873824e-7 7.872898426822107e-8 7.82147463732935e-8 1.3473069958637715e-8 1.3417059444358203e-8 3.2984514421834827e-9 
1.7  0.49894422721773685 0.4954571384762482 0.002647535104081412 0.0026290393278634314 0.00015708110441978583 0.00015598346468474568 3.99927217639475e-6 3.9713357110629464e-6 4.2448459849539103e-7 4.21501827516198e-7 7.732517165548045e-8 7.678592839788718e-8 1.2344315836095779e-8 1.2255237891414073e-8 
1.8  0.4991291724965599 0.4953163780199151 0.002636298930529973 0.0026161605594016164 0.00014737976574186263 0.000146253926577101 3.7458894379902723e-6 3.7172897637300765e-6 3.6080074554300604e-7 3.5804546174097283e-7 7.612127817583524e-8 7.554014456052251e-8 1.134213611910697e-8 1.1272307485059454e-8 
1.9  0.4993233731388484 0.4951611899268264 0.002626282048915469 0.0026043850078798863 0.00013906254809811257 0.00013790300720010836 3.5209675538143584e-6 3.4915751041111985e-6 3.120708015838593e-7 3.094624155092824e-7 7.505390403842574e-8 7.442364119095258e-8 1.0432329823939156e-8 1.0336482056009272e-8 
2.0  0.4996057176442463 0.4949136076998782 0.0026177259298632116 0.002593142236557371 0.00013186110635179306 0.00013062276284685195 3.3209919553949996e-6 3.289810495020375e-6 2.738988087526364e-7 2.71327233634178e-7 7.411076483975353e-8 7.341508793491008e-8 9.580995622738773e-9 9.48491464038472e-9 
2.1  0.4996460274748524 0.4949044725757722 0.002608787570878117 0.002584044126002943 0.0001254797198509346 0.00012428984651538448 3.1405671729681857e-6 3.1108354939760202e-6 2.4314578462467013e-7 2.408488223826179e-7 7.32355158430551e-8 7.253788092734216e-8 8.790030079016977e-9 8.72542986235689e-9 
2.2  0.4997312488235047 0.4948475269976864 0.002600809069387049 0.0025753920935503963 0.00011983568525939442 0.00011866457273897882 2.9787087130139046e-6 2.94959637680809e-6 2.181410852925743e-7 2.1600922911327594e-7 7.243975749212421e-8 7.173170576364251e-8 8.103933576097952e-9 8.027073642599438e-9 
2.3  0.49974621624528776 0.4948582093339999 0.0025931564323416353 0.0025677915691934053 0.00011478105036728278 0.00011365819015918224 2.8323488452137725e-6 2.804626523989564e-6 1.9731508096628083e-7 1.953803116282335e-7 7.171011319955766e-8 7.10048826610146e-8 7.400779722444661e-9 7.392113174547893e-9 
2.4  0.4997039544930316 0.49492395562675 0.002585768105256 0.0025610437030925675 0.00011022295145783337 0.0001091691156314982 2.699492159995886e-6 2.6737096080269264e-6 1.7972861146288733e-7 1.7801308785007442e-7 7.102119525966682e-8 7.035043921329693e-8 6.87434990143696e-9 6.815328816799255e-9 
2.5  0.49983167596566 0.4948178978953368 0.002579764188813561 0.0025538815225608015 0.00010612929471044287 0.00010506475368126487 2.568591052153979e-6 2.5471675922409094e-6 1.6258991278544182e-7 1.6243825382498246e-7 7.039737607055477e-8 6.966121425812534e-8 5.53383514261087e-9 
2.6  0.499962973153998 0.494706550158923 0.0025742185174596355 0.0025471655532893623 0.00010241431032536266 0.00010133622051866299 2.4636538668845467e-6 2.4345851371687685e-6 1.5117067787668595e-7 1.4842361354574174e-7 6.984545889611342e-8 6.912436681710542e-8 5.2823662969740905e-9 
2.7  0.5000456140552563 0.4946423620728237 0.0025688508582407095 0.0025411008734351447 9.901052354782684e-5 9.794226274052918e-5 2.360927211631785e-6 2.3382164142338386e-6 1.389225212286348e-7 1.3855186005715858e-7 6.933351878183996e-8 6.857504968984941e-8 4.827381124031309e-9 
2.8  0.5001208434040021 0.4945842702017458 0.0025638157062693955 0.0025354385204653827 9.588882587255292e-5 9.482737638907939e-5 2.2723238442427054e-6 2.2440452881362177e-6 1.3030691235127743e-7 1.277809274610173e-7 6.884291862774979e-8 6.809896437194272e-8 4.566401226487561e-9 
2.9  0.500167726549798 0.49455335134157236 0.002558967396894502 0.0025302528020406992 9.300784238571365e-5 9.196472514743363e-5 2.1876280997135922e-6 2.1603772811830165e-6 1.2171353993347943e-7 1.193340582676436e-7 6.839222280406019e-8 6.763715775304502e-8 4.259801863007835e-9 
3.0  0.5001550683573528 0.49458095685214276 0.0025541084792533282 0.002525646301401465 9.03344205771942e-5 8.932824145281696e-5 2.106588717084156e-6 2.0857641739989597e-6 1.1320527149575644e-7 1.1263293038910893e-7 6.797303451102645e-8 6.721133028252691e-8 3.972362705971748e-9 
3.1  0.5001590749218592 0.49459094382722024 0.002549615621057705 0.0025212272752827814 8.785880714437122e-5 8.688098546375661e-5 2.0340710658047627e-6 2.0140933297361574e-6 1.0623969509793424e-7 1.0607501714782632e-7 6.757298035629865e-8 6.68130179422359e-8 3.6968669944784653e-9 
3.2  0.5001589257011249 0.4946043116296916 0.0025453222078322944 0.0025170549351385507 8.555038991627874e-5 8.460059987522673e-5 1.962406865500389e-6 1.940623421623715e-6 9.947407504240136e-8 9.844360581596178e-8 6.716677797931601e-8 6.642167539622778e-8 
3.3  0.5002041371812841 0.4945714932571151 0.002541501104657729 0.002512890211703071 8.34094495271502e-5 8.247042656391374e-5 1.8999635077255401e-6 1.8785723161941015e-6 9.400258084683723e-8 9.296762064555364e-8 6.681350567989382e-8 6.604961767730092e-8 
3.4  0.5002176452101811 0.4945696802783472 0.002537732752565182 0.002509081720861025 8.140335885322809e-5 8.048433328231678e-5 1.8418748912746229e-6 1.8210805769305066e-6 8.909302930536104e-8 8.809766653503164e-8 6.647804108321667e-8 6.572170434932102e-8 
3.5  0.5002313082075308 0.49456707886118323 0.002534152493566301 0.0025054595008005276 7.95235120075136e-5 7.86231132006133e-5 1.7873965582911661e-6 1.7671580254218826e-6 8.456342921979458e-8 8.362016443642073e-8 6.616457333806986e-8 6.540896063337106e-8 
3.6  0.5002425191657345 0.49456635008068944 0.0025307340937277684 0.002502020173893276 7.775749116268536e-5 7.687525914194767e-5 1.7362651489943205e-6 1.7165651044830625e-6 8.041686706752022e-8 7.951771233619397e-8 6.586219153678224e-8 6.510862553338506e-8 
3.7  0.5002547718601252 0.4945640439159339 0.0025274840648448053 0.0024987340976810584 7.609578127242665e-5 7.523023412581643e-5 1.6882267185286628e-6 1.6690297850994681e-6 7.662870082360271e-8 7.575530749431093e-8 6.557951739167646e-8 6.482598775842187e-8 
3.8  0.5002531869177727 0.49457508687270424 0.0025243141547459636 0.002495661992333058 7.452661874606106e-5 7.368072075586185e-5 1.6430303748364108e-6 1.6243844080124197e-6 7.312931960425471e-8 7.23211785186476e-8 6.529948095653608e-8 6.455818039496733e-8 
3.9  0.5002590206197575 0.4945782582666423 0.002521319963614966 0.0024926887975302765 7.304536560244547e-5 7.221590842044736e-5 1.6004232615072605e-6 1.582253178027575e-6 6.991245797711589e-8 6.914941603635185e-8 6.503934126900674e-8 6.430077677302737e-8 
4.0  0.5002611211633706 0.4945846982653032 0.002518457989007076 0.002489880973997715 7.164472735072645e-5 7.083179634891311e-5 1.560362494919271e-6 1.5426630499721734e-6 6.696509721569059e-8 6.623622955945025e-8 6.479655105250604e-8 6.40611980590562e-8 
4.1  0.5002668190993734 0.49458720169440146 0.0025157117540458335 0.0024871501016275 7.031616303738856e-5 6.95178575949586e-5 1.5222510516573512e-6 1.5049737269677967e-6 6.455684191593011e-8 6.421890927249201e-8 6.38237823811214e-8 6.350560740448868e-8 
4.2  0.5002703993369487 0.4945914597444646 0.0025130685780854743 0.0024845405635774546 6.90547721750135e-5 6.82708819867212e-5 1.486209885374755e-6 1.4693417767113033e-6 6.433201410175406e-8 6.360153506589531e-8 6.165025009938803e-8 6.098730094341318e-8 
4.3  0.5002744123506736 0.4945949501881658 0.0025105324014378016 0.0024820306150748965 6.785588492979862e-5 6.708553291505586e-5 1.4520406351743771e-6 1.4355588338581694e-6 6.412230667935511e-8 6.339420648359423e-8 5.9269349980309394e-8 5.8641471920684206e-8 
4.4  0.5002771361023512 0.49459941449079814 0.0025080898632864044 0.0024796245992446575 6.67143380469179e-5 6.595717138252576e-5 1.4194780340489874e-6 1.4033699123247926e-6 6.390847994111177e-8 6.318297151898159e-8 5.7058018356337516e-8 5.6437473042827726e-8 
4.5  0.5002810972185512 0.4946023522863163 0.002505744409306445 0.002477301122540754 6.562636975197663e-5 6.488143991765393e-5 1.3884460591222891e-6 1.3726910287979606e-6 6.369879227652532e-8 6.297555773301875e-8 5.497944241194251e-8 5.4362736513017545e-8 
4.6  0.5002841925015878 0.49460588867018446 0.0025034764946018522 0.0024750643555982465 6.458816900766354e-5 6.38551461923755e-5 1.3591050248245032e-6 1.3436810701728901e-6 6.356781777021765e-8 6.280065115789714e-8 5.304877030339975e-8 5.245949386592209e-8 
4.7  0.5002884224251295 0.4946080250499819 0.002501302504043315 0.002472904789485108 6.359631869673436e-5 6.28742750151988e-5 1.3309524473220875e-6 1.315842989223216e-6 6.337306256167821e-8 6.261007961508792e-8 5.12159150241823e-8 5.0643153875451496e-8 
4.8  0.500290050622377 0.4946125194149748 0.0024991940266708376 0.0024708345837140453 6.26473892698092e-5 6.193649299248136e-5 1.3041023593303493e-6 1.2893063115683166e-6 6.319258515576653e-8 6.242879875608419e-8 4.9498143883411543e-8 4.894180302277857e-8 
4.9  0.5002934956932931 0.49461497264402976 0.0024971668329031005 0.0024688243632183613 6.173913377774462e-5 6.10383677763372e-5 1.2784875892224447e-6 1.2639751678338625e-6 6.301694208488492e-8 6.225558597868232e-8 4.788473206873548e-8 4.734498557366888e-8 
5.0  0.5002960202357101 0.49461813052963366 0.002495204439075168 0.0024668877608911553 6.0868475348714296e-5 6.0177683253363145e-5 1.2539806657927617e-6 1.2397475519153394e-6 6.285319498176208e-8 6.209012612480008e-8 4.63632999038169e-8 4.5841250937016394e-8 
