#mmax= 10
#m-states: all states (FBR)
#Nr. of sites: 9

0.0  -0.0  0.0
0.1  -4.414673326985982  0.4402103534857446
0.2  -19.482809554958838  0.7070694791584871
0.3  -22.69106994587499  0.3685248122566365
0.4  -78.78965962802383  0.999999999999996
0.41  -42.78965963607607  0.9999999919469451
0.42  -45.88374736763943  0.48848441654703306
0.43  -40.825635992195274  0.9649830827614618
0.44  -44.934737567884746  0.8729727985213146
0.45  -74.78965962802397  0.9999999999998526
0.46  -112.78965962802381  0.9999999999999994
0.47  -108.78965962802381  1.0000000000000007
0.48  -74.78965962802495  0.9999999999988635
0.49  -46.45675454944998  0.42361950515099517
0.5  -112.78965962802381  0.9999999999999994
0.51  -76.78965962802403  0.9999999999997858
0.52  -78.80785413830493  0.9821329018790499
0.53  -76.78965962802442  0.9999999999993924
0.54  -77.61776864248519  0.6234686890735752
0.55  -78.81024076697118  0.9797944755143284
0.56  -112.78965962802381  0.9999999999999989
0.57  -76.93473756698478  0.8729727993070662
0.58  -75.61791518685877  0.6233773236564198
0.59  -75.0292043942476  0.8012482159369141
0.6  -75.93911240193904  0.5503715120821367
0.7  -112.78965962802381  0.9999999999999989
0.8  -111.02920439424571  0.8012482159384272
0.9  -115.50217319124128  0.6936244130089273
1.0  -153.04351565010975  0.7899890369855544
1.1  -152.78965962802383  0.9999999999999996
1.2  -162.78965963008497  0.9999999979386403
1.3  -157.24580036659626  0.6566903705931961
1.4  -210.78965962802383  1.0000000000000004
1.5  -208.80780955594162  0.9821766921887761
1.6  -212.9165876390668  0.8888148448219261
1.7  -161.0292450465331  0.8012156397648698
1.8  -208.79213531316154  0.9975301940623588
1.9  -210.91659305085642  0.8888100341635087
2.0  -260.7896596280238  1.0000000000000004
2.1  -270.7896596280238  1.0000000000000009
2.2  -206.7897504237613  0.9999092013650316
2.3  -252.78965962802383  1.0
2.4  -270.7899950343967  0.9996646725798842
2.5  -270.7896596280238  1.0000000000000007
2.6  -334.7899950343967  0.9996646725798839
2.7  -314.7896596280238  1.0000000000000002
2.8  -272.789659740559  0.999999887453589
2.9  -256.7896596280238  0.999999999999999
3.0  -262.79213531316157  0.9975301940623587
3.1  -272.91658763931247  0.8888148446035217
3.2  -262.78999514689417  0.9996645601089356
3.3  -262.78970502692306  0.9999545986215863
3.4  -328.7896596280238  1.0000000000000004
3.5  -342.7896596280238  0.9999999999999992
3.6  -272.78970585869257  0.9999537668072952
3.7  -265.4920891448521  0.7005959812517373
3.8  -408.7896596280238  Inf
3.9  -336.7921353134398  0.9975301937847612
4.0  -336.79218059980894  0.9974850167748434
4.1  -270.91877009919426  0.8868795874345464
4.2  -296.78965962806154  0.9999999999622442
4.3  -412.7896596280238  Inf
4.4  -320.9165876390668  0.888814844821927
4.5  -332.7896596280238  1.0
4.6  -394.7896596280238  Inf
4.7  -340.8081389306185  0.9818532630245462
4.8  -338.79004042013213  0.9996192995828714
4.9  -332.91658763906685  0.8888148448218522
5.0  -338.7896604768862  0.9999991510534574
