#mmax= 10
#m-states: all states (FBR)
#Nr. of sites: 9
 
0.0  1.0 
0.1  0.9968287999079342 0.0025556188266855906 0.0006153246854925654 1.5700393810466729e-7 9.957595027913969e-8 
0.2  0.9866753158710277 0.010979024048641881 0.002339883928571065 2.7762440301232865e-6 1.7037364143952152e-6 1.2961713152628786e-6 
0.3  0.9668022176892581 0.028379025744317263 0.0047691286635799645 2.1594110386793426e-5 1.740472626319305e-5 1.0141328468389625e-5 2.056171506072901e-7 1.7137945333238025e-7 1.1074112247755259e-7 
0.4  0.9285183269431557 0.06408910876143094 0.007084673817985834 0.0001734932504214946 8.25482647272211e-5 4.6761069145095535e-5 2.433594854335125e-6 1.948390141125997e-6 4.546846023968111e-7 1.7209860921096245e-7 3.271774239120459e-8 2.4929014341681218e-8 2.1478170271448182e-8 
0.41  0.9229617562508327 0.06941407543815388 0.00726222879163101 0.00020535763060039144 9.595261772732598e-5 5.4542084627019856e-5 2.932352787919881e-6 2.342197037866547e-6 5.038678616156676e-7 2.131898656367465e-7 4.0797684169833346e-8 3.0188669370471e-8 2.459252150095413e-8 
0.42  0.916969500289097 0.07518296929635322 0.0074237913681765655 0.00024139140161167272 0.00011144168676415709 6.368567648458153e-5 3.4976200103126222e-6 2.7860965716448604e-6 5.585358880232104e-7 2.6285905309234175e-7 5.064197132386125e-8 3.640965219557231e-8 2.811836742937185e-8 
0.43  0.9105202591720754 0.08141832436692567 0.007568099343288605 0.00028122602138341943 0.0001292170980922704 7.440018551323926e-5 4.123068722673267e-6 3.2754147839401646e-6 6.1609633049765e-7 3.217464556218469e-7 6.238010650253186e-8 4.3309822012204995e-8 3.1796500723079485e-8 
0.44  0.9035772113892515 0.0881582702210457 0.007693254991557495 0.0003248782477756907 0.0001495569512318558 8.695655171705128e-5 4.812029752486331e-6 3.807937318007954e-6 6.854704231792269e-7 3.9380991864899095e-7 7.657749956808853e-8 5.187216661941783e-8 3.588053183044993e-8 8.069810388273887e-9 
0.45  0.8961178379228825 0.09542646453895116 0.007798307050491671 0.00037177171591477485 0.0001726441746816791 0.0001016226092660258 5.545092401862865e-6 4.376454198795032e-6 7.527130498703853e-7 4.75540306017738e-7 9.282845434713273e-8 6.021847974550647e-8 4.002050734713498e-8 9.120414352118546e-9 
0.46  0.888152104455551 0.10321494441071405 0.007882671560761762 0.0004203342206992272 0.0001984644385119778 0.00011859354549182958 6.298925615196026e-6 4.9647749479248865e-6 8.25810790495928e-7 5.65033213693784e-7 1.1109558959518318e-7 6.729084195486335e-8 4.429135264093152e-8 1.0145918716243818e-8 
0.47  0.8795576601253486 0.11164515580886204 0.007943442041078781 0.0004729307173480586 0.0002277515342273574 0.00013849313424087395 7.1180783630133036e-6 5.589066122901802e-6 9.055835621162612e-7 6.833876041336116e-7 1.315657973119483e-7 7.882361052372327e-8 4.8641321243926263e-8 1.1492513013726684e-8 
0.48  0.8704226685265706 0.12063285714750656 0.007981291314629598 0.0005256366181002891 0.0002599554767507953 0.00016135048161151664 7.923156249595746e-6 6.226267340230901e-6 9.861330919086163e-7 8.040643564266639e-7 1.5791065071993167e-7 8.475993082948713e-8 5.324507947641296e-8 4.898131271340225e-9 
0.49  0.8607146177480243 0.13021018415208208 0.007995730678047359 0.0005786008251699067 0.00029527850618811595 0.00018755358973115098 8.764946596807779e-6 6.850460676291569e-6 1.0945768611566682e-6 9.625530768960359e-7 1.827174555070667e-7 1.0221483192485573e-7 5.8121833761958294e-8 1.408245027250603e-8 4.8269748729644655e-9 
0.5  0.8504420112419098 0.14037066437137521 0.007986426771508152 0.0006303068581158548 0.00033341112866399784 0.0002173907949762446 9.563305989423395e-6 7.469090645782028e-6 1.208479382663644e-6 1.13283603019745e-6 2.0978233537691353e-7 1.0764342483235397e-7 6.278842866382755e-8 1.5322085545438698e-8 1.3562815650859322e-8 6.022312204279595e-9 
0.51  0.8396365256463272 0.15108370891714523 0.0079534574467693 0.000679647172311162 0.000374083422338047 0.00025106723304491073 1.033851776366596e-5 8.057950448395539e-6 1.3296812368621716e-6 1.324068619229946e-6 2.3173677505509005e-7 1.221861146409713e-7 6.714673358169916e-8 1.6457560678528636e-8 1.6321162679848185e-8 6.095648470607754e-9 
0.52  0.8283134617254935 0.16233408836540156 0.007897775753181588 0.0007257888492374608 0.00041687682995112757 0.0002888348681199656 1.1061502014763931e-5 8.613828356905422e-6 1.53861639674171e-6 1.4627236669284257e-6 2.4962259099732746e-7 1.330767665807152e-7 7.067040569066226e-8 1.874499206499801e-8 1.741947235194084e-8 7.40395298966503e-9 
0.53  0.8165639844119068 0.1740315445086448 0.007821173228438524 0.0007669282243015216 0.0004609628383226582 0.0003306433116605957 1.171256736128551e-5 9.130015998109806e-6 1.7701948092802882e-6 1.6180925051434984e-6 2.7193301589817765e-7 1.3817570136473766e-7 7.490075210768788e-8 2.1262349361860142e-8 1.8511178012704068e-8 7.823055475860295e-9 
0.54  0.8044165680670348 0.18614741456839734 0.007724223758838609 0.000802984267465742 0.0005058191576953173 0.00037667041322021364 1.2304489378441562e-5 9.619322590035797e-6 2.024966061097458e-6 1.7876882082349907e-6 3.002098871360906e-7 1.432280726737649e-7 7.937499649512746e-8 2.382153035741266e-8 1.958458707959017e-8 8.604564140957635e-9 8.47747221893698e-9 
0.55  0.791966098033137 0.19858689736162083 0.0076092234872209554 0.0008328356760771031 0.0005505126726477269 0.0004267143864420984 1.2798523798073353e-5 1.0037500970808573e-5 2.2981677578615165e-6 1.9730092293820003e-6 3.1668945378940907e-7 1.465954444353904e-7 8.295301531985399e-8 2.6466436273805955e-8 2.036146734733661e-8 9.205920031915084e-9 8.909361853340092e-9 
0.56  0.7792978597477442 0.21126384256581132 0.0074784270192857745 0.0008561028414378368 0.0005941786688566393 0.00048059579327615223 1.320251683253467e-5 1.0397760296870516e-5 2.5865436378007917e-6 2.174033117576106e-6 3.297211512245274e-7 1.4733711089829469e-7 8.614620720954738e-8 2.9072330332637756e-8 2.0959114422937625e-8 9.751475266331205e-9 9.522314529851147e-9 
0.57  0.766487750536343 0.22410119317897334 0.007333861399275441 0.0008728649900047469 0.000636066525361539 0.0005381202136990068 1.351481359201393e-5 1.0700643882359798e-5 2.888707490754524e-6 2.3903918151876543e-6 3.39469853756887e-7 1.4672665107815186e-7 8.905304138351865e-8 3.1612919796306305e-8 2.1418645168519154e-8 1.024676904835864e-8 1.0071682833942498e-8 
0.58  0.7536593830072215 0.23697398971422523 0.007178674296467004 0.0008828254626595289 0.0006752128698187308 0.0005987508792658755 1.3739742420291668e-5 1.0943375776756144e-5 3.200896254503294e-6 2.6198427843824007e-6 3.4594260716368204e-7 1.44388716103766e-7 9.16099527809939e-8 3.468357302827601e-8 2.1947165229541317e-8 1.069329579481013e-8 1.0647797335821368e-8 
0.59  0.7408892846277682 0.24980394523142696 0.00701496439457288 0.0008866799598073081 0.0007109284654485927 0.0006621740946921517 1.3852667085996585e-5 1.1132591121305594e-5 3.512751585964929e-6 2.8605302543427055e-6 3.49533278013184e-7 1.410724685533853e-7 9.386448882726759e-8 3.607809862262122e-8 2.1879398080401547e-8 1.11384035063196e-8 1.1120101175884271e-8 
0.6  0.7282548288191032 0.2625116451663848 0.006845081901462465 0.0008848807629114654 0.0007428379255623933 0.0007279410707928445 1.3904417415250488e-5 1.1268297801465541e-5 3.832635169028702e-6 3.1105702762662585e-6 3.5051938248028285e-7 1.3799224796259112e-7 9.586933260778978e-8 3.880835127019698e-8 2.2212376018241762e-8 1.155358651567442e-8 1.1477843949091649e-8 
0.7  0.6230225402470363 0.36880990921354684 0.005214213281583274 0.0014027090364205205 0.0008213527047812981 0.0006951583945693235 1.1203049885522568e-5 1.0732934029926055e-5 6.062843841756491e-6 5.548541169022937e-6 2.8661158391947917e-7 1.062991104805236e-7 7.77700622863065e-8 4.278595738310576e-8 1.9666504375662617e-8 1.4453577291909036e-8 1.2465351837609653e-8 9.700988730780178e-9 
0.8  0.563304441432725 0.4294362238516152 0.0041574144935856445 0.001913568987582358 0.0006644774106764964 0.0004940913218868642 9.203115684468257e-6 7.3774751161217805e-6 6.91882762220785e-6 5.833232630374577e-6 2.128203531723112e-7 1.0608338919670677e-7 4.0680663449936226e-8 3.225661876096886e-8 1.7938975974872283e-8 1.598073288236068e-8 1.3457546087632733e-8 1.0632595429692055e-8 
0.9  0.5329908469284721 0.4603033617702034 0.00357100883246059 0.0022274748643666123 0.0005078273020916465 0.00037474628392878773 7.951241371196344e-6 7.256505351224758e-6 4.704029094978578e-6 4.459266028256498e-6 1.656127619248576e-7 1.0100628064045564e-7 2.4614818358151213e-8 2.283439638159679e-8 1.6695254753533718e-8 1.611529948353735e-8 1.609781952681545e-8 
1.0  0.5174071353303594 0.4762210359446971 0.0032391939064040777 0.002409138773561984 0.0003976067988233928 0.0003052913692451783 7.047976800231475e-6 7.024968163468398e-6 3.137474093124051e-6 3.067330075577901e-6 1.3807020372103543e-7 9.775575872721447e-8 1.8636310941600737e-8 1.7596924916109967e-8 1.758087025038616e-8 1.717250479657497e-8 1.3315203876937282e-8 
1.1  0.5090570935226303 0.48478780439920033 0.0030404861089804074 0.0025121953758722427 0.00032367009724990954 0.0002612776984409419 6.612831985809138e-6 6.313811607430037e-6 2.1794255173900243e-6 2.0769507075479327e-6 1.203713902245434e-7 9.472353594212525e-8 1.788394646351527e-8 1.7546463960919256e-8 1.4582358388614181e-8 1.4437864015242556e-8 1.0232248952334781e-8 
1.2  0.50440163722714 0.4895954187141325 0.0029146872160308204 0.0025693488258489417 0.00027303307017003954 0.00023075589422188198 6.114817052592541e-6 5.741550269711224e-6 1.541774617369924e-6 1.4657992647273242e-6 1.0587548858147996e-7 9.169271457242863e-8 1.7699964858320616e-8 1.6906391946071472e-8 1.164303152197787e-8 1.1293660150531874e-8 
1.3  0.501707374930922 0.4924036807447073 0.0028306993121060076 0.0025998349404886953 0.00023700748418000343 0.00020806759678458164 5.626817912275695e-6 5.265334928704796e-6 1.1258367335224413e-6 1.0775262376408796e-6 9.841829428442545e-8 8.917961206471859e-8 1.6906869376049596e-8 1.6338154837789902e-8 9.474390168631703e-9 9.157677846496495e-9 
1.4  0.5001003634660939 0.4941003746224522 0.002772037845104268 0.002614614261795764 0.0002103738682933439 0.00019029880758222105 5.178289338897751e-6 4.859373446824696e-6 8.507360721029447e-7 8.222347874152221e-7 9.334917479274566e-8 8.709456026140446e-8 1.5874535544994894e-8 1.5328991732162162e-8 7.607713798447383e-9 7.24005755822906e-9 
1.5  0.49911993252596754 0.49515405047278277 0.0027293522115865 0.002620075483814463 0.00018996470516852358 0.00017584127771836427 4.773331491029883e-6 4.5073807356890235e-6 6.548470214207097e-7 6.387106129455204e-7 8.945058493945673e-8 8.52171888167009e-8 1.493044263542788e-8 1.4458501162401985e-8 4.9963836005183324e-9 
1.6  0.49850945996562596 0.4958258184837428 0.0026971147220698106 0.002620073067332139 0.00017385781966651747 0.00016381052138005961 4.4210305970472005e-6 4.197031798664906e-6 5.311180481275189e-7 5.156258524069833e-7 8.652798003668001e-8 8.354538125288979e-8 1.3761852581611784e-8 1.3382141812067598e-8 3.396530510469709e-9 
1.7  0.49812460665688607 0.49626314790999687 0.0026719261754315693 0.0026168634461012125 0.00016080861327464176 0.0001535628649956374 4.104072067136243e-6 3.9269206871937705e-6 4.3239350838609365e-7 4.2982945529910164e-7 8.410847401173444e-8 8.20300534834387e-8 1.2610473506566524e-8 1.2368594271038744e-8 
1.8  0.49788257021348964 0.4965507126364876 0.0026517179023296924 0.0026118416666741587 0.00015000418811152364 0.00014472539195012875 3.8294196895896915e-6 3.6861224296924843e-6 3.6423312248135603e-7 3.6244961078381155e-7 8.219999097827747e-8 8.071526816648963e-8 1.1553972239337949e-8 1.130687340551063e-8 
1.9  0.4977239618463436 0.49674941843860987 0.002635016841168857 0.0026058336675811853 0.00014089206123978122 0.00013701178482434828 3.5855898871366076e-6 3.471641587389106e-6 3.138899294514097e-7 3.1340298845193287e-7 8.043370892712852e-8 7.939548494363758e-8 1.0571200499319393e-8 1.0435444825125874e-8 
2.0  0.497646734656256 0.4968622546555798 0.0026209842845523815 0.0025993451925379624 0.00013309390567522325 0.00013021107223920917 3.370383019892194e-6 3.279453430299432e-6 2.7516435540969756e-7 2.747092644186548e-7 7.902214790695511e-8 7.826604832509609e-8 9.654524663757378e-9 9.58037010826225e-9 
2.1  0.4975984544986794 0.4969424609614151 0.0026089310550190124 0.00259271177596115 0.00012632801832106652 0.00012416747124647007 3.179165592418325e-6 3.106574200781231e-6 2.4427170631968786e-7 2.434719267550208e-7 7.779353911654802e-8 7.723717996767887e-8 8.900582433418493e-9 8.80462975647958e-9 
2.2  0.4975768285208114 0.4969929092211872 0.0025984274713049386 0.0025861171494874174 0.00012039248908910126 0.00011875975695778929 3.008445170586595e-6 2.9504409165903438e-6 2.1910782388102681e-7 2.1815253933883828e-7 7.672161917633496e-8 7.630693112199633e-8 8.158013405382819e-9 8.058148443248332e-9 
2.3  0.49755518616070815 0.4970407390435368 0.002589126196080163 0.002579695271780908 0.00011513524988894759 0.00011389229060609514 2.8554028981185676e-6 2.808983747870954e-6 1.9810597452885524e-7 1.9712403847048603e-7 7.575405507380326e-8 7.54425979532633e-8 7.505234296060988e-9 7.468852429561221e-9 
2.4  0.49755532747484355 0.4970645266450903 0.0025808284241394435 0.002573468392042179 0.00011044080272838128 0.00010948707301929923 2.7175362770886424e-6 2.6802960500601544e-6 1.8046917106123078e-7 1.795250422460848e-7 7.489232561498046e-8 7.465385506318694e-8 6.919129208914318e-9 6.896286068620979e-9 
2.5  0.49755969268380396 0.49708221354958404 0.002573322269621257 0.0025674676333913753 0.0001062143944989294 0.00010547104785502804 2.5787961331715983e-6 2.559149859413051e-6 1.64678552462184e-7 1.6222880930445732e-7 7.407080404731827e-8 7.38869914838578e-8 5.610095525432954e-9 
2.6  0.49757056965705954 0.49709158359419137 0.0025665299866901303 0.002561737624177815 0.00010239386348640493 0.00010181380055005985 2.466513195990191e-6 2.452040106439233e-6 1.5169833925014826e-7 1.495029539001218e-7 7.336553504664365e-8 7.32163574761472e-8 5.13735742319605e-9 
2.7  0.49757697741683093 0.4971039168932671 0.002560298870023205 0.002556282587614685 9.891721431856008e-5 9.846014877936374e-5 2.3634081771585053e-6 2.354446159462043e-6 1.405814538298586e-7 1.383344924787781e-7 7.271227168227278e-8 7.259132164997492e-8 4.795289564529901e-9 
2.8  0.49758773540892326 0.4971105807927371 0.0025545649252656987 0.002551066090982506 9.573712861150873e-5 9.537418092324463e-5 2.2699983596476646e-6 2.2635316156094275e-6 1.3077009982437213e-7 1.2859995109952588e-7 7.211421000648392e-8 7.201848880015286e-8 4.439831967285208e-9 
2.9  0.49759463843212076 0.4971198923952392 0.002549248008670655 0.0025461266751875323 9.281449877674303e-5 9.252643657904401e-5 2.1873104348405546e-6 2.1766987942918726e-6 1.218104652281387e-7 1.2038922362826506e-7 7.157717633464598e-8 7.149652417436785e-8 4.270807793187523e-9 
3.0  0.4976022862419027 0.49712740415899687 0.0025442987678413248 0.002541421101484545 9.012141531082471e-5 8.988789801839931e-5 2.1081614702556606e-6 2.099166520244702e-6 1.142151983991779e-7 1.1278712112194707e-7 7.106751374623242e-8 7.099483038774238e-8 4.023791830315176e-9 
3.1  0.4976092538551482 0.49713464727194945 0.002539665845001658 0.002536947156701209 8.762793143724695e-5 8.743786483156287e-5 2.035568876935792e-6 2.0263832304311268e-6 1.0715923841892773e-7 1.0614035862923571e-7 7.058535923107155e-8 7.049798031738353e-8 3.7398863953569724e-9 
3.2  0.49761630516204336 0.49714094516770463 0.0025353162872968414 0.002532699657919135 8.531316785890026e-5 8.515259895867773e-5 1.967077007362673e-6 1.956476481248013e-6 1.011600553497249e-7 9.944748341034816e-8 7.014370632375205e-8 7.005723890160587e-8 3.596246968084582e-9 
3.3  0.49762259750695065 0.49714726490016814 0.0025311927976514243 0.0025286529485975765 8.3154261650121e-5 8.301933584927084e-5 1.8984991863211436e-6 1.8925582917748317e-6 9.408132671116758e-8 9.379471788335156e-8 6.96926604905747e-8 6.96229496046398e-8 
3.4  0.4976290676437466 0.49715263650322034 0.0025273186115196133 0.0025248192384212872 8.114224205244626e-5 8.102506930449337e-5 1.8396494820518124e-6 1.8346684305915875e-6 8.905926469399178e-8 8.88132800430097e-8 6.928615850177502e-8 6.921511870034707e-8 
3.5  0.49763311946609107 0.4971597976272926 0.002523624392224132 0.002521174617114888 7.92575781362963e-5 7.915429723657451e-5 1.7847886895381096e-6 1.7806104222616242e-6 8.451891067397242e-8 8.431069015817858e-8 6.892983132421517e-8 6.88633599984061e-8 
3.6  0.49763849602705534 0.49716504335364037 0.002520122558083501 0.0025176916338960397 7.748958052846833e-5 7.739624878231002e-5 1.7332807721376904e-6 1.7297205942604094e-6 8.037731125086725e-8 8.01805265536192e-8 6.855431396253794e-8 6.848449654231128e-8 
3.7  0.49764225346529795 0.49717134765223836 0.0025167884640643736 0.002514385759020406 7.5826853113685e-5 7.574140501662704e-5 1.685028721141296e-6 1.6819689870782809e-6 7.657264113905461e-8 7.641428351602774e-8 6.824370313900453e-8 6.817291275884825e-8 
3.8  0.4976470326041591 0.49717614356572787 0.0025136093374118983 0.0025112155810735615 7.425986876848981e-5 7.418002322436338e-5 1.6398854827811514e-6 1.6372162173704376e-6 7.313669367130173e-8 7.299525940278402e-8 6.792531720250646e-8 6.786066410116766e-8 
3.9  0.497651479390673 0.49718081083979293 0.002510571768781915 0.0025081871586250045 7.27801844196189e-5 7.270470230892017e-5 1.5968191489957638e-6 1.5944650568194574e-6 6.982353044707763e-8 6.969329785397234e-8 6.760930313905682e-8 6.754506195857543e-8 
4.0  0.49765580322937186 0.49718517535058054 0.0025076659461060625 0.002505287665973663 7.13802525361788e-5 7.130813836952198e-5 1.556631578160708e-6 1.5545270569303158e-6 6.732639263870654e-8 6.726255902492343e-8 6.689528969573188e-8 6.677418522922388e-8 
4.1  0.4976600662497832 0.49718920740895844 0.00250488288947467 0.002502508174949175 7.00538219778248e-5 6.998433191807511e-5 1.5184279729505035e-6 1.5165190907095186e-6 6.704198877469702e-8 6.697767331707054e-8 6.412960238489314e-8 6.402661003107407e-8 
4.2  0.49766280119796746 0.4971944016210031 0.002502206464091132 0.0024998485214079084 6.879492913222461e-5 6.872794604947856e-5 1.4822888872878915e-6 1.4805414597178143e-6 6.67732665198725e-8 6.671155099982273e-8 6.155566863214476e-8 6.144951574236254e-8 
4.3  0.49766660663170875 0.49719818114099656 0.0024996467340158697 0.0024972881161836238 6.759856690010104e-5 6.753322709855657e-5 1.4479954616388779e-6 1.446363971119605e-6 6.653260105227147e-8 6.644726009949937e-8 5.9162294882759664e-8 5.9081507422994626e-8 
4.4  0.4976693180442323 0.49720273710680063 0.002497176299613861 0.002494837012098139 6.645948631418042e-5 6.639620474869707e-5 1.415512605525121e-6 1.4139993389460226e-6 6.627231141629716e-8 6.623491051137666e-8 5.69591013249646e-8 5.686792514076566e-8 
4.5  0.4976734959632852 0.4972055293266108 0.0024948144714155413 0.002492464352365597 6.537445383510814e-5 6.531209031343361e-5 1.3845469885118538e-6 1.3830985108491194e-6 6.605963015672974e-8 6.597329536658103e-8 5.487201837322408e-8 5.479172944744828e-8 
4.6  0.4976769753974534 0.49720874067270243 0.0024925335592789243 0.002490187426913165 6.433889908819093e-5 6.427781688351523e-5 1.3551094643652834e-6 1.3537318211057722e-6 6.583212917214843e-8 6.57687163888547e-8 5.292789737842364e-8 5.28576517697018e-8 
4.7  0.49767976300197936 0.4972123907798623 0.002490329961727197 0.002487991118553631 6.334944815144212e-5 6.328959091004663e-5 1.32706159308829e-6 1.3257411805761676e-6 6.560183120274102e-8 6.554151180524941e-8 5.110858928275478e-8 5.1044110007770726e-8 
4.8  0.49768271924543944 0.497215623064312 0.002488208446657597 0.002485872835965386 6.240325943884459e-5 6.234442428053509e-5 1.3002713428333708e-6 1.2989963548301483e-6 6.539577199518239e-8 6.533456113232726e-8 4.9392980700807e-8 4.9332895187459573e-8 
4.9  0.4976857130002832 0.49721858713269484 0.0024861614163911557 0.002483827606233605 6.149738378785273e-5 6.143947052130674e-5 1.274690503345239e-6 1.2734541508835067e-6 6.519979180046698e-8 6.513851777778513e-8 4.778174178648437e-8 4.7725383607109997e-8 
5.0  0.49768858133523775 0.4972214609215311 0.0024841832360035583 0.0024818515131073676 6.0629174730124844e-5 6.057213850903978e-5 1.250225734649455e-6 1.2490235648651137e-6 6.50096747523882e-8 6.494862758247167e-8 4.626335963516747e-8 4.620991928276829e-8 
