#mmax= 10
#m-states: all states (FBR)
#Nr. of sites: 43
 
0.0  1.0 
0.1  0.9968288473613968 0.002555573947047462 0.000615321963153876 1.5715500717666583e-7 9.95733932423238e-8 
0.2  0.9866747131505412 0.01097970750395302 0.002339801121150933 2.7758736618421664e-6 1.7039440810447609e-6 1.2984066128834877e-6 
0.3  0.9667268629569311 0.028454391927252534 0.004766755043084132 2.3697271217560085e-5 1.7555675595138424e-5 1.0198267785454851e-5 2.3317092573590843e-7 1.8503432068239964e-7 1.099878320996393e-7 1.066505425697079e-8 
0.4  0.9254253006658791 0.0670680387213343 0.0070109870327686105 0.00033319507530130235 9.897771109635607e-5 5.3415209524158985e-5 5.147400583148187e-6 3.0980071713068513e-6 1.2579828032051317e-6 4.5182457791023205e-7 6.450636365263578e-8 4.127541453678691e-8 2.4587184455223285e-8 
0.41  0.9185030966006651 0.0736843858380885 0.007159751686231592 0.00045027061696801515 0.00012277957204292174 6.531289102183711e-5 7.263487214176691e-6 4.026108709835917e-6 2.408458534539386e-6 4.7582574346525255e-7 1.0131613556922146e-7 7.021067702639748e-8 5.332051799349941e-8 4.0674531451088395e-9 
0.42  0.9105181933631836 0.08132562080105997 0.007281145207900832 0.0006173435529516786 0.0001556371238458442 8.127887569143746e-5 1.0149966034964759e-5 5.243239372930347e-6 4.365539014667973e-6 5.730439538199991e-7 1.5463143406754507e-7 1.3769593482671942e-7 7.530414370492418e-8 5.43968776776777e-8 2.1520526812589708e-8 5.7380730824636e-9 
0.43  0.9011427501399012 0.09029709114753086 0.007368672795118918 0.0008562531332533854 0.00020277937113892714 0.00010324952862383289 1.4095534102956518e-5 7.004611219325905e-6 6.747818962982371e-6 6.566721340079056e-7 2.3749513499570918e-7 2.280021668539123e-7 1.0235657069277097e-7 8.561914918449703e-8 2.569877300387061e-8 1.2574763486575003e-8 7.50145834830496e-9 
0.44  0.8897824871322425 0.10113278713256559 0.0074125611721487265 0.0012196972364035103 0.00027526314227576315 0.0001350101034064527 1.984161978551915e-5 1.1755794126551226e-5 8.700625997928065e-6 7.582069374352488e-7 4.2805660509966963e-7 3.5002269373892167e-7 1.4420188382976444e-7 1.4356719755745505e-7 2.9642169538365505e-8 2.3499466223895104e-8 1.0593225102629829e-8 8.250871417130976e-9 
0.45  0.8754610757988603 0.11469448853608438 0.007398349387498946 0.0018006241117653574 0.0003960917356504906 0.00018343741034266238 2.8695601860625298e-5 2.285388179015438e-5 1.1230454368845658e-5 9.7248395637826e-7 9.129206803829382e-7 6.161408689902583e-7 2.7372219125954217e-7 1.9318239823954886e-7 6.548306808807303e-8 5.511047125974641e-8 3.399146463416389e-8 1.6744716519565355e-8 1.3301963356335897e-8 
0.46  0.8567123551362936 0.13233010083688979 0.007305316603263997 0.0026901747495672477 0.0006050351737046202 0.0002603872927322107 4.025059274721225e-5 3.720064617429752e-5 1.428603180537963e-5 1.673513359551279e-6 1.1874148685302265e-6 1.0112221455022161e-6 4.492435100664874e-7 2.5021955977724724e-7 1.2417776146711032e-7 1.108206249249987e-7 3.768321879777932e-8 2.583288275703965e-8 2.2808890170288963e-8 
0.47  0.8309572182562095 0.15640279514269137 0.007100610636225808 0.004027485634484383 0.000984011342353272 0.000388437530711598 5.8275918995170056e-5 5.536884191618015e-5 1.779515363934665e-5 2.8981642051338788e-6 1.7367469224828242e-6 1.7248771959548735e-6 7.008527593669377e-7 3.0335931269559863e-7 2.8828729699802185e-7 2.0488648236176854e-7 5.366668932177555e-8 4.1824351568125545e-8 4.143694763101552e-8 7.44061240755951e-9 
0.48  0.79486679939264 0.1901975917696238 0.006744120503003818 0.005752976377391901 0.0016452146914009203 0.0006018279505033962 8.386612895703015e-5 7.291123762840623e-5 2.1113124898721037e-5 5.015315773757884e-6 3.096013215358651e-6 2.7459018510152537e-6 9.827696052212112e-7 6.260627099973047e-7 4.352017330084835e-7 3.388839323436038e-7 1.096727682944645e-7 1.0775624002959262e-7 4.715811138590446e-8 4.012514032514917e-8 1.2313946308677568e-8 1.1361316084391338e-8 1.0287611375018725e-8 
0.49  0.7466764469463977 0.23602946588183885 0.00730104121438331 0.006217285535058272 0.0026147459600832155 0.0009302867044273646 0.00010030219287687939 8.750606737984029e-5 2.3001007176054095e-5 7.075252414565251e-6 4.889488625955502e-6 4.434190167215827e-6 1.127144798346433e-6 9.389025930222995e-7 5.927945760124265e-7 3.3891661324904676e-7 1.943017443872876e-7 1.520576837911361e-7 6.30596076293884e-8 5.6725210496139604e-8 1.7273786287391438e-8 1.512658991454908e-8 1.2084594323405797e-8 1.1171375094827673e-8 
0.5  0.6901960751909878 0.2910405078311504 0.007924984379714263 0.005570491307694969 0.0036619980878730774 0.0013593378621550472 0.00010321917562698281 9.498285365196942e-5 2.271112760724682e-5 8.52032093098001e-6 6.717329046427223e-6 6.631030365863858e-6 1.0834503597446846e-6 1.0576107031365062e-6 6.842639064840729e-7 3.2742702514029674e-7 2.7880920620994344e-7 1.7034150330709365e-7 7.92037878550675e-8 7.22726034638937e-8 1.947480747504754e-8 1.676253679560726e-8 1.513294183292884e-8 1.4028610332154935e-8 4.725203504279451e-9 
0.51  0.6347950958230097 0.3463347899737958 0.007506129587668875 0.004918487091542035 0.004390736898152121 0.0018158862633938482 9.541720761713903e-5 9.373447002182961e-5 2.080378743310168e-5 8.81579055678734e-6 8.760977237864475e-6 7.768967794416403e-6 9.567802520433442e-7 9.038075667601083e-7 6.878525501608423e-7 3.6217601055150597e-7 2.6847942627989284e-7 1.5046891065740695e-7 8.957821101297359e-8 8.512398410954469e-8 1.8171198971136768e-8 1.6341171786524697e-8 1.549990977806255e-8 1.328159232430685e-8 5.60099211581785e-9 
0.52  0.5898926477366784 0.39217797467543125 0.00653894697592155 0.00459112349091892 0.00437664463500825 0.0022075630410950033 8.524305507263094e-5 8.244979540795487e-5 1.8439583252144472e-5 1.0267997585990668e-5 8.035684888831073e-6 7.677871964790155e-6 7.492661879066029e-7 6.871861216473382e-7 5.993014656709022e-7 3.672981236699793e-7 2.286701586778298e-7 1.1187424708920718e-7 1.0379917413653859e-7 7.533036153338512e-8 1.58193906969858e-8 1.503003444078228e-8 1.4925614122631577e-8 1.128580994527579e-8 5.670089140818443e-9 
0.53  0.5572149208519757 0.42618856438384334 0.005524834829246332 0.004410654381553614 0.00396995673744306 0.002503900560416539 7.39319835839917e-5 6.971951989714773e-5 1.6358785153548268e-5 1.1116294651885027e-5 6.848385872765775e-6 6.837414018628423e-6 5.511032561952337e-7 5.04438008435638e-7 4.786769924705952e-7 3.348916939631663e-7 1.8671732043379812e-7 1.1270602302817633e-7 7.873121204849755e-8 6.082139863312775e-8 1.3533827681561142e-8 1.294227487353278e-8 1.1036509658601545e-8 1.0273827671889264e-8 
0.54  0.5352599708489785 0.4494786540355685 0.004660950406839885 0.0040473081275533285 0.00368528078038798 0.002706696030558899 6.280828471135791e-5 5.889816561686678e-5 1.4782547164572465e-5 1.1476336491145821e-5 5.7367480109787575e-6 5.598708378873883e-6 3.9734101062781086e-7 3.7135506935265673e-7 3.63559781252068e-7 2.882629647531025e-7 1.6035124919774355e-7 1.1583929046618718e-7 5.387079231799325e-8 4.505000590459944e-8 1.2569011054388472e-8 1.1128401459221214e-8 1.0551369891602458e-8 9.10079744735295e-9 
0.55  0.5210255549032723 0.4648924097268023 0.003974755666926109 0.0036399763519295364 0.0034902671061358193 0.0028376840120102774 5.330586380903103e-5 5.027501628576861e-5 1.3633631934539451e-5 1.1548381100835528e-5 4.64714094607536e-6 4.495023890184436e-6 2.886576929340375e-7 2.817268446157154e-7 2.718770584473269e-7 2.4552956286448405e-7 1.3705011795134948e-7 1.133006044075017e-7 3.725864873612671e-8 3.224243348662603e-8 1.195398230062769e-8 1.1099283836632989e-8 8.632325434125408e-9 7.846405871651225e-9 
0.56  0.5118353137993426 0.475078616499374 0.0034357491098575884 0.0033550826082702715 0.0032535611023599537 0.0029199331902251637 4.5630201011469624e-5 4.349627918063785e-5 1.2792174119937061e-5 1.1470352704555078e-5 3.685900892645428e-6 3.528905314457895e-6 2.2497343760910722e-7 2.1309736613457863e-7 2.1261774392104957e-7 1.9882467006299517e-7 1.147462489576993e-7 1.0513478770173632e-7 2.47433791326946e-8 1.6701471922866903e-8 1.1373631955410257e-8 1.0930479327793606e-8 6.734129991049827e-9 
0.57  0.505931259406015 0.48181375414467975 0.0032599879611331793 0.0030085342835745594 0.002969531233996556 0.0029092004552193802 3.958008500676003e-5 3.8113931006122394e-5 1.2164499404119833e-5 1.132536724586556e-5 2.85681250250224e-6 2.772772045636022e-6 1.9176608324705223e-7 1.9115728728326098e-7 1.5506028619839374e-7 1.5047485364024473e-7 9.451775868757703e-8 9.17359777692909e-8 1.204842048946151e-8 1.0889393365317664e-8 1.0798345348236708e-8 1.059976615661025e-8 
0.58  0.5021653121318924 0.4862733927959606 0.0031919418054208682 0.0029974052989833245 0.002664727416506916 0.0026103011696827737 3.4894525611279213e-5 3.39159056036079e-5 1.1686653755184548e-5 1.114901770044657e-5 2.2648811921158484e-6 2.2204225768949806e-6 1.768243026773663e-7 1.7377069654437186e-7 1.2150142408301648e-7 1.1945514532800263e-7 7.775765893628338e-8 7.734969780660911e-8 1.0581320700415925e-8 1.0485628171492387e-8 1.0298400019004806e-8 9.95083894840725e-9 
0.59  0.4997871182031781 0.48923512155185467 0.003142075717370933 0.0030110874402458584 0.002383239078521464 0.0023531154067994494 3.115492081445747e-5 3.051758770743046e-5 1.1310767724543325e-5 1.0963458329419283e-5 1.815279461094112e-6 1.7878223953854505e-6 1.6661601865824757e-7 1.6320353031869493e-7 9.822479225465861e-8 9.704971727501256e-8 6.446144078520395e-8 6.416304695382174e-8 1.0027915572882608e-8 9.908564136539171e-9 9.711170681762626e-9 9.399400097092955e-9 
0.6  0.4982868907931565 0.4912318286344247 0.003104360057620894 0.003015826031800191 0.002148549631089604 0.002131582497933611 2.8059435421938475e-5 2.7634249511034474e-5 1.1005037980886735e-5 1.0778908305124508e-5 1.449480210515674e-6 1.4173145095083159e-6 1.589551700836952e-7 1.5605598568100743e-7 8.063656891436643e-8 7.924409846560822e-8 5.366569129823671e-8 5.3127359159456826e-8 9.517451426539506e-9 9.433335620812859e-9 8.854378195759818e-9 8.437995435088554e-9 
0.7  0.4977256101126538 0.49432868963076576 0.0029554142922508984 0.0029351248264680007 0.0010079359623129708 0.0010009144571163572 1.3459238934172223e-5 1.3328620017246058e-5 9.421901739329584e-6 9.357547764473529e-6 2.0944881760928304e-7 1.9450038460142848e-7 1.2598568656779032e-7 1.24385815180869e-7 2.4881183288926136e-8 2.3191627768272512e-8 2.0586863728216122e-8 2.042959972514739e-8 
0.8  0.500540235679749 0.4924348953369656 0.0028983524822020234 0.0028514245213817927 0.0006262105539744104 0.0006160091960343488 8.536645731712329e-6 8.397778003686019e-6 7.837024980339086e-6 7.700575697475683e-6 1.1312636302698876e-7 1.1129881407970658e-7 5.301400019253463e-8 5.109440517975436e-8 1.940074506214001e-8 1.8998214067954344e-8 1.676739984802365e-8 1.6505339002920355e-8 
0.9  0.5003921179616115 0.4930434029188274 0.002845075449169544 0.0028032383482928655 0.0004487523806115235 0.00044210749343761126 7.754095232715066e-6 7.636432233639798e-6 4.843179733935303e-6 4.768708051503358e-6 1.0440473203963783e-7 9.921196585925935e-8 2.60201663655216e-8 2.322693835923805e-8 1.9187175277981663e-8 1.847172946547077e-8 1.2510092071081796e-8 
1.0  0.5076927596102496 0.4860184948422365 0.002845639860023256 0.0027239939949946406 0.0003569494371985749 0.0003416368649693654 7.171653174658013e-6 6.859999958529756e-6 3.1782806242055145e-6 3.03977106473835e-6 9.999254115880251e-8 9.220850165058664e-8 1.9277506647909782e-8 1.8585080742424553e-8 1.8407459318956806e-8 1.7307419770210614e-8 9.906997306415852e-9 
1.1  0.5067953734542799 0.4871020035558469 0.002807392020862015 0.002698269604398129 0.000295601738413502 0.0002841074175166682 6.53365935828967e-6 6.279324826146914e-6 2.139207731678245e-6 2.0555922479015825e-6 9.181127085902017e-8 8.819123009098987e-8 1.865250804661221e-8 1.76843141686156e-8 1.431665242786858e-8 1.3768543698211722e-8 
1.2  0.5073249106542781 0.48670819136912996 0.002782748842624572 0.0026696628886115755 0.00025496511277771464 0.00024460367523095706 5.988954563456046e-6 5.745544356736067e-6 1.5064776162763547e-6 1.4452580591735892e-6 8.857314584168718e-8 8.497171468774862e-8 1.7949931347455658e-8 1.7132130508949238e-8 1.1500326814576537e-8 1.109550387915266e-8 
1.3  0.5026682656779149 0.4914696282301259 0.002733989974800193 0.0026730913478621807 0.0002234182443312024 0.00021844398127201722 5.450974155207206e-6 5.329755260183279e-6 1.0930242281079556e-6 1.069075184492415e-6 8.512068466795068e-8 8.322012735462508e-8 1.681535916654313e-8 1.6411711593711435e-8 9.253057684488251e-9 8.893923245284982e-9 
1.4  0.5009208613442333 0.4933012065518829 0.0027045334526803757 0.00266339454652029 0.00020063087966738373 0.00019757910367018206 5.008266097826455e-6 4.932000131595404e-6 8.285091844118315e-7 8.158155899152217e-7 8.258511302569424e-8 8.133044403391426e-8 1.5746658001998735e-8 1.5478568464608656e-8 7.224811738905345e-9 7.164746711888513e-9 
1.5  0.501104375005628 0.4931874670534412 0.0026880511122787257 0.0026455815087414497 0.00018338741983479472 0.00018047343677018394 4.635597596293033e-6 4.5613363291028194e-6 6.461829220073196e-7 6.276955130030067e-7 8.069385923603012e-8 7.942054619502574e-8 1.4655390936061867e-8 1.4341754340728184e-8 4.539396162010989e-9 
1.6  0.49951547725906076 0.49483521300516514 0.002664199972896133 0.0026392444955263537 0.0001688409236773893 0.00016725814249607572 4.293496737932621e-6 4.253152765932158e-6 5.200508706458415e-7 5.122951464450818e-7 7.88293525296989e-8 7.809276743176006e-8 1.3510083490924848e-8 1.3374304550846187e-8 3.3991523398881282e-9 
1.7  0.4995518823787027 0.4948495337554389 0.0026506724954983257 0.002625856906355482 0.00015726593686379864 0.00015579393434902558 4.003608562744409e-6 3.966497164392393e-6 4.248662261560976e-7 4.209583780895703e-7 7.737984980341197e-8 7.668015474328237e-8 1.2359070428796248e-8 1.2243387488488247e-8 
1.8  0.4992005090562902 0.4952450423367407 0.002636673901247376 0.002615783803949432 0.00014740114220952242 0.00014623333675939265 3.746424639439984e-6 3.7167848579642485e-6 3.6089408505893173e-7 3.580416841382474e-7 7.613467038064509e-8 7.553270548978809e-8 1.1345247175191132e-8 1.1264913010922729e-8 
1.9  0.49888083627382196 0.495603729924306 0.002623950272919547 0.0026067139288505014 0.0001389389826885358 0.00013802631912549664 3.5178236877051326e-6 3.4947040518188646e-6 3.1178383328483895e-7 3.097345060932867e-7 7.498500212296262e-8 7.449288382125522e-8 1.0423466329252814e-8 1.0350858573255776e-8 
2.0  0.49907011236936255 0.49544919529011705 0.0026149189578648082 0.00259596582896023 0.00013171987964575812 0.0001307650607434543 3.3174203469601924e-6 3.293423995015135e-6 2.735713985766481e-7 2.715932975736828e-7 7.402921553467404e-8 7.349301747545593e-8 9.574241322593396e-9 9.507794668227527e-9 
2.1  0.49872376869111246 0.495826728970001 0.0026039809397690665 0.0025888520985939026 0.0001252488810514066 0.0001245212377787676 3.134783136833321e-6 3.116568400767813e-6 2.429313231761843e-7 2.4151930265015445e-7 7.312100616287662e-8 7.269593201405386e-8 8.806027053281436e-9 8.756566692637233e-9 
2.2  0.49877996692627313 0.4957987969912471 0.0025958596545727804 0.0025803525842637287 0.00011960783301079733 0.00011889328576275405 2.973067642092473e-6 2.9553300046890387e-6 2.1767527146269667e-7 2.163765320772582e-7 7.230249754809595e-8 7.186820700207669e-8 8.069140582648114e-9 8.035574486615698e-9 
2.3  0.4986799214556916 0.4959245189313463 0.0025876138197863624 0.002573319972002092 0.00011453562035484266 0.00011390299633699042 2.826285061817689e-6 2.8106993970289227e-6 1.9687661391861363e-7 1.9579042120064522e-7 7.156003666792146e-8 7.115959084629835e-8 7.4322249474112156e-9 7.401137334069386e-9 
2.4  0.49878255455741194 0.49584537775763193 0.0025809936568044907 0.002565799571040938 0.00011001813320368837 0.00010937077561596484 2.6942924934349454e-6 2.678485088667066e-6 1.7937831087018108e-7 1.7833156819961483e-7 7.090170964334855e-8 7.04777697688896e-8 6.8573264959658e-9 6.8240265672086686e-9 
2.5  0.4988414442888217 0.4958080920945185 0.002574649516470466 0.0025589977326473286 0.00010592348282985075 0.00010527959304848884 2.574118168275674e-6 2.558494682535892e-6 1.644520060733456e-7 1.6345820378025274e-7 7.028635410558943e-8 6.985289695374019e-8 6.329822627677257e-9 6.299533030330066e-9 
2.6  0.49888160766659606 0.4957879082698363 0.002568659391118342 0.0025527318042452823 0.00010219208128214257 0.0001015589143686391 2.4550461907758376e-6 2.443102196169874e-6 1.5002673259126325e-7 1.4951091335811748e-7 6.969992286775218e-8 6.924481363006001e-8 5.241784574163382e-9 
2.7  0.4988370253559744 0.49585094689437703 0.0025626478597200945 0.0025473073825925266 9.877276501656027e-5 9.818026022276281e-5 2.3555304614251555e-6 2.3436706892842177e-6 1.3894377964626377e-7 1.385780006773747e-7 6.917733765277293e-8 6.87300713532952e-8 4.85175969199935e-9 
2.8  0.49899291547209623 0.4957121888179322 0.0025580399398640635 0.0025412227828153435 9.567289701688868e-5 9.504402612976658e-5 2.26712211234579e-6 2.2493006760029774e-6 1.3003657573187046e-7 1.2812337081991014e-7 6.869125585136957e-8 6.824726751837594e-8 4.542889210304793e-9 
2.9  0.49909583814336633 0.49562524918813844 0.002553482818941329 0.0025357279567473244 9.280874664276749e-5 9.216358829926605e-5 2.180279859642302e-6 2.1678473769583303e-6 1.2074506730151222e-7 1.2038637442416505e-7 6.82663561623328e-8 6.777826417211653e-8 4.254568220377629e-9 
3.0  0.4991118264429054 0.49562419455740436 0.002548784251418555 0.002530974078008918 9.01463343145282e-5 8.951671987674621e-5 2.1020433550069683e-6 2.0904920957828757e-6 1.1315017692587061e-7 1.1273191353286011e-7 6.784231010980322e-8 6.735001568324627e-8 4.006206985891903e-9 
3.1  0.49912027553614 0.4956297484261331 0.002544314864556932 0.0025265228092587514 8.767612365106408e-5 8.706345948050356e-5 2.032736349871775e-6 2.0155692047586725e-6 1.0707861478130526e-7 1.0522837959783979e-7 6.742987113913298e-8 6.696764799574009e-8 3.770712024764509e-9 
3.2  0.4991540089205027 0.49560923040460164 0.0025401827257671705 0.0025221802885848966 8.538032703295417e-5 8.477740957065753e-5 1.9591502199466438e-6 1.9484663533348523e-6 9.942972105212333e-8 9.910764975857424e-8 6.711600110304722e-8 6.66539967237523e-8 
3.3  0.4992097856005544 0.49556578605870394 0.002536471598026974 0.0025179738699556637 8.324531461420022e-5 8.263843067773243e-5 1.8964730338969267e-6 1.8826388123331295e-6 9.389565113472452e-8 9.320382785392459e-8 6.673212728029212e-8 6.618401567195772e-8 
3.4  0.49936854445958334 0.49541877897982367 0.002533425878884583 0.0025133902619113653 8.126534197664632e-5 8.062263682781352e-5 1.8387863044721111e-6 1.824241831283579e-6 8.895255154558786e-8 8.824879693869194e-8 6.637197107486963e-8 6.583953825825645e-8 
3.5  0.499395503583195 0.4954028864339523 0.002529915458441666 0.0025096937205008234 7.939059805141931e-5 7.8756004678075e-5 1.7843750103036473e-6 1.7701127599835707e-6 8.441291955060311e-8 8.373160124356196e-8 6.604982241236117e-8 6.551906562362924e-8 
3.6  0.4994134445096181 0.4953954273121179 0.0025265372739367137 0.0025062145294616586 7.762862266363735e-5 7.700417199349205e-5 1.7333307047458968e-6 1.7193870759994536e-6 8.027794475809353e-8 7.961982546818274e-8 6.574814218280531e-8 6.521651368247401e-8 
3.7  0.499425086290753 0.4953937332924716 0.002523289082135296 0.0025029251216226803 7.5969624524619e-5 7.535649247346552e-5 1.6854596462341465e-6 1.671855236230207e-6 7.650173519376715e-8 7.587346794028832e-8 6.546852645150958e-8 6.493740624061491e-8 
3.8  0.4994381439667138 0.4953900853825804 0.0025202228047751375 0.0024997956172288405 7.440628847841626e-5 7.380315445767762e-5 1.6403973292076513e-6 1.6270917664866796e-6 7.303627944401587e-8 7.242224244224432e-8 6.518316895368785e-8 6.465497906485666e-8 
3.9  0.4995249841727319 0.4953122835784636 0.0025176063504812273 0.0024964113961775357 7.293873346267423e-5 7.232455330310152e-5 1.5981185054683013e-6 1.5846732605683513e-6 6.983745345715268e-8 6.924172089267267e-8 6.495361327444847e-8 6.439082433364283e-8 
4.0  0.4995307698499594 0.4953150551506681 0.002514778483861349 0.0024935555461008297 7.15399288460956e-5 7.09361848789312e-5 1.5579911856571985e-6 1.5448370280737216e-6 6.687861724054624e-8 6.630735348950735e-8 6.469365693097324e-8 6.414784405184656e-8 
4.1  0.49953524666632315 0.4953187773145793 0.0025120306673901537 0.0024908274614649207 7.02134530151573e-5 6.962082066408296e-5 1.520141499950272e-6 1.507309501986607e-6 6.447229089302357e-8 6.416127279535741e-8 6.39282265677151e-8 6.360377224832837e-8 
4.2  0.49954530639983047 0.4953165552109101 0.002509424161945672 0.002488181647145401 6.895489119903445e-5 6.837117892483839e-5 1.4842163732638176e-6 1.4716496331099044e-6 6.425499130138578e-8 6.371114866967099e-8 6.162716270607285e-8 6.10507371106257e-8 
4.3  0.49954918433506607 0.49532017905042375 0.0025068919390355327 0.0024856699455207184 6.775758516313455e-5 6.718397902032574e-5 1.4499957226880877e-6 1.4377170106979641e-6 6.403555264908922e-8 6.349352442487216e-8 5.9240221931196365e-8 5.86837379655549e-8 
4.4  0.49955826808064635 0.4953182822438095 0.00250448546382969 0.002483229472973074 6.661841323581921e-5 6.605302866986565e-5 1.4173803063477675e-6 1.405352375706193e-6 6.381183297487342e-8 6.327037451460913e-8 5.698956454185926e-8 5.6492384067463386e-8 
4.5  0.4995623083108453 0.49532114536302996 0.0025021420501879408 0.0024808988553319962 6.553221851063201e-5 6.497576134168144e-5 1.3865749496322011e-6 1.3747897108574998e-6 6.36227017268075e-8 6.308167923145518e-8 5.4929048938465135e-8 5.4442665756171844e-8 
4.6  0.4995692825370113 0.4953207947348582 0.0024999014490936443 0.002478643625141598 6.44958718274654e-5 6.394736280458113e-5 1.3570936586097066e-6 1.3455427192094134e-6 6.341773938070183e-8 6.28809134501921e-8 5.297282248278953e-8 5.251141098931454e-8 
4.7  0.4995698368204333 0.49532660746573604 0.0024977107880756995 0.00247649976706718 6.350492627780243e-5 6.296566367117798e-5 1.3290086021702e-6 1.317726018710761e-6 6.328803197435857e-8 6.269562961776316e-8 5.114513706398801e-8 5.070531944069387e-8 
4.8  0.49957426907463914 0.4953283033670466 0.0024956169398981736 0.0024744092217004925 6.255774148034345e-5 6.202614601737799e-5 1.3022542232245049e-6 1.2911919985906016e-6 6.309545374571575e-8 6.252108823336694e-8 4.9435602937912765e-8 4.901085231739137e-8 
4.9  0.49957827936457117 0.49533019108933735 0.0024935952013154395 0.0024723937004857478 6.165088960705776e-5 6.112671450585774e-5 1.2766902350111353e-6 1.2658382515119109e-6 6.292098122071599e-8 6.235226366734911e-8 4.7825959138167556e-8 4.7412487982271e-8 
5.0  0.49958524600585286 0.4953289088660741 0.0024916571385765343 0.0024704309394431518 6.078199313742075e-5 6.026416520829406e-5 1.2522084600207877e-6 1.241541448091959e-6 6.275036258377266e-8 6.218469096598721e-8 4.630601530508173e-8 4.5900732255495547e-8 
