#mmax= 10
#m-states: all states (FBR)
#Nr. of sites: 29

0.0  -0.0  0.0
0.1  -20.78966042610142  0.9999992018429072
0.2  -48.20922803747461  0.4846637969355393
0.3  -80.78965962802387  0.9999999999999539
0.4  -224.78965962802383  1.0000000000000004
0.41  -169.49192294946292  0.7007124307595859
0.42  -224.78965962802383  1.0000000000000004
0.43  -222.78965962802383  1.0000000000000004
0.44  -224.78970502692303  0.9999545986215871
0.45  -170.25063499291926  0.4660947383861481
0.46  -226.78966045955218  0.9999991683891564
0.47  -286.7896596280238  0.9999999999999992
0.48  -284.7896596280238  0.9999999999999991
0.49  -227.48280680858377  0.707071421427496
0.5  -291.48280680858375  0.7070714214274958
0.51  -287.493150325033  0.6998538208895914
0.52  -280.7896596280238  1.0000000000000009
0.53  -358.7896596280238  Inf
0.54  -366.7896596280238  Inf
0.55  -284.7896596280238  0.9999999999999988
0.56  -292.7928166053798  0.9968508598816835
0.57  -355.4919229494629  Inf
0.58  -292.8078549548408  0.9821320998497917
0.59  -288.9212503376405  0.8846850786974002
0.6  -424.7896596280238  Inf
0.7  -366.789705027202  Inf
0.8  -354.7900404180717  Inf
0.9  -431.54828330370333  Inf
1.0  -602.7896596280239  Inf
1.1  -530.8081389306185  Inf
1.2  -Inf  NaN
1.3  -600.7896596280239  Inf
1.4  -Inf  NaN
1.5  -Inf  NaN
1.6  -Inf  NaN
1.7  -Inf  NaN
1.8  -Inf  NaN
1.9  -Inf  NaN
2.0  -Inf  NaN
2.1  -Inf  NaN
2.2  -Inf  NaN
2.3  -Inf  NaN
2.4  -Inf  NaN
2.5  -Inf  NaN
2.6  -Inf  NaN
2.7  -Inf  NaN
2.8  -Inf  NaN
2.9  -Inf  NaN
3.0  -Inf  NaN
3.1  -Inf  NaN
3.2  -Inf  NaN
3.3  -Inf  NaN
3.4  -Inf  NaN
3.5  -Inf  NaN
3.6  -Inf  NaN
3.7  -Inf  NaN
3.8  -Inf  NaN
3.9  -Inf  NaN
4.0  -Inf  NaN
4.1  -Inf  NaN
4.2  -Inf  NaN
4.3  -Inf  NaN
4.4  -Inf  NaN
4.5  -Inf  NaN
4.6  -Inf  NaN
4.7  -Inf  NaN
4.8  -Inf  NaN
4.9  -Inf  NaN
5.0  -Inf  NaN
