#mmax= 10
#m-states: all states (FBR)
#Nr. of sites: 29
 
0.0  1.0 
0.1  0.9968288338133279 0.0025555868261980977 0.0006153226876578606 1.5709877080666395e-7 9.957404515624227e-8 
0.2  0.9866741152653249 0.010980204283144805 0.002339890392529137 2.7769628823269938e-6 1.7040208916979346e-6 1.3090752250168637e-6 
0.3  0.9667266120126262 0.02845458735278473 0.004766759002840211 2.374529623500607e-5 1.7557051764847323e-5 1.019853894117547e-5 2.3411986594861506e-7 1.8526605351035712e-7 1.1051295409909625e-7 1.0845935249720171e-8 
0.4  0.9254345302671698 0.06705830361514306 0.0070111826745705794 0.0003332948090338097 9.895611016483416e-5 5.339354901208549e-5 5.216247925713599e-6 3.097717817707876e-6 1.4038793069743254e-6 4.517527606420824e-7 6.745139641256135e-8 4.1495126053352987e-8 3.545876023751424e-8 2.497181233628552e-8 
0.41  0.9185487515769261 0.07364349835593664 0.007160614723297976 0.00044532155124711657 0.00012235395831252524 6.51979646969327e-5 7.151379141134493e-6 4.007252456788089e-6 2.3262698390030366e-6 5.089351522358711e-7 9.800458438911755e-8 6.683269894418791e-8 5.631770445958656e-8 3.31354672466927e-8 1.3742536952747717e-8 
0.42  0.9106279983469487 0.0812309844196656 0.00728283868179506 0.0006031395830363345 0.00015433150061446247 8.089271397758866e-5 9.828210630015457e-6 5.164778183826771e-6 3.834486461986422e-6 5.708837673615248e-7 1.4779040287355236e-7 1.1867680755776666e-7 7.473677608103052e-8 4.92788765337324e-8 2.0581190489631513e-8 5.330867650086596e-9 
0.43  0.9014004764201953 0.09007624143217206 0.007372547601346132 0.0008222510794890759 0.0001991477892713796 0.00010221058187915076 1.337608702786493e-5 6.577340885387405e-6 5.929756259502194e-6 6.31071964080485e-7 2.1565934472654176e-7 1.9494208374536518e-7 1.0111921251962834e-7 7.423016584746624e-8 1.789428673496603e-8 6.994416304501154e-9 
0.44  0.8904486143169668 0.10056936087675203 0.007422281167584468 0.0011270347163561826 0.0002640613450093099 0.00013196131058095523 1.7964520526816294e-5 8.76321602975692e-6 8.280975082801723e-6 7.515571027461963e-7 3.1519768266728903e-7 3.0882584530699254e-7 1.3523431863408322e-7 1.0961242935790105e-7 2.873370026433616e-8 1.8919184317320533e-8 9.474849512114587e-9 
0.45  0.8771063017493218 0.1133234509391922 0.007421591098405638 0.0015614032123516357 0.00036231683838955245 0.00017487974087491672 2.4056798208472726e-5 1.3348035897913641e-5 1.033425880015961e-5 8.886313284956531e-7 5.105688651179645e-7 4.771444163006623e-7 1.8165187792210073e-7 1.6764208636101866e-7 3.462878281146266e-8 3.242826555689666e-8 1.4161046666749957e-8 1.0471889731961953e-8 
0.46  0.860605704463219 0.12907007278210875 0.0073584879406431315 0.0021488012383759415 0.0005116763423825104 0.00023756047536197303 3.147382402393367e-5 2.0215106110856682e-5 1.2604883087622835e-5 1.1016957069871253e-6 8.893700105783591e-7 7.532301751583364e-7 2.503849396791726e-7 2.28897499366059e-7 6.450869619617898e-8 4.6712377229751426e-8 3.622497325411177e-8 1.66523178061512e-8 1.5267991688168128e-8 
0.47  0.8399394943915998 0.14880021031470067 0.007218782441635497 0.0028898485106242655 0.0007358601816423464 0.00032955158633131627 3.945688316495229e-5 2.7131780231909962e-5 1.4919665420153346e-5 1.445252140572832e-6 1.297474063534716e-6 1.1323478588219927e-6 3.3567792714005674e-7 2.718407133336801e-7 1.1110047510336127e-7 6.868571087419012e-8 3.949354770781045e-8 2.2404647778971866e-8 1.9967565562808406e-8 
0.48  0.8140719532707161 0.1735767484005236 0.006988958578446722 0.0037348762648006404 0.0010594743283407159 0.00046267782906457295 4.746516212191893e-5 3.4251962248203137e-5 1.701857641114714e-5 1.989291018690335e-6 1.81914161800906e-6 1.6734521299832092e-6 4.1806993342285934e-7 3.0186362258091546e-7 1.7687242061061841e-7 9.764331508532575e-8 4.281661093008458e-8 3.381323925829301e-8 2.2663420120235256e-8 
0.49  0.7824226018969161 0.20410597888084625 0.0066626430221586605 0.004548696701867015 0.0014895772422590962 0.0006477219124324655 5.452391144614704e-5 4.067611994619574e-5 1.8592506806246703e-5 2.798969963705433e-6 2.4604749279128976e-6 2.389490338803424e-6 4.813257187158402e-7 3.1427220946406483e-7 2.570256736969712e-7 1.3531489051563667e-7 6.29568729866757e-8 4.7234963060865283e-8 2.5384003214894894e-8 8.965945984086273e-9 6.389816303770607e-9 
0.5  0.7455299367447811 0.24005640365714084 0.006249075842871531 0.00514727550964152 0.001993004723671626 0.0008881594968742651 5.962251622391696e-5 4.536147333166042e-5 1.936420840459513e-5 3.875249644189518e-6 3.2203520227446766e-6 3.1501006962789403e-6 5.088195992514983e-7 3.293462048987853e-7 3.1162283145510845e-7 1.794333801319739e-7 9.017908717017288e-8 5.2711685335244984e-8 3.9865453099593666e-8 1.0854195143636909e-8 9.731263391150646e-9 8.813144526018391e-9 8.74785400907056e-9 
0.51  0.7057926345703285 0.2792480463808031 0.005781622710544215 0.005382027259679757 0.002481517242981647 0.0011713138074603941 6.181916350165338e-5 4.7424236437044184e-5 1.9262838256769895e-5 5.137093830050763e-6 3.957262463992344e-6 3.6228620838310425e-6 4.91937833306894e-7 3.64030512938869e-7 2.9056579238791867e-7 2.0804770203837053e-7 1.1631310204446933e-7 5.994636880334119e-8 4.519937729712999e-8 1.1939124154152107e-8 9.813452414590624e-9 9.787390745213911e-9 6.990976589313323e-9 
0.52  0.6664916755505214 0.3184728556133201 0.005305295681927821 0.0052560789838883935 0.0028586566744308217 0.0014726575059530497 6.109663490697237e-5 4.70365259760916e-5 1.8485655344584318e-5 6.42400717818177e-6 4.369320333658161e-6 3.80868759588941e-6 4.4102221887337283e-7 3.5312751680328775e-7 2.668152199174963e-7 2.1756088562248214e-7 1.3411684852081352e-7 6.841599484690192e-8 3.979339968164146e-8 1.2097883787034848e-8 9.806290266821918e-9 9.130970144668634e-9 7.271395351263953e-9 
0.53  0.63080609822574 0.3544848453997122 0.004880031865037879 0.0048632797565351955 0.0030649631203273024 0.0017630525407783084 5.8149032930592025e-5 4.506179899299715e-5 1.7350200635053105e-5 7.575281315358802e-6 4.382576120545896e-6 3.7786726134740937e-6 3.7416338481267523e-7 3.1164609041436324e-7 2.46250615146904e-7 2.152903715640748e-7 1.3938839668084504e-7 7.628802502510644e-8 3.01970712259434e-8 1.2267301955345303e-8 9.052368117192402e-9 8.947695173479222e-9 8.03794194409095e-9 
0.54  0.6004755514919833 0.3853953420232564 0.00448014385238864 0.004392763932814984 0.0031044599487460673 0.0020220293252443504 5.376982277582765e-5 4.236916535903832e-5 1.61319131721311e-5 8.499796070955259e-6 4.126317700258032e-6 3.527535521128205e-6 3.0973123525506215e-7 2.6634704032035105e-7 2.3057214443805429e-7 1.9940735781081086e-7 1.316229739492511e-7 8.230896987626462e-8 2.6721192441513578e-8 1.1983050288799793e-8 9.151777340992868e-9 8.750131686572365e-9 8.279093857533794e-9 
0.55  0.5758355237475836 0.410728217363046 0.004162324724657529 0.003893896661523449 0.003019325606354059 0.002240715381082188 4.872751379550134e-5 3.926274259326255e-5 1.499345361296462e-5 9.180533113953789e-6 3.620790058105764e-6 3.109743633656203e-6 2.533104788311224e-7 2.1757726597013412e-7 2.1269202539133898e-7 1.72490167444268e-7 1.1605622696041625e-7 8.514493414290878e-8 1.4816709851793636e-8 1.1451125824703767e-8 9.808654745366282e-9 8.391356102525746e-9 
0.56  0.5566591847105461 0.430612977830924 0.003909136483273684 0.0034353043490456788 0.0028573814419994123 0.002415636392100214 4.3778117253838915e-5 3.6207782653005787e-5 1.4012236613300138e-5 9.638107894064783e-6 3.0814433894623584e-6 2.6988667940030147e-6 2.1132763054296713e-7 2.0515203205821773e-7 1.715716596777738e-7 1.4830422202928517e-7 9.954584300812949e-8 8.412761842414651e-8 1.2801144208997136e-8 1.1234494466385304e-8 9.685956300987643e-9 8.48691150257645e-9 
0.57  0.5419418475245571 0.445998295278868 0.0037093680819647785 0.0030360434720160486 0.002660605521866786 0.0025524577112863308 3.920220856655445e-5 3.334245092573126e-5 1.3194671669835537e-5 9.924184594191238e-6 2.58033501319171e-6 2.293569827900903e-6 1.9363363842340814e-7 1.8294234027850903e-7 1.3976325755111888e-7 1.2515027775435124e-7 8.409763114158743e-8 7.908015932551884e-8 1.1564114302212528e-8 1.0866463261546744e-8 9.722756650652437e-9 8.16820611537855e-9 
0.58  0.530777298465627 0.4577668937905554 0.003552839702897135 0.0026968452908409032 0.0026572426674215384 0.0024555796213865614 3.516075739958762e-5 3.0714663128984894e-5 1.2525980409921233e-5 1.0085185830161527e-5 2.134886956372631e-6 1.929281433895437e-6 1.83273630183213e-7 1.6540645152152122e-7 1.1475408301156803e-7 1.0544192290069706e-7 7.090970585234773e-8 7.077389256032834e-8 1.0693679660399185e-8 1.0457154118562264e-8 9.609303475650141e-9 8.3862890434164e-9 
0.59  0.5223537732210063 0.466725801627905 0.0034301584366680966 0.002736256505916398 0.0024108589983729994 0.002257090820626608 3.162391435412005e-5 2.8292907597270426e-5 1.1979956308232623e-5 1.0157305596139942e-5 1.7387945170556726e-6 1.5971866220452679e-6 1.7419249960441104e-7 1.5491564849646928e-7 9.451922357801878e-8 8.866991574721007e-8 6.139155279259462e-8 5.947877209597766e-8 9.962531494784023e-9 9.654301785501486e-9 9.420448284033756e-9 8.119619392139624e-9 
0.6  0.515992145417079 0.47355717605308145 0.003333279875120414 0.0027952031284565297 0.002169837994800152 0.002072648812285159 2.859297816969993e-5 2.6119107850559197e-5 1.1531819103642213e-5 1.0164866550573544e-5 1.3971654290110866e-6 1.3086535607418632e-6 1.6591451388179165e-7 1.484404098744002e-7 7.537063852126544e-8 7.416756304883589e-8 5.2462946845669423e-8 5.032348455425703e-8 9.506524845469277e-9 9.080904674018556e-9 8.861526801612665e-9 
0.7  0.49769127019783915 0.49436255094690323 0.002969529168671868 0.002921086263702733 0.0010052197808491793 0.0010039431239732546 1.3477157631635377e-5 1.3369549642665756e-5 9.434134920037536e-6 9.347721118379283e-6 2.1771832521504253e-7 2.0701471011592685e-7 1.265174490291794e-7 1.245597672886069e-7 2.6572141643278778e-8 2.3530770128503915e-8 2.0616311080415707e-8 2.055436714964354e-8 4.870908174857583e-9 
0.8  0.49671162949767556 0.49626344109984816 0.0028777402653831184 0.0028720536810719647 0.00062140907549041 0.000620845222707403 8.471574871954143e-6 8.463395709033271e-6 7.775779116798068e-6 7.769011299011034e-6 1.1237276469819671e-7 1.1210449805182555e-7 5.260700826015197e-8 5.2544147919757894e-8 1.9300160426558747e-8 1.9284279362664828e-8 1.665144859831046e-8 1.6532521212921563e-8 
0.9  0.49943737357809187 0.49399800734126564 0.0028397323425156267 0.0028086726165221904 0.0004479473387374412 0.0004429551590943829 7.742182216451878e-6 7.651070507733273e-6 4.836884122197818e-6 4.776857519145785e-6 1.0475510004008756e-7 9.930910943407638e-8 2.611824447180805e-8 2.341388384035032e-8 1.9209853307710348e-8 1.893208797843518e-8 1.2891128091267268e-8 
1.0  0.49884702982914136 0.4948642144078834 0.0027959570487258814 0.0027736856475852625 0.0003506747549171132 0.0003479129399376814 7.042582405170281e-6 6.98910395039772e-6 3.1210114324429362e-6 3.0971773039930615e-6 9.752073978907583e-8 9.470133922096981e-8 1.8925888428619517e-8 1.8788871734659312e-8 1.8086861301544153e-8 1.7719959516194758e-8 9.753056619767652e-9 
1.1  0.4975339835162282 0.4963634315184688 0.0027560552388136185 0.0027495780149644038 0.0002901912925689362 0.0002895089907585325 6.413880553817638e-6 6.398811767129457e-6 2.09944523382606e-6 2.0945634559747125e-6 9.007642718687608e-8 8.9857413528311e-8 1.835800641675367e-8 1.8315248527253947e-8 1.4089531306840344e-8 1.4030561787613994e-8 
1.2  0.4974928022935819 0.4965403481785443 0.0027287952302158043 0.0027235718478187477 0.0002500217912460495 0.0002495433514204563 5.87274165220363e-6 5.86150680543894e-6 1.4772130057353939e-6 1.4743792231516057e-6 8.68678193472486e-8 8.670385224460674e-8 1.7624887165929176e-8 1.7589689707365897e-8 1.1351059126405729e-8 1.1329178831569463e-8 
1.3  0.4971338228544411 0.4970040913978656 0.0027038826715370928 0.002703177682281121 0.00022096024231978641 0.00022090246090915476 5.391030220745258e-6 5.3896090785768855e-6 1.081373923116223e-6 1.0810621074711494e-6 8.415063821320214e-8 8.412720118342237e-8 1.6674892715613325e-8 1.661354073709082e-8 9.054113105837625e-9 8.994931323114404e-9 
1.4  0.4977149115696967 0.49650715695489905 0.0026872249538255565 0.0026807030252893526 0.00019934681735297037 0.00019886255829699333 4.976210065519074e-6 4.964104333674037e-6 8.232078868278403e-7 8.211393107898351e-7 8.206791721784772e-8 8.186742325983616e-8 1.5657825764301374e-8 1.5621001484632913e-8 7.191735354332014e-9 7.053141464916311e-9 
1.5  0.4973725724583106 0.4969192812105648 0.00266802874765717 0.0026655973512956467 0.00018199917101384525 0.00018185728161205673 4.599914506023805e-6 4.5969152748984e-6 6.443497050042916e-7 6.282806584567424e-7 8.007528784634558e-8 8.003495191291053e-8 1.4560305883419877e-8 1.443085097839918e-8 5.218006374592202e-9 
1.6  0.49756124477642943 0.49678940473123695 0.0026537947167240973 0.0026496879001886076 0.00016818246655027228 0.00016791900434510776 4.277969993722072e-6 4.26878323325953e-6 5.174507006763404e-7 5.150385733571959e-7 7.853132670341913e-8 7.840563973036773e-8 1.3478186256109009e-8 1.3415799371122016e-8 3.3310745330374455e-9 
1.7  0.4973820332366426 0.4970193347137819 0.0026392423302168443 0.0026373290455031463 0.000156589344707257 0.00015647578116353124 3.986743002153629e-6 3.983865146904033e-6 4.232697691024003e-7 4.2295906982130457e-7 7.709218623376714e-8 7.703413845980275e-8 1.2311442835044277e-8 1.2273231274450337e-8 
1.8  0.4973964745929311 0.49704907606239807 0.002627146901084468 0.0026253121044922632 0.00014686815616658496 0.00014676558842497366 3.732874994544331e-6 3.7302600043993204e-6 3.5969978759992527e-7 3.5944803532441026e-7 7.586790699141608e-8 7.581499698966762e-8 1.1322844883930912e-8 1.130593291211819e-8 
1.9  0.49762257022711887 0.4968619958196154 0.0026173317006820893 0.0026133329886987976 0.00013858832922405037 0.0001383766348437561 3.508922504489315e-6 3.5035736406102808e-6 3.1101404238614514e-7 3.105411837883633e-7 7.4794663852142e-8 7.468159651940927e-8 1.0395561584831893e-8 1.0376625638923853e-8 
2.0  0.49746414575651876 0.4970551758057719 0.002606506084291881 0.0026043657781284974 0.00013129585637242504 0.00013118808853907488 3.3067499762416636e-6 3.3040501530497536e-6 2.7272683295184573e-7 2.725057360091393e-7 7.379136329535418e-8 7.37330594444953e-8 9.545522724121822e-9 9.527734582911159e-9 
2.1  0.4975276052624955 0.4970229406884809 0.0025977112314723486 0.0025950764747925334 0.00012494722984498 0.00012482051307568495 3.1272306404733755e-6 3.1240668145027246e-6 2.421461382584499e-7 2.419015227346199e-7 7.291922092566385e-8 7.284476595840249e-8 8.767107989218493e-9 8.723626897613957e-9 
2.2  0.49755884912627557 0.4970199253805418 0.0025895034388699273 0.002586698945943298 0.00011931482155105551 0.00011918560453471346 2.965775701733098e-6 2.9625662180098394e-6 2.171488857822154e-7 2.1691402738601348e-7 7.212035442037057e-8 7.20420450345932e-8 8.059544526726164e-9 8.055508569768653e-9 
2.3  0.4974388732409948 0.497165539633061 0.0025811884508406347 0.0025797715784946526 0.00011425120830275397 0.0001141885535033477 2.8192624428214472e-6 2.8177281950591517e-6 1.9643714235382338e-7 1.963309379476565e-7 7.138014248565663e-8 7.134240354725429e-8 7.430642171240421e-9 7.4228973332702134e-9 
2.4  0.4976214579321478 0.497006465437308 0.0025749916387891657 0.0025718075670694146 0.00010976362860752705 0.00010962784240716799 2.688236766045309e-6 2.6848956241036333e-6 1.7899264532080545e-7 1.7876825437518485e-7 7.073218501639035e-8 7.06427120872091e-8 6.855149724671513e-9 6.830336495563342e-9 
2.5  0.4976794985538361 0.4969700347224346 0.0025686508563447265 0.002564997171889848 0.00010567788355271255 0.00010552718746075831 2.568308562597309e-6 2.5646055356404584e-6 1.6409644822637707e-7 1.6384927587251863e-7 7.011985352054933e-8 7.001755662232706e-8 6.320927948296623e-9 6.3063221670907505e-9 
2.6  0.49778646871784105 0.4968830511852945 0.0025630130995616717 0.0025583740725330624 0.00010196744706786996 0.00010178335523289055 2.451854287458649e-6 2.4464144144362677e-6 1.5031190243569492e-7 1.493191533074398e-7 6.95510374909509e-8 6.939688605520518e-8 5.2747908133351395e-9 
2.7  0.4977893322858359 0.4968986393848572 0.002557262324536821 0.0025526929356216783 9.856435624979486e-5 9.838887071098868e-5 2.350687777858056e-6 2.3486813019878474e-6 1.392774641894002e-7 1.383442486854013e-7 6.902336724015898e-8 6.889985229294967e-8 4.928176807915446e-9 
2.8  0.4978107981165512 0.4968943159901691 0.00255197407054566 0.0025472795323929474 9.544592230831794e-5 9.527034075443612e-5 2.262449472343707e-6 2.253944765038e-6 1.297478028612105e-7 1.2839670705236178e-7 6.851170989663431e-8 6.841512118365233e-8 4.5617000796733435e-9 
2.9  0.497814134096233 0.49690695472855206 0.0025469230652931463 0.0025422863949205506 9.256989046896206e-5 9.240229620332558e-5 2.1759675146648642e-6 2.172191981771889e-6 1.210996600225393e-7 1.1989570108214992e-7 6.80888889087724e-8 6.795717600491162e-8 4.3274075412905555e-9 
3.0  0.49784652841347987 0.49688948843571773 0.002542328261088224 0.002537434334435558 8.991849111500415e-5 8.974457780128083e-5 2.0980324733021744e-6 2.0944157178740825e-6 1.1336762449139813e-7 1.1251498036979602e-7 6.766293858253475e-8 6.752038628298104e-8 3.972242424463168e-9 
3.1  0.4978226447573139 0.49692737319848435 0.002537702494390689 0.002533141174469744 8.744843576157966e-5 8.729131656121243e-5 2.0248074699169123e-6 2.023385044684524e-6 1.0658623299453562e-7 1.0574194973301831e-7 6.7255543227653e-8 6.712364872653704e-8 3.723130385771911e-9 
3.2  0.49784781548026097 0.49691541596340916 0.002533563481076121 0.0025288203565254842 8.515477362066394e-5 8.499574965158253e-5 1.9531492651530045e-6 1.9495773446968675e-6 9.903014421516772e-8 9.887003008350327e-8 6.68452082052866e-8 6.672346521990994e-8 
3.3  0.4978456676051374 0.4969299611390312 0.0025295154904149937 0.0025248775300092553 8.301590210297307e-5 8.286377348911576e-5 1.8910634789066379e-6 1.8876158328838418e-6 9.360607077248329e-8 9.340889068986701e-8 6.649877676167433e-8 6.636676543600855e-8 
3.4  0.49786145302977514 0.49692587221406676 0.0025257792270531134 0.0025210356087475086 8.101995846931838e-5 8.086781300515727e-5 1.8331374317684067e-6 1.8296962179445688e-6 8.866075783936586e-8 8.845808751595378e-8 6.616304443491583e-8 6.603334320716453e-8 
3.5  0.49786823742617264 0.4969301527829022 0.002522178376690443 0.0025174307524541096 7.914776455949546e-5 7.899876355064824e-5 1.7788982594957722e-6 1.7755515516348443e-6 8.4162522381518e-8 8.395646575394754e-8 6.584574881333207e-8 6.571912280167963e-8 
3.6  0.4978607114344562 0.49694816026967 0.0025186820493363704 0.0025140699311419355 7.738721792011748e-5 7.72455173463394e-5 1.727937309783752e-6 1.7247791419661457e-6 8.003252891401197e-8 7.986931814941234e-8 6.554229775164163e-8 6.541953331035762e-8 
3.7  0.4978644697339645 0.4969543505733002 0.002515403975184362 0.0025108100480665885 7.573200341332946e-5 7.559370110241506e-5 1.6801338580671433e-6 1.6770716153281612e-6 7.625926528682018e-8 7.610529177917832e-8 6.525844668337038e-8 6.513649148410514e-8 
3.8  0.4978725724967776 0.4969557017776723 0.0025123010940988786 0.0025076746150110604 7.417188712499525e-5 7.403529713330012e-5 1.6352563745086926e-6 1.6322455050835022e-6 7.281959137534363e-8 7.265490159770326e-8 6.498774438292772e-8 6.486806379362365e-8 
3.9  0.4978793644137576 0.4969579147756218 0.002509326224075856 0.0025046822456818653 7.269787149515859e-5 7.256333415353879e-5 1.5928293116347228e-6 1.5898827159943524e-6 6.961566296100941e-8 6.946807046508597e-8 6.47296228238676e-8 6.46098283402406e-8 
4.0  0.4978852095699854 0.4969606141062519 0.0025064947217279523 0.002501841222407756 7.130391851898569e-5 7.1171604736259e-5 1.5528449156101388e-6 1.5499739403383324e-6 6.666472770228097e-8 6.653643243848977e-8 6.447804391827722e-8 6.435831204316273e-8 
4.1  0.49788993218359595 0.4969640889000021 0.0025037587147178986 0.0024991038466045043 6.998169245466303e-5 6.985165121128725e-5 1.5148827061659944e-6 1.5120793933331588e-6 6.42368827495058e-8 6.411743629932518e-8 6.390415938804317e-8 6.37908365197878e-8 
4.2  0.4978959268311494 0.49696597253156605 0.002501121734517641 0.002496450290867161 6.872565169057205e-5 6.859730384064162e-5 1.478945571398642e-6 1.4761869721815445e-6 6.401868760777785e-8 6.389911549115151e-8 6.135633001170466e-8 6.12496934686955e-8 
4.3  0.49790058339444415 0.4969687854138485 0.002498617232240229 0.002493941281363006 6.753325977418187e-5 6.740689607206813e-5 1.4449373775181045e-6 1.4422375340438044e-6 6.379650615111615e-8 6.367708165212583e-8 5.898490586971915e-8 5.8888853412968936e-8 
4.4  0.49789931900741685 0.49697723748018463 0.002496166022717032 0.0024915439614230845 6.639669844951194e-5 6.627378960911084e-5 1.412566057604339e-6 1.40995739463492e-6 6.358886218775109e-8 6.347153719189825e-8 5.6772237343301494e-8 5.668411288584126e-8 
4.5  0.4979051031604378 0.4969783454025819 0.0024938443617154994 0.0024892024763923572 6.531455066209994e-5 6.519299603584279e-5 1.3818097431794943e-6 1.3792439817699047e-6 6.339063174420301e-8 6.327253370738245e-8 5.471485535843132e-8 5.462042860560841e-8 
4.6  0.4979087764060768 0.4969813109862725 0.0024915849962430024 0.0024869511083940375 6.428093753974174e-5 6.416137064902814e-5 1.3524751635997433e-6 1.3499649841406998e-6 6.320992306921383e-8 6.308053726137133e-8 5.277560398457596e-8 5.268861355639069e-8 
4.7  0.49791892856502346 0.4969775150554986 0.0024894596705271783 0.00248475184060982 6.329509255739759e-5 6.317535568940565e-5 1.324582647538401e-6 1.3220776050925466e-6 6.303034212094712e-8 6.290313001003402e-8 5.095327275725913e-8 5.087309652668158e-8 
4.8  0.4979221767462385 0.4969803902570415 0.0024873694823873455 0.0024826626802710037 6.235080841501224e-5 6.223277151244433e-5 1.297866661616405e-6 1.295407086874671e-6 6.284590442826146e-8 6.27193542304367e-8 4.924931351910868e-8 4.9165814858296916e-8 
4.9  0.4979247760448186 0.4969836862418481 0.0024853477702337272 0.0024806497978106016 6.144678783343565e-5 6.133051864497019e-5 1.27240989879572e-6 1.2699890960053053e-6 6.266714113454736e-8 6.254843494332287e-8 4.765281627004364e-8 4.757142411849467e-8 
5.0  0.497929077632662 0.4969850687571719 0.0024834028119560168 0.0024786933227943235 6.0580744061861894e-5 6.0465813806571845e-5 1.2480817053874144e-6 1.245714645597778e-6 6.251793300229195e-8 6.23909171440701e-8 4.614751768978928e-8 4.606482857745277e-8 
