#mmax= 5
#m-states: all states (FBR)
#Nr. of sites: 30
 
0.0  1.0 
0.1  0.9968294406553817 0.002554930557705049 0.0006153721531973139 1.570978381659507e-7 9.953587785211547e-8 
0.2  0.98673097324093 0.010920474209792044 0.0023431081574335696 2.749935094996019e-6 1.6936302452165587e-6 9.87660562133122e-7 1.3165941785792595e-8 
0.3  0.9675935098649793 0.02756190901011731 0.0048067162428935125 1.634460721926861e-5 1.151934547109052e-5 9.68772850098919e-6 1.1166652510679298e-7 1.025615992734032e-7 9.897269452932808e-8 
0.4  0.9340204064361635 0.058502245661592546 0.007302508019194317 6.74505397581667e-5 6.639458508696423e-5 3.860294627461002e-5 9.223014964851684e-7 9.219882970936524e-7 4.528247055061238e-7 5.0472176325179945e-8 2.3002330098345898e-8 2.122292455604367e-8 
0.41  0.9294193419972623 0.06286624546740698 0.007513000777947613 7.884095093965559e-5 7.56800740957515e-5 4.405091750858919e-5 1.110951957487638e-6 1.1109295197125178e-6 5.021273797346501e-7 6.324601129473923e-8 2.8093847910496316e-8 2.4466123044768787e-8 
0.42  0.9245000357312012 0.06755764015496325 0.007710454372786565 9.198574349577687e-5 8.622213381123743e-5 5.028709752875264e-5 1.3378772553900457e-6 1.3315960720822624e-6 5.542792024655146e-7 8.125396510813229e-8 3.437374000850656e-8 2.807952605135542e-8 7.306452110638012e-9 
0.43  0.9192237652887211 0.07261656611662363 0.007892933033344934 0.00010709514635748039 9.82085092125472e-5 5.745107578687228e-5 1.5997425329893777e-6 1.586633022435688e-6 6.103814169558775e-7 1.0171745950595022e-7 4.187495769534999e-8 3.197432703903363e-8 8.506236663155114e-9 
0.44  0.9135431055912195 0.078092054092903 0.008058076882948994 0.00012447836270758087 0.00011188327661383404 6.572435514700619e-5 1.9049096018169298e-6 1.880234197788725e-6 6.68536684798046e-7 1.2717122171442224e-7 5.069181597856518e-8 3.610327100171313e-8 9.79166705832239e-9 
0.45  0.9073892324869866 0.08405442339886027 0.008203213723676528 0.00014468435021981724 0.0001275886196855609 7.535380071158412e-5 2.2641384928425855e-6 2.2182269760743253e-6 7.40154684018766e-7 1.5949913694259415e-7 6.132173529545488e-8 4.0668348887495336e-8 1.1486146671446918e-8 8.124339349779628e-9 
0.46  0.90068775652747 0.09058030023775714 0.00832518151473643 0.00016799899352261277 0.00014568820836780822 8.663697937903054e-5 2.6857232188733965e-6 2.602979873599194e-6 8.067542678507484e-7 2.0017758617540495e-7 7.406354658362164e-8 4.529485013057706e-8 1.3235153235476385e-8 9.310269657592167e-9 
0.47  0.8933340013251141 0.09777675961516517 0.008420140201697067 0.0001949474941590856 0.0001666671745744708 9.998467663792685e-5 3.167838861554649e-6 3.038435192464539e-6 8.771277303415018e-7 2.5121743023385965e-7 8.906769282077112e-8 5.0070883535402324e-8 1.512523073147212e-8 1.062963107484621e-8 
0.48  0.8852152425937135 0.10575950684171696 0.00848395391595084 0.00022567479426328628 0.0001910419668376359 0.00011588716478188524 3.7126302401057976e-6 3.5216217705171876e-6 9.527916965323723e-7 3.151509768065503e-7 1.064191761385787e-7 5.48920579924901e-8 1.7100106598409648e-8 1.2116711130527144e-8 
0.49  0.8762405115994596 0.11462277271665806 0.00851308518473899 0.000259622331954755 0.0002191628663631045 0.00013485055304450304 4.304064803306087e-6 4.0418715004868955e-6 1.0353368170658552e-6 3.942568374277198e-7 1.2656520311671361e-7 5.972540801997215e-8 1.9108727702430574e-8 1.3818483602984508e-8 
0.5  0.8664025022922891 0.1243766932201279 0.008506402191407624 0.00029496013114165123 0.00025088390425651404 0.00015721691618539337 4.903557179817027e-6 4.573633263655571e-6 1.125811541362802e-6 4.890568579416858e-7 1.483049107929334e-7 6.436876319066937e-8 2.0919212017302506e-8 1.569286250654214e-8 
0.51  0.8558622002284603 0.134860770601848 0.008467759618373642 0.00032856839246126504 0.00028518298618285297 0.00018287440641515654 5.457943555501019e-6 5.082363205595772e-6 1.2253447896248315e-6 5.977258418230488e-7 1.7127781301125923e-7 6.889148050090999e-8 2.2489945522867844e-8 1.7729626960848695e-8 
0.52  0.8448831002250062 0.14580932813513006 0.008404270631190647 0.00035760895845859757 0.0003205384697514805 0.0002113301048038375 5.925691816946931e-6 5.539137398721304e-6 1.3325518544061167e-6 7.166769704657701e-7 1.9301490460057887e-7 7.307277877504273e-8 2.357515597320466e-8 1.9754780042863887e-8 
0.53  0.833792177649026 0.15689054127403912 0.008325278764525781 0.0003801577178491205 0.0003552392426465597 0.0002417655498657748 6.285854715604417e-6 5.92909692307916e-6 1.446551417079296e-6 8.414258339750224e-7 2.1365137452717315e-7 7.712982196150801e-8 2.4353667478181198e-8 2.1738294038396775e-8 
0.54  0.8228387343487759 0.16784986357438586 0.008238232840985417 0.00039595024669520176 0.00038808343058267125 0.00027344580006051717 6.5419317652413035e-6 6.252215097491092e-6 1.5654844805441612e-6 9.682678336392575e-7 2.323512702952929e-7 8.107330212500553e-8 2.4844868890388692e-8 2.358989597877901e-8 
0.55  0.8121710792516187 0.17853453169979902 0.008147895487217944 0.00041845243743687994 0.0004057572124040296 0.0003058581608475171 6.716383728791084e-6 6.528323182520342e-6 1.689721164688767e-6 1.0949948293637747e-6 2.5419828487129674e-7 8.55853671342969e-8 2.5463147464023384e-8 2.5217665286441668e-8 5.8633056489167184e-9 
0.56  0.8018644285346037 0.18886622896588748 0.008056902520267313 0.0004461104461213299 0.0004106658586694009 0.00033864947634774847 6.814784958491161e-6 6.747081173961254e-6 1.8145745770440497e-6 1.2204126186156524e-6 2.693377824400525e-7 8.949203658866516e-8 2.6976271820171895e-8 2.5393053264774904e-8 6.14563027611451e-9 
0.57  0.7919182042673877 0.19884385217420864 0.007965782608465928 0.00047115853968148326 0.0004117858051603427 0.0003717143746913942 6.925191803814734e-6 6.857103364455667e-6 1.9408014175953977e-6 1.3431143365940924e-6 2.826386646280009e-7 9.330266769628157e-8 2.8305125272908792e-8 2.5403311455431228e-8 6.369713079462057e-9 
0.58  0.7823395553826745 0.2084586349505174 0.007875257827452355 0.0004936858475520918 0.00041002753881505945 0.0004049257714874692 7.071723248209094e-6 6.856390143932514e-6 2.068388891734684e-6 1.4631404022743767e-6 2.9449629721039267e-7 9.711142570565064e-8 2.9481783213501503e-8 2.533597101774553e-8 6.613338375476458e-9 
0.59  0.7731065332294461 0.21773169296138337 0.0077851873985841594 0.0005138917781478725 0.00043826227791632204 0.0004061706521021658 7.192646847272225e-6 6.82304916393745e-6 2.196924214485936e-6 1.5804213903936533e-6 3.050427344058428e-7 1.0092823120813018e-7 3.054059171649559e-8 2.5275965438683362e-8 6.873281451644457e-9 
0.6  0.7642273235215609 0.22665376529372058 0.007696251172334995 0.0005318534765822439 0.0004715873263341983 0.0004006631173950484 7.291298300956323e-6 6.7623046409456025e-6 2.325857619306928e-6 1.694038088656921e-6 3.143594219442469e-7 1.04631915045403e-7 3.142025543410915e-8 2.5083027524876124e-8 7.098802586401023e-9 
0.7  0.691538518544177 0.29983880781328204 0.006864256687741049 0.0007987038464695172 0.0006212433208585661 0.0003186402265158416 7.566652016554069e-6 5.512514037822391e-6 3.5918404121392765e-6 2.5910197319087274e-6 3.6315578252915e-7 1.38414297583591e-7 3.462629811600124e-8 2.244246238460308e-8 8.895916414996868e-9 
0.8  0.641517923646518 0.3503301053667858 0.006171838056910268 0.0010959402068696801 0.0006162064202182965 0.0002483303258979135 7.225259857515436e-6 4.708940719878518e-6 4.126325372134687e-6 2.990074015005323e-6 3.708290478873873e-7 1.6613422467784324e-7 3.2697475276392304e-8 2.001307073355209e-8 1.0227873314842064e-8 5.475143273910323e-9 
0.9  0.6065828456820448 0.3856527264855589 0.005615084928668007 0.0013531360110973821 0.0005757770408967423 0.00020154431997948728 6.67712445092795e-6 5.607023375366743e-6 3.0221705816629875e-6 2.9547772046916612e-6 3.6446275703406234e-7 1.8891549155195116e-7 2.8886361864896466e-8 1.7455576512540584e-8 1.1368223390707013e-8 7.172652335331981e-9 6.1750798142245135e-9 
1.0  0.5816340364340713 0.4109114119952748 0.005168510115250774 0.0015710405698899242 0.0005256185962816933 0.0001715235586993278 6.265489348203875e-6 6.081447695035822e-6 2.6606175694311026e-6 2.2239269933490233e-6 3.526824127181868e-7 2.0568656044388065e-7 2.491779226834456e-8 1.5027705602246013e-8 1.2101024286667291e-8 8.569651646249006e-9 8.263779056407558e-9 
1.1  0.5634006439755095 0.42939340540108495 0.004807125638641309 0.0017541390936732205 0.0004758502950230707 0.00015205771417496332 6.708562158770156e-6 5.510483383366473e-6 2.2680711100764044e-6 1.6658923656048658e-6 3.399422160387787e-7 2.1845736037761961e-7 2.1357775312579602e-8 1.2795570751702825e-8 1.2580884274088079e-8 1.024001360220518e-8 9.499054493117098e-9 
1.2  0.549810167682276 0.44318541021423735 0.004512077986917797 0.0019074115948974524 0.0004301116936226426 0.00013908494505292604 6.967669377589431e-6 4.99373818819901e-6 1.875916505548125e-6 1.279001330543524e-6 3.27699982333291e-7 2.2805476083990288e-7 1.8412709210192424e-8 1.2824240654453907e-8 1.1963196514922652e-8 1.0812565054047251e-8 9.790138824491172e-9 
1.3  0.5395035655396127 0.4536575762955093 0.004268977571431989 0.0020355745294696062 0.00038940782343441444 0.000130127594578875 7.077928413953007e-6 4.540258193521854e-6 1.5301222926743144e-6 1.0095422822150887e-6 3.163789335790403e-7 2.3524594945526336e-7 1.639221169950115e-8 1.3368864761258983e-8 1.289093317895786e-8 9.346259065974359e-9 9.171628544047522e-9 
1.4  0.5315688725089337 0.4617300692516557 0.004066997676587419 0.002142789300018234 0.00035369348399309514 0.00012368771056105833 7.072394439728652e-6 4.148997042698122e-6 1.2437881766452807e-6 8.194384680839702e-7 3.0640835108817333e-7 2.406227743178499e-7 1.5114828833057107e-8 1.4387003957402223e-8 1.2786946376703907e-8 8.22235923238133e-9 7.907859793480295e-9 
1.5  0.5253746442098981 0.46804065080648655 0.0038976078833397637 0.0022326376937548253 0.00032250705631711274 0.0001188629486833596 6.979716698744962e-6 3.814829176436884e-6 1.0139548889843137e-6 6.82848950652929e-7 2.975896181925246e-7 2.4462484224752644e-7 1.503112142766813e-8 1.4354086452100305e-8 1.2559738167485056e-8 7.0872017259042766e-9 6.805197042291193e-9 
1.6  0.5204823111772926 0.4730324841912901 0.0037544459737475617 0.002308043750590827 0.0002952955957264482 0.00011507882407597811 6.820405442029474e-6 3.5303101890463517e-6 8.254480211283792e-7 5.80519790440806e-7 2.886655607960175e-7 2.4754828510767704e-7 1.531345785030828e-8 1.3321503926238856e-8 1.2201954222281472e-8 6.7530717638015076e-9 
1.7  0.516578147066972 0.47702249854764245 0.003632681829845358 0.0023714426873824076 0.00027155295212369645 0.00011199693071630058 6.622323885916476e-6 3.289409167624089e-6 6.837993340548158e-7 5.058831328571967e-7 2.823106108349905e-7 2.4958490898202666e-7 1.5308073213283585e-8 1.2924437498359235e-8 1.1813888246227826e-8 6.627878449869224e-9 
1.8  0.5134321234624947 0.480243440989576 0.00352837099914367 0.002424843336598465 0.00025076759831426477 0.0001093805051909308 6.394863761555023e-6 3.0848742841515166e-6 5.722836021431956e-7 4.4875077999790165e-7 2.7637781659834816e-7 2.504256889201659e-7 1.5060431164921615e-8 1.2490827880790117e-8 1.1390044728145253e-8 6.591444801055906e-9 
1.9  0.5108761776236632 0.48286534968814027 0.0034384788144473694 0.002469869856263118 0.0002325274749647563 0.00010708055484246245 6.150768860028401e-6 2.91074977399222e-6 4.84288134571971e-7 4.04224150692514e-7 2.711122156922599e-7 2.506262575364506e-7 1.461944127806968e-8 1.2045482205401332e-8 1.0943817951130514e-8 6.609545124812298e-9 
2.0  0.5087837722278405 0.48501631858053584 0.0033605701764412082 0.0025078739844126272 0.0002164626814226002 0.00010500018019273013 5.898471135847442e-6 2.7618328452906547e-6 4.141195944818903e-7 3.684369138041898e-7 2.6632813292153376e-7 2.502416155419986e-7 1.4035179929167585e-8 1.1580106816855853e-8 1.0488070789788959e-8 6.635558466817445e-9 
2.1  0.5070617222656039 0.48679051186595074 0.0032928935000365598 0.002539986629355349 0.0002022846979057863 0.00010307294246942336 5.645142843951452e-6 2.6337137051741436e-6 3.5755591404783246e-7 3.389006169146728e-7 2.621365655562481e-7 2.4958017041687057e-7 1.3334605393005005e-8 1.107647393832071e-8 1.0016261699529079e-8 6.641521104292573e-9 
2.2  0.5056295120198032 0.48827008514551645 0.0032333135033493442 0.0025670976606122255 0.00018966224111579362 0.00010125947818963416 5.392152442956151e-6 2.5223279913842103e-6 3.1208383732842344e-7 3.1108772559493293e-7 2.5633013808954006e-7 2.4441089615102674e-7 1.2621678025436105e-8 9.584977749883662e-9 9.351726593542329e-9 
2.3  0.504438626970864 0.48950337541226824 0.0031812718258892314 0.0025900529016926175 0.00017847458790273097 9.953390070868117e-5 5.148501514895053e-6 2.4257190100378053e-6 2.9085686860793637e-7 2.7351800424335954e-7 2.5288245292925086e-7 2.4311837795606177e-7 1.1834690860486206e-8 9.13822516395282e-9 8.831529231228002e-9 
2.4  0.5034385166687987 0.4905422546496521 0.0031351697760355164 0.002609424878865497 0.00016846795038686054 9.787831419030902e-5 4.9125507039713755e-6 2.3408882149952922e-6 2.723715974842708e-7 2.4958348350528747e-7 2.4260328699050034e-7 2.4159647385053343e-7 1.1059855609956343e-8 8.720074000882324e-9 8.388380854225977e-9 
2.5  0.5025948342928052 0.4914216318722063 0.003094115183845506 0.0026257156227576625 0.00015948663142360296 9.627826510195273e-5 4.686039530402045e-6 2.2658042828607473e-6 2.5611392322344943e-7 2.4649432284972576e-7 2.400018714185191e-7 2.1698608442058166e-7 1.0319109777917174e-8 8.335616085922825e-9 8.037118867601517e-9 
2.6  0.5018820843978158 0.4921669566594673 0.003057729098210301 0.0026394670396187583 0.00015142433925061877 9.472487296901017e-5 4.470882530258074e-6 2.19872344975621e-6 2.437477284378509e-7 2.413477411451422e-7 2.3838958443261697e-7 1.953131218781433e-7 9.581945926395148e-9 7.952515394984701e-9 7.654051128657456e-9 
2.7  0.5012772522457066 0.4928016463047686 0.0030253514901625728 0.0026510610203756934 0.00014416211271225658 9.321427980408494e-5 4.267350243006389e-6 2.1383340374002502e-6 2.413388922697223e-7 2.3686808565471284e-7 2.279181066377243e-7 1.769771565355362e-7 8.880751374762134e-9 7.5865296544268e-9 7.292667756160014e-9 
2.8  0.5007615000936678 0.4933451793176685 0.0029962285041123813 0.0026607367862310394 0.000137582021204625 9.174173442334873e-5 4.074525744521901e-6 2.083512298164018e-6 2.3898570234676007e-7 2.3522253827679584e-7 2.155996535838239e-7 1.6129338370157704e-7 8.221016998266112e-9 7.235335067625888e-9 6.947019771088113e-9 
2.9  0.5003198242129767 0.4938126514566301 0.0029700376415364143 0.0026688011373929123 0.00013161004725356984 9.030569658982315e-5 3.89273689919425e-6 2.0333409703516426e-6 2.3681983547425047e-7 2.336277804544261e-7 2.0425913440636658e-7 1.478745487352914e-7 7.605387216487698e-9 6.904859385497478e-9 6.638205611934497e-9 
3.0  0.49994063121887183 0.49421588454289145 0.0029464006458380094 0.0026754800000527447 0.00012617338153657866 8.890456838306369e-5 3.721633650911484e-6 1.987091145334423e-6 2.348059687373366e-7 2.320714981359707e-7 1.9375551607390407e-7 1.3629763122232913e-7 7.0358826760398e-9 6.592359268139601e-9 6.358772618132458e-9 
