#mmax= 10
#m-states: all states (FBR)
#Nr. of sites: 39
 
0.0  1.0 
0.1  0.9968288135463701 0.002555605828843132 0.0006153239126140558 1.5715531241436293e-7 9.955686071707123e-8 
0.2  0.9866746394961217 0.010979793806082902 0.0023397860585380376 2.776428952155386e-6 1.7035072235154466e-6 1.3007030808937024e-6 
0.3  0.966726293516439 0.02845490130099753 0.004766770411293037 2.3737866319581942e-5 1.7557439138892572e-5 1.0199218502685268e-5 2.3363606863408076e-7 1.8534203708112598e-7 1.1065158160589661e-7 1.0617623336592398e-8 
0.4  0.9254190020683611 0.06707182858742672 0.007010929619417891 0.00033519905224900536 9.909837085823528e-5 5.343508279983653e-5 5.277553428053582e-6 3.108675061991461e-6 1.4931720810339137e-6 4.5165104826891934e-7 6.863121050686091e-8 4.1853465023147356e-8 4.0459923567672526e-8 2.522266723332138e-8 
0.41  0.9185133363613126 0.07367563552598445 0.007159934557236917 0.00044874206452852697 0.00012266754527143754 6.529759037615846e-5 7.215299201536609e-6 4.029199434712616e-6 2.3666559609664896e-6 5.049986957110899e-7 9.813944009066499e-8 6.786879874790115e-8 5.5530277994406556e-8 3.33315211935146e-8 1.5331960622328505e-8 
0.42  0.9105302538726207 0.0813156350836575 0.0072813025590159055 0.0006155014765712029 0.000155474730337872 8.123549265051674e-5 1.0101625575612744e-5 5.233144083503681e-6 4.2478112174208176e-6 5.727717756462665e-7 1.527252778949609e-7 1.332152337550163e-7 7.524850898666142e-8 5.3264792336762996e-8 2.1350945121622337e-8 5.6277369984677295e-9 
0.43  0.9011944957437843 0.0902538863542188 0.0073690020020770524 0.000849022010163497 0.00020203134644665395 0.00010304380852588539 1.3920227995574066e-5 6.698326452798307e-6 6.625863004843948e-6 6.272202559901685e-7 2.2358108595076625e-7 2.2253406010334043e-7 9.98069297798358e-8 8.150412442422737e-8 1.2362011975066717e-8 7.308863209953638e-9 
0.44  0.8898557023314188 0.10106989603706913 0.0074136676708199765 0.001209942233593442 0.0002740336596362422 0.0001346662094370153 1.9681042405986075e-5 1.1844565462223358e-5 8.64523708085812e-6 7.555759697212359e-7 4.4507717487262264e-7 3.5600594726940644e-7 1.4362724149931827e-7 1.4082626863906792e-7 2.973229950673144e-8 2.0147440837565855e-8 1.9436793825717334e-8 1.0583941152984416e-8 
0.45  0.8757622463406668 0.11445467065772104 0.00740224676561685 0.0017488193732079409 0.0003891117287779934 0.00018183026176253557 2.7529751207072597e-5 1.9641922295137158e-5 1.1035339535941438e-5 9.086190264468368e-7 8.097649903122019e-7 5.676455650855521e-7 2.386312677777383e-7 1.9086947642515788e-7 4.856255639179944e-8 4.263176962460401e-8 3.356622730072975e-8 1.507628866198516e-8 1.2492040496261738e-8 
0.46  0.8574868551201524 0.13170050749132267 0.0073154562511206014 0.002568233338580401 0.0005843093415282737 0.0002557196652583484 3.813594898776837e-5 3.23871422196125e-5 1.3912159129014541e-5 1.449289986782049e-6 1.1701380423183948e-6 9.451382807143839e-7 3.934646164377573e-7 2.4682768659932014e-7 1.0783688535283433e-7 8.948332557169248e-8 3.744715195457477e-8 2.3245184939532816e-8 2.0670541396724996e-8 
0.47  0.832978834984187 0.1547341404946898 0.007126153980679045 0.003741084714364047 0.0009208378074885746 0.0003747754058564261 5.110172032784308e-5 4.895753985062111e-5 1.7089132853440084e-5 2.3926107856583066e-6 1.653083140656006e-6 1.5761647452520795e-6 5.934897928697876e-7 2.9756646390743033e-7 2.2873960575962038e-7 1.5856930684232476e-7 4.129677173974322e-8 4.0396922134203784e-8 3.517681463757648e-8 7.125353931204612e-9 
0.48  0.7997312914654648 0.18606218578212333 0.006803857290721315 0.005196137828096292 0.001477107532615005 0.0005654227914684279 6.744922299914293e-5 6.537731520624486e-5 2.002841128722701e-5 3.8641349466543875e-6 2.6439207041115622e-6 2.5306754461780546e-6 8.020545390689077e-7 4.644561660459359e-7 3.3061278815026806e-7 2.7127663707144766e-7 8.55367293977711e-8 7.497457073367366e-8 4.5851094286995556e-8 1.0210516480854332e-8 9.914473273412725e-9 8.74140706818276e-9 
0.49  0.7562745950668383 0.2275195737042668 0.006545838046077465 0.006332731228544466 0.002277015161763191 0.0008518845861000766 8.202850815634588e-5 7.788940564958013e-5 2.1877755222246235e-5 5.663235972601099e-6 4.143701401276435e-6 3.941266398714667e-6 9.355289751144222e-7 7.054818816722193e-7 4.357608535927918e-7 3.3262585801529825e-7 1.5053352187545336e-7 1.1388726085167914e-7 5.3792333087006284e-8 4.257481279632506e-8 1.4225493814190767e-8 1.363084495427371e-8 1.0879505324051444e-8 9.412268956733966e-9 
0.5  0.7052546510019577 0.27716732005562533 0.007221417764967125 0.005748844049050262 0.0031662984227652244 0.0012267785390077098 8.640717155591077e-5 8.479439138126685e-5 2.197449238940686e-5 6.9459047452761976e-6 5.8020825527394785e-6 5.670460450899729e-6 9.239688969878249e-7 8.19584793413887e-7 5.135235287673238e-7 3.109550033224857e-7 2.2384852936792773e-7 1.241351171104927e-7 6.593160257425747e-8 5.5299966592136144e-8 1.624416734925874e-8 1.5322890715376435e-8 1.39246611354694e-8 9.224770104714332e-9 3.699623746799869e-9 
0.51  0.653665442939848 0.328436987281401 0.007047664929523271 0.005140564270091567 0.00385775025658914 0.0016386904478860626 8.493631457435532e-5 8.255568390240598e-5 2.0612697907044962e-5 7.718391286208104e-6 7.4215515231603135e-6 6.684768139705747e-6 8.018323638615384e-7 7.798581752377073e-7 5.355126420237595e-7 2.817851129273528e-7 2.6650700402437947e-7 1.1382985236392059e-7 8.0253413685428e-8 6.029581101556046e-8 1.6196032454547577e-8 1.5197028660918966e-8 9.667673630156346e-9 9.532220038761895e-9 
0.52  0.6084038290378466 0.3742739044181087 0.0063337279443803265 0.004594253711271453 0.0041720899545876705 0.002023891097703398 7.945382411628136e-5 7.434045064748311e-5 1.864336850213031e-5 9.290995014481993e-6 7.088532993062944e-6 6.872024635195951e-6 6.508602510591419e-7 6.383912624682407e-7 4.97591078174529e-7 3.0456900511979314e-7 2.2998242780551453e-7 9.383174684292273e-8 9.148319075154548e-8 5.766633374690767e-8 1.4579930685857313e-8 1.4538567151846086e-8 1.1407705281068257e-8 9.73869612818286e-9 
0.53  0.5736212357262077 0.41011725566437573 0.005460967433103248 0.004163547550560257 0.004126426330016748 0.0023332878038575216 7.070250612276128e-5 6.479472897228576e-5 1.672252168546634e-5 1.031272831823885e-5 6.339975844243075e-6 6.242361704318907e-6 5.018299794991955e-7 4.854138689522147e-7 4.188255465672651e-7 2.935585900984447e-7 1.9475521705723242e-7 1.0391381704719996e-7 6.788250859712538e-8 4.8761336243626624e-8 1.3584735384392557e-8 1.2078638645277446e-8 1.1112568389399525e-8 9.395779285658784e-9 3.5566465044177965e-9 
0.54  0.5485629895351537 0.43634384026454076 0.004657448454256336 0.003873913913101773 0.0038432295151889268 0.0025627426446505706 6.133354967895143e-5 5.602389321154645e-5 1.5149869170024226e-5 1.087367492565221e-5 5.459410217280596e-6 5.252355675017557e-6 3.751554961213242e-7 3.6545410392595174e-7 3.328623961515233e-7 2.658523272524876e-7 1.6505447362048108e-7 1.0855020501374656e-7 4.8817616359256184e-8 3.844653664749507e-8 1.2771596340114255e-8 1.1130158971680857e-8 1.0259967552913678e-8 8.56535508747863e-9 
0.55  0.5313463136915948 0.4546531984443071 0.003989483425506025 0.0036138602078731254 0.003538546289061943 0.0027221738862597657 5.27132149145698e-5 4.85596496601093e-5 1.3942913403738568e-5 1.1110793622617376e-5 4.4993074462198546e-6 4.231933934489656e-6 2.803851071429803e-7 2.781459385323363e-7 2.4738316369633797e-7 2.3464156446043252e-7 1.3775725173468154e-7 1.0786851810526422e-7 3.36809580939024e-8 1.525929445775258e-8 1.1927948905320266e-8 1.085337384098021e-8 8.339297342923714e-9 
0.56  0.5196177373839985 0.4673362008051169 0.003451860352832233 0.003449273071225349 0.003194784738628382 0.0028302384008331897 4.540314527068058e-5 4.23249407843924e-5 1.3030329259510037e-5 1.1161672849589691e-5 3.5491380821470427e-6 3.3508787509324966e-6 2.2344134491504953e-7 2.0896615521707146e-7 2.0135095962535095e-7 1.861194757893981e-7 1.1387625561389097e-7 1.0120622680293608e-7 1.6402782547362535e-8 1.1675236731359657e-8 1.1384650846108095e-8 1.071928082345451e-8 
0.57  0.5118035601447481 0.47595931079223125 0.003332044943566053 0.0030223939442910906 0.0029000295057158712 0.002875641214499742 3.9664994568023965e-5 3.745591610721165e-5 1.2352803614225867e-5 1.1106651163540316e-5 2.8180127292394226e-6 2.710571672478689e-6 1.9139845888592804e-7 1.9082858830180889e-7 1.5304718036751552e-7 1.4726919653643382e-7 9.406678369579451e-8 8.981120691279282e-8 1.1817071834363669e-8 1.1071081057141782e-8 1.0764719829334077e-8 1.043080730137362e-8 
0.58  0.5065122179026432 0.4819343546612181 0.003246037981590497 0.002944688068108357 0.002674894019547921 0.0025912110031156206 3.5034470028359296e-5 3.3519929302950485e-5 1.1825176832943616e-5 1.0993714526812586e-5 2.254103497104601e-6 2.185302267494886e-6 1.775861315167295e-7 1.7273342128421228e-7 1.2094397357601386e-7 1.1782308598349763e-7 7.722649542590675e-8 7.666140371667442e-8 1.0566761257814836e-8 1.050545348760935e-8 1.0203517685544882e-8 9.417076885304614e-9 
0.59  0.5029718558407517 0.4860543442794453 0.003182412021701914 0.0029715242417675466 0.0023897821147085166 0.002342025905270117 3.127311692325107e-5 3.02513077231544e-5 1.141171686036351e-5 1.08532762955201e-5 1.8095502681021585e-6 1.7656752471303592e-6 1.6760997916591558e-7 1.6217363110157886e-7 9.800729885469083e-8 9.614012289525928e-8 6.420494899855234e-8 6.37684583457921e-8 1.0115135072649753e-8 9.930795514735997e-9 9.761165756396336e-9 9.241503152265566e-9 
0.6  0.500669144701079 0.488848643144123 0.003135090954504664 0.002985522739353844 0.0021541019144139576 0.002126594583432054 2.8197547214789965e-5 2.7492472879824186e-5 1.1081733338364298e-5 1.0698636035661923e-5 1.428647481713638e-6 1.400939399247113e-6 1.595051304260282e-7 1.5484398757582214e-7 7.957515421122374e-8 7.39302483030133e-8 5.3540499778251707e-8 5.3103492334792446e-8 9.507782247385648e-9 9.392743339477408e-9 8.587705541843521e-9 
0.7  0.4982090967161697 0.4938449960723852 0.002958494513567517 0.0029321027104183737 0.0010088919373924677 0.0010000533078331462 1.3469742429310068e-5 1.3346914735624678e-5 9.432710064255124e-6 9.349100838354404e-6 2.1298066124273374e-7 2.0560371569470709e-7 1.265188503106817e-7 1.2482023526122568e-7 2.6677133587976044e-8 2.355551975654822e-8 2.0744250041447675e-8 2.055788759159259e-8 4.815913670937706e-9 
0.8  0.4976936443859209 0.49528143329400126 0.0028818741544455635 0.0028679000423268135 0.0006226425549394782 0.0006196224368735766 8.488084291626256e-6 8.446857811818228e-6 7.792524154115701e-6 7.754287814878576e-6 1.1248657409710309e-7 1.1191584504696041e-7 5.284174297826703e-8 5.251123041771501e-8 1.9311786671769594e-8 1.9219049198310977e-8 1.6654949722832734e-8 1.643624293883603e-8 
0.9  0.4984908497134722 0.4949447834013383 0.0028341737781712012 0.002814068676802762 0.0004469678612774161 0.0004438557955047896 7.720026300617533e-6 7.669303140574655e-6 4.819359874337937e-6 4.788961711610573e-6 1.0347576759754288e-7 9.995114182870403e-8 2.5692366736113338e-8 2.35168758045787e-8 1.9020730192166827e-8 1.8846790348227867e-8 1.261873342411531e-8 
1.0  0.5006191509539886 0.49309218269913874 0.002805851130889571 0.002763724325597468 0.0003519089276287985 0.0003466595700364231 7.066459325556124e-6 6.963496517669313e-6 3.132000936101646e-6 3.086015312254596e-6 9.713893071528313e-8 9.480247707158657e-8 1.884410422896148e-8 1.8300522867366042e-8 1.798073408094494e-8 1.769094902347398e-8 9.662912337802808e-9 
1.1  0.5019764465394444 0.49192089517262877 0.002780710814720334 0.0027249816386843277 0.0002927923862810865 0.0002869208035889431 6.471617265171958e-6 6.34152309708388e-6 2.1189637810945252e-6 2.0759104731885716e-6 9.091968134671953e-8 8.907501990214309e-8 1.8530098104300937e-8 1.8055882214765348e-8 1.4255892526966041e-8 1.3793462772205904e-8 
1.2  0.5001134206246698 0.49391972578938337 0.0027431639101095405 0.002709209812374823 0.000251337318570117 0.00024822629820280765 5.903511676431245e-6 5.830516984431772e-6 1.4849178458132823e-6 1.466546783719264e-6 8.72777949495622e-8 8.621158765585428e-8 1.763756311920621e-8 1.7196184242550792e-8 1.138440125900129e-8 1.1045869086238069e-8 
1.3  0.4993984028896809 0.494739500265209 0.0027162049204988085 0.0026908650017406096 0.00022196758025009718 0.0002198966735797065 5.41561179302939e-6 5.365075876192947e-6 1.086317143963923e-6 1.0761053722908279e-6 8.455659111084689e-8 8.376740896442644e-8 1.6759318210833548e-8 1.659768487947072e-8 9.099179102020538e-9 8.77867334271596e-9 
1.4  0.49964189194165604 0.4945803261428038 0.0026975883958854654 0.0026702621140081845 0.00020010442383206444 0.00019806887679988777 4.994536089979443e-6 4.941312128522478e-6 8.191184891416564e-7 8.025072950079977e-7 8.232577502033321e-8 8.148199134219834e-8 1.5696329871485388e-8 1.5486834242745622e-8 5.6400825155226185e-9 
1.5  0.499309235759656 0.4949825836742529 0.002678426961321651 0.00265522665726636 0.00018271865084577894 0.00018114379416403237 4.618342904751493e-6 4.57871093326922e-6 6.40597353205063e-7 6.333091555241651e-7 8.040849837841777e-8 7.971404156463229e-8 1.457656131946074e-8 1.4453624268409877e-8 4.389424388052666e-9 
1.6  0.499267487165274 0.49508317034449423 0.0026628801587530375 0.0026405947246684433 0.0001687583591846096 0.00016734283490449538 4.291967531536354e-6 4.254864141249426e-6 5.196031449338194e-7 5.127856854253824e-7 7.880048275444526e-8 7.81441525401328e-8 1.351564518072714e-8 1.335572172821351e-8 3.376217713948162e-9 
1.7  0.4992213546847495 0.49518005073636506 0.0026489214490921786 0.0026276128680832607 0.00015716295402261657 0.00015590181182196605 4.00109101041939e-6 3.969404421535313e-6 4.2466616448738933e-7 4.216400166948553e-7 7.735652761193645e-8 7.674857268518045e-8 1.234924531064887e-8 1.2239909232477526e-8 
1.8  0.4991407466414416 0.49530480048163505 0.002636360749442687 0.002616101862041214 0.00014738324306505876 0.00014625072024612652 3.7459888971024085e-6 3.717206252400896e-6 3.6079821217571664e-7 3.580271945926747e-7 7.612034429553167e-8 7.553678992917746e-8 1.1356455073670893e-8 1.1267986558119206e-8 
1.9  0.49840128245881504 0.4960832163342202 0.002621459381228854 0.002609268869042117 0.00013880696277063142 0.00013816152352237346 3.514512564221071e-6 3.498176942954856e-6 3.114900746287093e-7 3.100444360195893e-7 7.49128497866969e-8 7.456502873785077e-8 1.0408412205687808e-8 1.0360093899731754e-8 
2.0  0.49832593806956343 0.4961933618950146 0.002611023194138201 0.002599868805133122 0.0001315235084430753 0.00013096183706169196 3.3124881490707867e-6 3.2984060397541202e-6 2.7317757912637157e-7 2.720219595976916e-7 7.391424526429412e-8 7.361125272967106e-8 9.553333546529646e-9 9.518088026472042e-9 
2.1  0.49830710124334193 0.4962434069785133 0.0026017954894218278 0.0025910279622764535 0.00012514371466629473 0.00012462590444640162 3.13217816875672e-6 3.1192402558607034e-6 2.4250622218471917e-7 2.415069795450258e-7 7.302629471187552e-8 7.272650245122216e-8 8.77837212377447e-9 8.744538017173355e-9 
2.2  0.49832673592518867 0.4962520267009322 0.002593500708696203 0.0025827130000182167 0.00011949906522901325 0.00011900192168858627 2.970338693894048e-6 2.957981260073645e-6 2.175137119321154e-7 2.166069907418499e-7 7.223703864337997e-8 7.193636830185975e-8 8.08165879486129e-9 7.982527513979797e-9 
2.3  0.4979006346014852 0.496703740845992 0.00258358765376706 0.0025774085011702062 0.00011435717415431768 0.00011408388635440483 2.8218870433460347e-6 2.8152122568010714e-6 1.9656573178123084e-7 1.9610541413428084e-7 7.143965613399546e-8 7.128636756525962e-8 7.4292017956016785e-9 7.41140701857861e-9 
2.4  0.49785791834199045 0.4967699978807554 0.002576219719937617 0.002570586102686616 0.00010981608277675093 0.00010957589390085107 2.689541854817212e-6 2.683655718832052e-6 1.7905378082730574e-7 1.7866025611960927e-7 7.076612135401935e-8 7.060972520575462e-8 6.8504711105102766e-9 6.840026174661019e-9 
2.5  0.49774299528629795 0.4969065058840337 0.0025689966160914375 0.0025646822028451066 0.0001056920051724712 0.0001055143086793331 2.5686553368858942e-6 2.564323198992706e-6 1.641261711897581e-7 1.6384433908215966e-7 7.012643126550373e-8 7.001073565245377e-8 6.3150660195379574e-9 6.2956021164360965e-9 
2.6  0.49773340800395643 0.496936102370083 0.0025627511722605954 0.002558645257664976 0.00010195769260488738 0.00010179333355400722 2.453271264279733e-6 2.4450117151702156e-6 1.5038007308016323e-7 1.492496836698768e-7 6.954495054956739e-8 6.941332112900166e-8 5.298870778002286e-9 
2.7  0.4975795702337992 0.497108394200474 0.002556193930578567 0.0025537684101100467 9.852329044198161e-5 9.843012520175786e-5 2.352646819435025e-6 2.3467209889623847e-6 1.393536746072313e-7 1.3823338669089496e-7 6.899970846427988e-8 6.89151250804224e-8 4.939691902507149e-9 
2.8  0.49744567106775767 0.4972594366473016 0.0025501118330373716 0.0025491475956033066 9.537658787416482e-5 9.534011593426842e-5 2.260180420113472e-6 2.256260950765847e-6 1.2965662723466032e-7 1.2853062659383166e-7 6.84846465015446e-8 6.845395635203327e-8 4.585264734123519e-9 
2.9  0.4973679305205959 0.49735314631103744 0.0025446471941602527 0.0025445736649772933 9.248883719500218e-5 9.248394689071073e-5 2.17746059013014e-6 2.1706680496135604e-6 1.210875191518197e-7 1.2001724187417668e-7 6.801691749959132e-8 6.801241302400983e-8 4.262416003337102e-9 
3.0  0.4973760337394579 0.4973599793483725 0.0025399231902188007 0.0025398425030882642 8.983450015837284e-5 8.982885555264923e-5 2.0998541376116077e-6 2.0927982014214694e-6 1.1353342386270246e-7 1.1245531347984348e-7 6.760074585375466e-8 6.759183791828114e-8 4.0294932124841805e-9 
3.1  0.4973763301389957 0.49737368996854453 0.0025354283565278213 0.0025354129317970925 8.737203325025988e-5 8.736784004794344e-5 2.0274661463585667e-6 2.020810782884484e-6 1.0667310980839986e-7 1.0566624944987741e-7 6.71986061660324e-8 6.71844358320324e-8 3.731506431150034e-9 
3.2  0.49740643716923266 0.49735682037133994 0.002531299796324404 0.002531045869419155 8.508144623833603e-5 8.507555962898726e-5 1.955565234435861e-6 1.9520117732816617e-6 9.958801007493309e-8 9.900231273943142e-8 6.68132535297706e-8 6.680723431964472e-8 
3.3  0.4974296759149874 0.4973459319828247 0.002527449850397331 0.0025269619559809787 8.29482797070903e-5 8.293327686724707e-5 1.8895357885500449e-6 1.8892488583522624e-6 9.353433851923226e-8 9.350203635710585e-8 6.651585159805465e-8 6.640236267090218e-8 
3.4  0.49747795468800327 0.4973093743300389 0.002523828278947022 0.002522982919784669 8.095735282110838e-5 8.093030371841996e-5 1.831705866239085e-6 1.8311061250698125e-6 8.856260797826334e-8 8.855341426923217e-8 6.611451320801855e-8 6.608415982088311e-8 
3.5  0.49753572172587557 0.4972626245789945 0.0025205106571586327 0.0025191400346981116 7.909578184898314e-5 7.905305736921588e-5 1.7776994279701736e-6 1.7767551598631585e-6 8.406278550317535e-8 8.405342439156551e-8 6.584061202466229e-8 6.575264616996132e-8 
3.6  0.4975486505722876 0.4972602067500835 0.00251709007430641 0.0025156738798328467 7.73390563661927e-5 7.72955929257192e-5 1.7270124751947928e-6 1.7260938985431315e-6 8.001263181457312e-8 7.997526476084123e-8 6.55155752211244e-8 6.54643519820398e-8 
3.7  0.4975639536361584 0.4972548495866956 0.002513875423858028 0.0025123526965523256 7.568709915170088e-5 7.564118192110068e-5 1.6792754153958873e-6 1.6782879833631213e-6 7.621502874349781e-8 7.618772222501586e-8 6.523231622417982e-8 6.517719665308883e-8 
3.8  0.4976027873199715 0.49722547559679575 0.0025109253233286262 0.0025090597545074896 7.413217674909873e-5 7.407702460728468e-5 1.6343432564681248e-6 1.6331553060698613e-6 7.274214596565468e-8 7.270858061527611e-8 6.495950432311874e-8 6.489524640486213e-8 
3.9  0.4976103047282089 0.4972269638207761 0.0025079570381302233 0.002506059952098887 7.265916893202071e-5 7.260412518593125e-5 1.591977334101075e-6 1.59079377334573e-6 6.953988995166074e-8 6.951347790134932e-8 6.470326667005029e-8 6.463892406995178e-8 
4.0  0.4976154528471848 0.4972303705236553 0.0025051364460827873 0.002503198122770102 7.1265894812898e-5 7.121078684672678e-5 1.5522215942444792e-6 1.551029804160604e-6 6.663376230232906e-8 6.66115049985572e-8 6.4465648673563e-8 6.441633195011865e-8 
4.1  0.49761892735192964 0.49723508907354275 0.0025023995411954285 0.002500467042949079 6.994397079245758e-5 6.988991886255215e-5 1.514121276132409e-6 1.5129505238653642e-6 6.420676266638087e-8 6.415769076270081e-8 6.383573889926034e-8 6.382873726347579e-8 
4.2  0.4976253682159043 0.4972364900163452 0.002499782097898878 0.002497828254798523 6.86896027462613e-5 6.86359335853426e-5 1.478259946691848e-6 1.4771087285121556e-6 6.398547989132278e-8 6.393569337528476e-8 6.129650293961574e-8 6.129237171309974e-8 
4.3  0.49762575221050775 0.49724360965158126 0.0024972409520656984 0.002495323064151191 6.749653082529005e-5 6.744471691107652e-5 1.444290456650206e-6 1.443186182657524e-6 6.377624364963542e-8 6.372745559895119e-8 5.8949403198948134e-8 5.8944217618502956e-8 
4.4  0.49763395065121485 0.49724260091972644 0.0024948377816435188 0.0024928757418662983 6.636184163124295e-5 6.630967705757181e-5 1.4119557353315912e-6 1.4108510092994757e-6 6.35695644279416e-8 6.351971205495273e-8 5.6758118956345496e-8 5.6732721780627096e-8 
4.5  0.49763531777782294 0.4972481357286388 0.0024924907999150678 0.002490551598373137 6.52789310998888e-5 6.522816769832091e-5 1.3810370783658255e-6 1.3799686200336833e-6 6.335602682155442e-8 6.330675278928237e-8 5.467871534884796e-8 5.464925853804076e-8 
4.6  0.49764462592809133 0.4972454498826425 0.002490272699019874 0.002488274566836385 6.424717342778641e-5 6.419555202763686e-5 1.3517725233409457e-6 1.3506799637407361e-6 6.316583524644865e-8 6.311510068829744e-8 5.27504155280408e-8 5.271411699536925e-8 
4.7  0.49764523642881614 0.4972512128576416 0.0024880866296046306 0.002486119034992444 6.32602657748479e-5 6.321018990327452e-5 1.3239046517751859e-6 1.3228588485107984e-6 6.302841069150955e-8 6.29434777486756e-8 5.094546004943018e-8 5.091241737417733e-8 
4.8  0.49765279974543236 0.4972497735761713 0.0024860179043007112 0.002484006923119551 6.231729154229402e-5 6.226682862996845e-5 1.297334600331749e-6 1.2962838824629331e-6 6.285644614270703e-8 6.277251525968193e-8 4.925951934559657e-8 4.922383961564068e-8 
4.9  0.4976546254865491 0.4972538448546311 0.0024839937663874464 0.002481995272005483 6.141346144753465e-5 6.136402211440685e-5 1.2718067150266535e-6 1.2707835121334965e-6 6.268143171620804e-8 6.259711113206165e-8 4.765434339409335e-8 4.7613751024722564e-8 
5.0  0.4976619323613887 0.49725221982986234 0.002482066118977094 0.002480024716350218 6.0547893535851804e-5 6.0498085734674896e-5 1.2474235448607502e-6 1.2463982413599673e-6 6.251698449354026e-8 6.242626284383241e-8 4.6128137265225585e-8 4.610098104959714e-8 
