#mmax= 5
#m-states: all states (FBR)
#Nr. of sites: 40
 
0.0  1.0 
0.1  0.9968294406514114 0.0025549305616157105 0.0006153721534268542 1.570977074248775e-7 9.953583811249891e-8 
0.2  0.9867309425078918 0.010920505191343808 0.002343108487253391 2.749641808641202e-6 1.6934578755348993e-6 9.875453634203774e-7 1.316846354540025e-8 
0.3  0.9675934285878095 0.02756198903258785 0.004806714918264717 1.6344891947743347e-5 1.1521533979229456e-5 9.687939363232847e-6 1.1151580181611882e-7 1.0257669030698357e-7 9.900355627122634e-8 
0.4  0.9340204190029041 0.0585022262892531 0.007302514754906901 6.745056914039365e-5 6.63948320944194e-5 3.8603099070708325e-5 9.222469705298002e-7 9.218728756914932e-7 4.527979087697299e-7 5.032439848231884e-8 2.2989990070879313e-8 2.122048689627266e-8 
0.41  0.9294192698694452 0.06286632640922811 0.007512989006856826 7.884349112278807e-5 7.568026187144173e-5 4.405094682130507e-5 1.111027669673673e-6 1.1110145869257657e-6 5.020741083081259e-7 6.333117925407336e-8 2.8102612650505447e-8 2.4464497612249158e-8 
0.42  0.9245006583050404 0.06755694157229582 0.007710537888352177 9.197907232458947e-5 8.622051073024549e-5 5.0286610203208626e-5 1.337972025291929e-6 1.3315759411576137e-6 5.553609076129154e-7 8.12752379397869e-8 3.440905734676251e-8 2.8127567806243864e-8 7.320316918817356e-9 
0.43  0.9192233169322229 0.07261701347432004 0.00789292477652162 0.00010710183582255241 9.821040163024551e-5 5.745174090803703e-5 1.5998844009264532e-6 1.5866747484339952e-6 6.102325522512703e-7 1.0171876668679604e-7 4.188556330869711e-8 3.19644560247753e-8 8.478086625453578e-9 
0.44  0.9135387836278633 0.07809637280938919 0.008057976254935864 0.00012455590736554722 0.00011190016477693736 6.573183095769069e-5 1.9064509690952162e-6 1.8809623909081508e-6 6.681831439005426e-7 1.2728047893978594e-7 5.0678194834188236e-8 3.607908131721209e-8 9.77045255206202e-9 
0.45  0.907381968264817 0.08406181386931155 0.00820295704468512 0.0001447931205490918 0.00012761172254644587 7.536805755305218e-5 2.265883896017666e-6 2.219642886102524e-6 7.297481036444008e-7 1.594986641669825e-7 6.13725031067474e-8 4.049045159719811e-8 1.1284033113554733e-8 
0.46  0.9006609772395814 0.09060735886786922 0.008324359857041807 0.00016840222000439183 0.00014578561489267392 8.669403182738985e-5 2.6874869380544633e-6 2.607925426272055e-6 7.943869035149597e-7 2.002349297784917e-7 7.410953679491389e-8 4.506312117685819e-8 1.29619275539827e-8 
0.47  0.893248417403146 0.09786284768529857 0.008417751725967532 0.0001962103738511548 0.00016705473309295874 0.00010017895587386392 3.1914109665490237e-6 3.051794612219751e-6 8.775782509170627e-7 2.529483509447076e-7 8.937808909760995e-8 5.0094443877981914e-8 1.525893603217229e-8 1.0659120834762601e-8 
0.48  0.8849888982954575 0.10598753051547902 0.00847758100074792 0.00022869630541980668 0.0001920774777122879 0.00011643123787498444 3.7668322276894173e-6 3.5529240295824865e-6 9.540621426547198e-7 3.1951150317192363e-7 1.0730359238581896e-7 5.493968882519669e-8 1.7385472851114645e-8 1.2208651369794626e-8 
0.49  0.8757327690508426 0.11513511052439855 0.008498668469601312 0.0002656540022942321 0.0002214878690001699 0.00013613959687926053 4.406956080049339e-6 4.101497358406927e-6 1.0376252197555196e-6 4.0356309440359267e-7 1.277107294335955e-7 5.966980852172585e-8 1.9500915383488393e-8 1.39637786189938e-8 
0.5  0.8655141644522034 0.12527460641565216 0.00848095601069857 0.00030417381946718435 0.00025490566497789267 0.0001595948142679584 5.051739994761063e-6 4.660336809170401e-6 1.1303551629671016e-6 5.046606497835492e-7 1.501556984867609e-7 6.422640567562211e-8 2.140626770170463e-8 1.594174427020161e-8 
0.51  0.8546334442927863 0.13610487874927002 0.008432237760524403 0.0003395540406472656 0.00029061671515303184 0.00018633141185892308 5.623687522720593e-6 5.179946945796834e-6 1.2321306764083858e-6 6.186004883471017e-7 1.7314983986662695e-7 6.857424309054963e-8 2.2904474147473826e-8 1.80355696731745e-8 
0.52  0.8435320172928819 0.14717936973573842 0.008364844030212499 0.00036803313743812623 0.0003263193900136234 0.00021531797921358074 6.07489170765728e-6 5.629065277618289e-6 1.3416520572442865e-6 7.397077322965354e-7 1.959065067264848e-7 7.286877086395029e-8 2.4180330715682084e-8 2.0162118278433643e-8 
0.53  0.8325423807710324 0.15815969165673144 0.00828843209885445 0.0003884522581368018 0.0003603693243151951 0.00024562127920621133 6.398323171832997e-6 5.997167858447099e-6 1.4553822649984387e-6 8.625273835149084e-7 2.1550782233592738e-7 7.684932694507424e-8 2.4775018208119143e-8 2.2078877441003974e-8 
0.54  0.8218060271355521 0.1688998470920647 0.008207483173461292 0.0004019021711930069 0.000392131069676721 0.0002767690921271737 6.61912565503796e-6 6.298919244416305e-6 1.5732880465084507e-6 9.857241522661995e-7 2.3344655853734536e-7 8.080410911657905e-8 2.510829899052576e-8 2.384986009956013e-8 
0.55  0.8113787765133815 0.1793409166348494 0.008124081073878471 0.000421410873961793 0.00040977481204370177 0.0003085132996299206 6.76711374268213e-6 6.558539960006298e-6 1.696010681983761e-6 1.1085384426620113e-6 2.544943526882465e-7 8.529441179889148e-8 2.5610854119213703e-8 2.5308968121466124e-8 5.880841381860659e-9 
0.56  0.8012915572127148 0.1894498887031459 0.008039510518824611 0.0004481337714782944 0.00041319261965282243 0.00034064123415171086 6.845081048966791e-6 6.763969011233829e-6 1.8193365134519515e-6 1.2300578889454383e-6 2.6942138482322473e-7 8.931105842263482e-8 2.7103212892832015e-8 2.5505905498701345e-8 6.154007417131238e-9 
0.57  0.7915232978350909 0.19924656126321136 0.007953666344775841 0.00047247143479233465 0.00041332471654634235 0.00037313859661073956 6.934824989633102e-6 6.874780198704163e-6 1.9442499500562143e-6 1.3498704427148186e-6 2.8260635073595237e-7 9.318624768425514e-8 2.8397896049595378e-8 2.548529760421677e-8 6.407598917000377e-9 
0.58  0.7820717376251779 0.20873194199725717 0.007866964657678664 0.0004945254041621016 0.0004109672749430366 0.0004059272696585145 7.077195617028306e-6 6.86700093751243e-6 2.070785426437907e-6 1.4677896481492435e-6 2.9439113330255764e-7 9.702929625336063e-8 2.9544604190968707e-8 2.539516501591712e-8 6.639294452732397e-9 
