#mmax= 10
#m-states: all states (FBR)
#Nr. of sites: 11

0.0  -0.0  0.0
0.1  -3.5937632720876183  0.6357421367817483
0.2  -20.91658860623587  0.8888139850792869
0.3  -46.78965962808793  0.999999999935882
0.4  -47.156364912763785  0.7119904731251275
0.41  -47.19539020701039  0.6850629237064602
0.42  -46.46272510306726  0.4211239341235062
0.43  -70.78965962815683  0.9999999998669754
0.44  -76.80780955594184  0.9821766921885686
0.45  -116.78965962802381  0.9999999999999999
0.46  -79.48297452583243  0.7069528394690453
0.47  -76.81024076697165  0.979794475513862
0.48  -79.56643605726538  0.6534141196454373
0.49  -116.80780955594163  0.9821766921887749
0.5  -79.13393232895075  0.7279186267220171
0.51  -77.5568241333304  0.6596706118173847
0.52  -160.78965962802383  0.9999999999999996
0.53  -78.47763696525702  0.41559981004082885
0.54  -79.68046684055957  0.5882003872075702
0.55  -152.9165876390668  0.8888148448219262
0.56  -115.54828330370333  0.6652748721159126
0.57  -77.68287520047228  0.5868285960373545
0.58  -160.78965962802383  0.9999999999999993
0.59  -117.0292043942457  0.8012482159384329
0.6  -158.78965962802383  0.9999999999999993
0.7  -117.13042191325816  0.7304746411427151
0.8  -156.78965962802383  1.0
0.9  -210.78965962802383  1.0000000000000004
1.0  -215.48280680858377  0.7070714214274966
1.1  -164.0205780268471  0.5103674485774946
1.2  -211.03115323738172  0.7996903564609374
1.3  -220.7900020098346  0.9996576988267379
1.4  -254.78965962802383  0.9999999999999992
1.5  -207.48404541727953  0.7061970885490408
1.6  -270.9165930508564  0.8888100341635088
1.7  -280.9165876390668  0.8888148448219264
1.8  -276.7897504237613  0.9999092013650317
1.9  -268.7899950343967  0.9996646725798849
2.0  -268.7924698903396  0.9971965216227116
2.1  -275.0292044062315  0.8012482063333514
2.2  -279.4828068096143  0.707071420698659
2.3  -276.8102529155131  0.979782571309308
2.4  -350.7896596280238  Inf
2.5  -344.7896596283028  0.9999999997210244
2.6  -406.8078541383049  Inf
2.7  -494.7896596280238  Inf
2.8  -414.7896596280238  Inf
2.9  -410.7896596280238  Inf
3.0  -374.78965962802454  Inf
3.1  -416.7896596280238  Inf
3.2  -408.8078095559416  Inf
3.3  -494.7896596280238  Inf
3.4  -414.9165876390668  Inf
3.5  -416.78965962806154  Inf
3.6  -342.789659755789  0.9999998722220915
3.7  -386.7896596280238  Inf
3.8  -502.7896596280238  Inf
3.9  -488.7896596280238  Inf
4.0  -584.7896596280239  Inf
4.1  -410.7896596280238  Inf
4.2  -578.7896596280239  Inf
4.3  -402.7896596280238  Inf
4.4  -418.7897120023231  Inf
4.5  -418.7896596280238  Inf
4.6  -478.7896596280238  Inf
4.7  -596.7896597405589  Inf
4.8  -410.789659630085  Inf
4.9  -422.8078105000051  Inf
5.0  -500.78965962802386  Inf
