#mmax= 10
#m-states: all states (FBR)
#Nr. of sites: 11
 
0.0  1.0 
0.1  0.9968291428170054 0.00255529213902002 0.0006153084087426138 1.5707741763455198e-7 9.955781531376965e-8 
0.2  0.9866743270267057 0.010980060372349706 0.002339825174264626 2.7766866960945764e-6 1.7039531031145658e-6 1.3067868807646763e-6 
0.3  0.9667490389768569 0.02843248678022004 0.004767364646710886 2.2919931365681232e-5 1.749971964956445e-5 1.0178372409163393e-5 2.2109389041104927e-7 1.8009602507350013e-7 1.1038287252463725e-7 
0.4  0.9271524070061431 0.06542901253821998 0.007048551790820727 0.000225455803757362 8.864823344009066e-5 4.9433275336384354e-5 3.2545182155490426e-6 2.357887439375682e-6 4.526751493638901e-7 3.3002316102828806e-7 3.843273213580394e-8 3.6107678027908946e-8 2.1707906352142842e-8 
0.41  0.9211515055715682 0.0711880367145821 0.007215273011716808 0.0002741402764877181 0.00010467831932411499 5.843825110604334e-5 4.014344755501747e-6 2.8758391365727698e-6 5.017028649484145e-7 4.166234375804279e-7 4.879742808513915e-8 4.570985542749821e-8 2.4837737454157354e-8 
0.42  0.9146024785249837 0.07750085986256171 0.007363605672670674 0.0003305045151404528 0.0001237021234231283 6.927801162791659e-5 4.885872246396124e-6 3.4627341236022964e-6 5.571305610471293e-7 5.182354433174215e-7 6.126951625810755e-8 5.762802983099297e-8 2.8419672740162685e-8 
0.43  0.9074402308307408 0.08443290599098753 0.007491178586466153 0.00039548654940186495 0.0001463097069577474 8.236652974250487e-5 5.91269034937899e-6 4.119332800734554e-6 6.709073957541093e-7 6.201009308797808e-7 7.991222207747334e-8 7.231345854883197e-8 3.230110162848946e-8 1.4247443971030556e-8 
0.44  0.8996151389949849 0.09203569766912574 0.007596240027055749 0.0004682154582288884 0.000172956378162693 9.813950961657468e-5 7.0145237082425135e-6 4.8319301174466635e-6 8.217298070141609e-7 6.925894675502549e-7 9.934790431549668e-8 9.009974241940095e-8 3.645354857321508e-8 1.7932098811902642e-8 7.356431177136875e-9 
0.45  0.8910647979803397 0.1003726108732945 0.0076768023926155025 0.0005485619468631115 0.00020422164058633531 0.00011712868863125199 8.21515020019466e-6 5.592617968627207e-6 9.992039308374415e-7 7.658949401139808e-7 1.2166340315713735e-7 1.1005342503974846e-7 4.0550440799033625e-8 2.2618664284840284e-8 8.72469729604387e-9 
0.46  0.8817413101425247 0.10949350166515967 0.007731207067856231 0.0006352545584680462 0.0002405416058825092 0.00013990295254034807 9.488695499699133e-6 6.392486141159931e-6 1.1993573241249142e-6 8.4059375718755e-7 1.5277816907642595e-7 1.3195820905424453e-7 4.470260796510002e-8 2.654838461257466e-8 4.887475785510667e-9 
0.47  0.8715767551467768 0.11946791546197402 0.0077570909774151405 0.0007276630710455005 0.0002825481514602874 0.00016715875340688092 1.0818073075664262e-5 7.2221920071948764e-6 1.4478946914060532e-6 9.399809084932928e-7 1.855046846831382e-7 1.5654763942250577e-7 4.933457859330121e-8 3.256941177996947e-8 1.008023483944052e-8 6.260688870738085e-9 
0.48  0.8605697577850717 0.13030037828045257 0.0077547795660617355 0.0008220484011608148 0.00033015368258573855 0.0001994149446065036 1.2142925398249684e-5 8.030923201123365e-6 1.7044243095856618e-6 1.0625873060778782e-6 2.1566703469454419e-7 1.8435843468716374e-7 5.3974806744550646e-8 3.97338291784404e-8 1.4205185568431962e-8 1.1246005227417115e-8 7.294549655046693e-9 
0.49  0.8487697173638018 0.14194598333453687 0.007724297914208904 0.0009142297590296444 0.00038274915446726693 0.0002370275351990094 1.3409170389419006e-5 8.807907745585619e-6 1.9865450801534227e-6 1.1940153443086102e-6 2.4540433989834105e-7 2.1086074737460859e-7 5.835864989850402e-8 4.614083501351958e-8 1.624289064059653e-8 1.2376589172401212e-8 7.916145505622932e-9 
0.5  0.8359763049812816 0.15460186123037478 0.007662195441468479 0.0010078732371083079 0.00044174122033620707 0.0002814184899072436 1.468422086678071e-5 9.569378829645936e-6 2.331809276518428e-6 1.3482696114950597e-6 2.7933037627780996e-7 2.3453552214478566e-7 6.235708033556039e-8 5.3969748192738256e-8 1.8351390108303176e-8 1.3939687027009987e-8 9.237134644176208e-9 
0.51  0.8224431873245655 0.16802302795303997 0.0075729810019804 0.0010929726068438057 0.00050458537117211 0.00033214500016242644 1.5847372984479252e-5 1.0275334662814126e-5 2.692377904751651e-6 1.5302017637474967e-6 3.06260857826878e-7 2.6584403478516627e-7 6.725838700961302e-8 6.159577190300759e-8 2.054785856441436e-8 1.4884615723627267e-8 1.0213234794918746e-8 8.850160065187763e-9 
0.52  0.8082375398832703 0.18214434849680913 0.0074579833460046 0.0011672942282777647 0.0005700728607922122 0.00038939289189767265 1.685011859240351e-5 1.088442804265898e-5 3.084176506577693e-6 1.736808908786956e-6 3.288114249972771e-7 2.845587329848232e-7 7.095987180848419e-8 6.928969850037899e-8 2.2555757459265386e-8 1.5693837769425756e-8 1.1218816433017864e-8 9.672758589551854e-9 
0.53  0.7933704490688979 0.19695391357420852 0.007317909428892928 0.0012310344652878725 0.0006375240554560471 0.0004536756049322194 1.7721689063374456e-5 1.1416187373837451e-5 3.5198462814574023e-6 1.9728207976922664e-6 3.487762242721154e-7 2.9906031547080983e-7 7.731664292598852e-8 7.441647871258215e-8 2.4446156925549016e-8 1.6559949543618418e-8 1.2195224008382989e-8 1.0487818850011301e-8 
0.54  0.7780705197801685 0.2122263642909775 0.00715742312132772 0.001279835341369819 0.0007042406664510113 0.0005242645332306538 1.8404619948205742e-5 1.184649241278744e-5 3.969489292010555e-6 2.2349442039854232e-6 3.586525515883607e-7 3.0902575438867416e-7 8.463687042813531e-8 7.742430546453328e-8 2.6070980100288876e-8 1.6793539838062498e-8 1.2857858322094217e-8 1.1258757517754759e-8 
0.55  0.762455320570217 0.22784287711090503 0.006979333957919858 0.0013139547857714553 0.0007686449144903246 0.0006008956561137006 1.8908490525450678e-5 1.218326937584957e-5 4.44077712139879e-6 2.522507803594256e-6 3.617918273565411e-7 3.147965031988013e-7 9.127188207646314e-8 8.005856762896132e-8 2.7395546092248737e-8 1.683038714633822e-8 1.3842692414447406e-8 1.197235122153931e-8 
0.56  0.7467076810676936 0.24361897249512685 0.006787776499187704 0.0013335682217014483 0.0008287782446633446 0.0006828351969780024 1.9242518667829327e-5 1.2437255056877831e-5 4.940253621184922e-6 2.832755942698175e-6 3.6480351586983203e-7 3.168954409760871e-7 9.787555879006787e-8 8.256287872604468e-8 2.8548905870314474e-8 1.7347418353911634e-8 1.4787961182850029e-8 1.2669680606311374e-8 
0.57  0.7310254635009598 0.25935605554327934 0.006587064218540212 0.0013382848696899482 0.000882649615694261 0.0007689785933277712 1.938629961844436e-5 1.2595497871436099e-5 5.428228295924145e-6 3.1585963454499917e-6 3.5703797278611463e-7 3.1552168112476003e-7 1.0272798534110539e-7 8.459553108395787e-8 2.9259039790718253e-8 1.7177072148819505e-8 1.54492829519182e-8 1.326781210706201e-8 
0.58  0.7155479972863527 0.2749109910884505 0.0063806160013681135 0.0013303066646038967 0.0009292062568719707 0.0008584982102042135 1.9372749655568528e-5 1.2675160065821927e-5 5.91280080136616e-6 3.4965085059563922e-6 3.4569372153444975e-7 3.1163743955438527e-7 1.0686425175552666e-7 8.640561822249585e-8 2.977282791316466e-8 1.7028424680936822e-8 1.6054714433991623e-8 1.3816121423269759e-8 
0.59  0.700448918574775 0.2901071691742424 0.006172395154299313 0.0013110225589825475 0.000967317624124419 0.0009501578659289312 1.920847631213644e-5 1.2683901485745067e-5 6.376727548139602e-6 3.840216016195319e-6 3.2965250037405066e-7 3.054965720019607e-7 1.0939634811293243e-7 8.793910791545035e-8 2.985742170192883e-8 1.6602294771811217e-8 1.6484519279897882e-8 1.4297519983633592e-8 
0.6  0.6858781124295363 0.304791193326599 0.0059659220711175895 0.0012822603373433103 0.0010427055756160306 0.0009963916660010363 1.8910505913649183e-5 1.2629478352598745e-5 6.807294256798895e-6 4.183308453640102e-6 3.092800759352724e-7 2.9785157291745794e-7 1.105081395502735e-7 8.914951530031523e-8 2.968588491571511e-8 1.68200364751034e-8 1.6017552111835306e-8 1.469403171709332e-8 
0.7  0.5800609953743044 0.41194951004712965 0.004337237084797624 0.0018516411311234032 0.0009136488759828608 0.0008473263102773311 1.294225532925064e-5 1.0748453768228148e-5 8.54989576514477e-6 6.824895128816507e-6 2.0755982976400397e-7 1.2380951362392775e-7 9.613881173120866e-8 7.682124425176323e-8 2.2945939803218927e-8 1.6786787998852295e-8 1.6325710504445764e-8 1.5288555368871532e-8 
0.8  0.5333921599318364 0.4595199272213838 0.0035348878225959016 0.002308559035656264 0.0006534495024656785 0.0005593218452759566 9.001173826335335e-6 7.813453354492767e-6 7.645917531057117e-6 6.828008538450626e-6 1.5289480764899565e-7 9.784869482752095e-8 4.8317576394243485e-8 3.983996838796245e-8 1.8500964702948967e-8 1.78531736401666e-8 1.73015658863991e-8 1.3530785367839312e-8 
0.9  0.5138997198946176 0.4795048656397368 0.003156498640651329 0.0025250071369345914 0.0004760043165371803 0.0004127427551963266 7.84395264539962e-6 7.503684513510701e-6 4.811652145339882e-6 4.684119649323965e-6 1.245108770004928e-7 9.386795714291759e-8 2.4648908849688007e-8 2.4287225117764086e-8 1.8445880449985648e-8 1.7929456334267657e-8 1.4517068180442711e-8 
1.0  0.505338234644258 0.4883580386724506 0.002962087198747522 0.0026215485935301 0.0003688162104318564 0.0003307207115348795 7.028243446555451e-6 7.017503771039866e-6 3.125627184491416e-6 3.097720294432951e-6 1.0897522236394991e-7 9.15946574125502e-8 1.8745751704936187e-8 1.852221231396946e-8 1.824678547404953e-8 1.7862701382900886e-8 1.0927020511569304e-8 
1.1  0.5013540956970932 0.4925350259575759 0.0028519972613205197 0.00266092021250668 0.00030163923722412443 0.00027902412512506906 6.47285255213623e-6 6.365015825012375e-6 2.1236009622919483e-6 2.0867303821313894e-6 9.64358297148337e-8 8.875175769962075e-8 1.831859818428651e-8 1.764668472997915e-8 1.418460440100496e-8 1.3971958201875032e-8 
1.2  0.49944104946902157 0.49458696229655436 0.0027839455873496614 0.0026728674088553456 0.00025690905580108174 0.0002433138427710307 5.937535984056222e-6 5.8181141495998524e-6 1.493270778089101e-6 1.4685511436822958e-6 9.06212483636344e-8 8.631620589705708e-8 1.768744937143376e-8 1.748138480411685e-8 1.1394024946878291e-8 1.1367276590324739e-8 
1.3  0.49855003313482743 0.4955842820049409 0.002738447612944773 0.002671727924563719 0.00022532719919235986 0.00021699211051369327 5.451314971142093e-6 5.346989011340406e-6 1.0916595444593833e-6 1.0774971950120966e-6 8.676706342467122e-8 8.420570838971593e-8 1.680452778961452e-8 1.660690780660965e-8 9.130667859548187e-9 9.037419915055698e-9 
1.4  0.4980704730623254 0.49614895061926834 0.002705735102047356 0.0026645580685565095 0.00020184846744230028 0.0001966557266328137 5.01922053271069e-6 4.931095636140187e-6 8.22222776368043e-7 8.03679987256842e-7 8.378370591294018e-8 8.222579004118284e-8 1.5691988501308964e-8 1.5532182356184804e-8 5.5011283387768535e-9 
1.5  0.49791001307690924 0.4963795733783127 0.0026810024552119485 0.002654623068160569 0.00018371300854368768 0.0001803946818784301 4.6374123457079426e-6 4.570916488806628e-6 6.435543717242635e-7 6.329313859862061e-7 8.148401481634518e-8 8.050684164449765e-8 1.4596165241342428e-8 1.4495470072249645e-8 4.433899623210186e-9 
1.6  0.49786587784345543 0.496482919291648 0.002661407519592913 0.002643726755560452 0.00016923498497345885 0.00016705484195976013 4.30028534044652e-6 4.255426616065347e-6 5.189763090889899e-7 5.152086750416034e-7 7.959488531761541e-8 7.897452921736897e-8 1.3523770740314128e-8 1.3382111114458344e-8 3.3905731341821833e-9 
1.7  0.4978799385640334 0.4965198258228309 0.002645373593761576 0.0026326407802695845 0.00015733754479068898 0.00015587788300215144 4.006755894323672e-6 3.971004235272757e-6 4.245994908348327e-7 4.231826757396198e-7 7.801904138239457e-8 7.758826182830605e-8 1.2367822508026487e-8 1.2293889993564603e-8 
1.8  0.4978844356720163 0.49655970156593543 0.0026318036594327075 0.0026219362090089044 0.00014738408397882522 0.0001463742863532992 3.748061698937877e-6 3.7211169114833486e-6 3.603655789269521e-7 3.5935601726411023e-7 7.665140147449401e-8 7.633202163210916e-8 1.1355856937192512e-8 1.1283787998753851e-8 
1.9  0.4979999877603613 0.496483306900955 0.0026205354252803827 0.002611288116574276 0.0001389141572778602 0.00013815633172423972 3.519391230974073e-6 3.498137288252917e-6 3.1164336777692905e-7 3.1069849744658266e-7 7.549869108632458e-8 7.521702340594674e-8 1.039361962278827e-8 1.0328108683635206e-8 
2.0  0.4981206801674511 0.49639749655284804 0.0026107495432153432 0.002601171134604056 0.00013160013413116638 0.0001309738899386739 3.316400139428745e-6 3.2986858865716703e-6 2.733485578466199e-7 2.724009345105128e-7 7.446867844897165e-8 7.418634967483334e-8 9.549506148861287e-9 9.537758656974194e-9 
2.1  0.4981402624662463 0.49640922581170527 0.0026015317029369207 0.0025922294602895224 0.00012518679515556415 0.00012465990219306448 3.134871028550798e-6 3.1201340380475334e-6 2.426845138477638e-7 2.4183653900580566e-7 7.354692169293503e-8 7.328065882829623e-8 8.766551578378636e-9 8.741222555090108e-9 
2.2  0.4981755086973735 0.4964022907501559 0.0025932295051923604 0.0025838737903560185 0.00011952165483504678 0.00011904824700905201 2.972206375336604e-6 2.9593349387453713e-6 2.1765364207630178e-7 2.1687159651387808e-7 7.271943656816143e-8 7.245555894476421e-8 8.065095363242298e-9 8.048435948954218e-9 
2.3  0.4981665558972041 0.4964369932242502 0.002585399781680463 0.002576359815699839 0.00011446179011562618 0.00011403824864699032 2.8255292290082682e-6 2.8143100031561957e-6 1.9680258728071252e-7 1.9611105385530177e-7 7.195208241322333e-8 7.169979389052527e-8 7.427854812451104e-9 7.4097986335168515e-9 
2.4  0.4981749185396014 0.4964521759871376 0.0025782586507793162 0.002569310399153804 0.0001099204808707274 0.00010952630914644806 2.692936679871337e-6 2.682791258499458e-6 1.792827594224101e-7 1.786558636587671e-7 7.125847793541252e-8 7.101072948219914e-8 6.85860180341029e-9 6.838940251366077e-9 
2.5  0.4981823550215147 0.49646639464961734 0.002571627061279051 0.0025627535462639825 0.00010581263943835862 0.00010544047630965993 2.572130640408488e-6 2.562722289227215e-6 1.6434900701516762e-7 1.6376677548630744e-7 7.062057131889369e-8 7.037637074634596e-8 6.3275091100342785e-9 6.312413220803992e-9 
2.6  0.4981852617360881 0.4964834884134182 0.0025654394933772233 0.0025566671963201987 0.00010207592144938439 0.00010172170609621796 2.4561329903910134e-6 2.444380977020432e-6 1.507155526638202e-7 1.4914740166872926e-7 7.001949214416937e-8 6.977135980538324e-8 5.365477558231018e-9 
2.7  0.498195617777066 0.496491630803265 0.0025596930610412684 0.002550940070501124 9.86683850006031e-5 9.832750880663655e-5 2.356341992312594e-6 2.344793281352029e-6 1.3953682699614176e-7 1.3811012149477156e-7 6.947507683477686e-8 6.923717862957645e-8 4.899841673672897e-9 
2.8  0.498204487823314 0.4964999304715037 0.0025543252460563477 0.0025455816646795686 9.554297439875862e-5 9.521310484573505e-5 2.2647575301255178e-6 2.253394577021766e-6 1.299316142616461e-7 1.2836125474953674e-7 6.897142752725226e-8 6.873019872288788e-8 4.568600221871726e-9 
2.9  0.4982133578394784 0.4965070758928691 0.002549280201924322 0.0025405456669609352 9.266404134985531e-5 9.23445954452705e-5 2.180634074107998e-6 2.1689409418326044e-6 1.2141335344652696e-7 1.1970033880802091e-7 6.85027883664162e-8 6.826681439489135e-8 4.303661106761277e-9 
3.0  0.49821861639761295 0.49651678210691835 0.0025445145148607915 0.002535830143062545 9.000177293751593e-5 8.969526862684574e-5 2.1022968934090083e-6 2.0915977239983417e-6 1.1373412402752037e-7 1.1226261809456905e-7 6.80641939169581e-8 6.784672195726333e-8 3.993705512215127e-9 
3.1  0.49822933471562675 0.49652008837728695 0.0025400587900845564 0.002531346109020435 8.753621653588534e-5 8.723515633852259e-5 2.030029262609909e-6 2.0194048142263886e-6 1.0694345543759213e-7 1.0544116352344317e-7 6.765258150051383e-8 6.741951612081991e-8 3.744313610783976e-9 
3.2  0.49823008693248766 0.49653256923475164 0.0025357804796301894 0.0025271457251714803 8.523546773148005e-5 8.494585489267788e-5 1.9553038898480233e-6 1.9487727366051924e-6 9.9158367212199e-8 9.88146446411104e-8 6.724373587507259e-8 6.701196225698741e-8 
3.3  0.49823676849240583 0.49653830184327574 0.002531773320295627 0.0025231475730246302 8.309564169800204e-5 8.281239618235193e-5 1.8932907860912064e-6 1.88683715965779e-6 9.374719301255243e-8 9.332087974438108e-8 6.68831612815231e-8 6.665393805300693e-8 
3.4  0.49824040653861545 0.49654638204096496 0.0025279558200157174 0.0025193670523674027 8.109512892245334e-5 8.081955035594041e-5 1.835040589483552e-6 1.8287997051926048e-6 8.874157777388959e-8 8.843655200416419e-8 6.654299833137248e-8 6.630733507100563e-8 
3.5  0.4982443266707305 0.4965535395681563 0.002524335409674062 0.002515770798574844 7.922030431412585e-5 7.895149701311145e-5 1.7807116711905577e-6 1.7746651442173744e-6 8.423938618665245e-8 8.393579174890819e-8 6.62167993902555e-8 6.598274482784237e-8 
3.6  0.4982486854802165 0.4965596799496983 0.0025208869202887514 0.002512345573201285 7.745957985310914e-5 7.719707253822525e-5 1.7298655286124364e-6 1.7240023687568685e-6 8.014837515912702e-8 7.981648598301489e-8 6.590897633895931e-8 6.568246827376389e-8 
3.7  0.4982515677600784 0.49656676061564287 0.002517595388590273 0.002509085991908206 7.580235156983455e-5 7.554610086382796e-5 1.6820329935820968e-6 1.6763434414354485e-6 7.63789055129154e-8 7.602199736347255e-8 6.561935605690429e-8 6.539465318224026e-8 
3.8  0.4982555307906219 0.49657226621726447 0.0025144624293541346 0.002505967581165918 7.423983539847989e-5 7.398900283896463e-5 1.6368740659645727e-6 1.6313398189211737e-6 7.287959321557169e-8 7.260965174978793e-8 6.533045580540084e-8 6.510976997254143e-8 
3.9  0.4982595457312603 0.49657726914721007 0.0025114651141313745 0.0025029856167453355 7.276384198002469e-5 7.251815354516499e-5 1.594402496218816e-6 1.5890159899883856e-6 6.967158960777013e-8 6.938839623462146e-8 6.506813309034525e-8 6.48485223341635e-8 
4.0  0.49826337317399466 0.49658203942569357 0.002508596584796295 0.0025001316060290703 7.13670758609244e-5 7.112624988808583e-5 1.5542851502625006e-6 1.5490389553463948e-6 6.670091592207015e-8 6.644649983435297e-8 6.481543398536391e-8 6.459678216561202e-8 
4.1  0.49826723492646063 0.4965863862547814 0.002505848671956474 0.002497395519536056 7.004334240629595e-5 6.980706653896011e-5 1.5163516610815336e-6 1.5112377885434128e-6 6.457535865043813e-8 6.435750701766892e-8 6.395621733815027e-8 6.373978679781682e-8 
4.2  0.49826963123519247 0.4965918375132348 0.002503205770264552 0.0024947773205543726 6.878640957884302e-5 6.855481697796098e-5 1.480416615122318e-6 1.4754343648632085e-6 6.434287312333742e-8 6.412746770108302e-8 6.140226297246726e-8 6.121061386016896e-8 
4.3  0.4982743876820249 0.4965945918281697 0.00250068063005519 0.002492250034284958 6.759199736103744e-5 6.736413243924177e-5 1.4463215587069692e-6 1.4414479488165304e-6 6.412329460537019e-8 6.390573542479937e-8 5.904152783624489e-8 5.8855600800219963e-8 
4.4  0.49827696021387613 0.49659921566843723 0.0024982428133558375 0.0024898313190919465 6.645480522556725e-5 6.623106959582388e-5 1.4138986125991678e-6 1.4091412995406319e-6 6.390791466502041e-8 6.36940076015972e-8 5.68248523686219e-8 5.664373029145425e-8 
4.5  0.49828114675669416 0.4966019323566042 0.0024959060884406684 0.0024874946130969775 6.537118025300977e-5 6.515088458031213e-5 1.3831213736928148e-6 1.3784629662166167e-6 6.370916587474803e-8 6.349309105357319e-8 5.474343151088599e-8 5.459030240691432e-8 
4.6  0.49828443274151446 0.4966052749396578 0.0024936516080082956 0.0024852481726236535 6.433703218764317e-5 6.412023027551762e-5 1.35377327259209e-6 1.3492142529832763e-6 6.351249628019087e-8 6.329825647442485e-8 5.2819945953437654e-8 5.2657507693813534e-8 
4.7  0.49828738578588255 0.49660869409050107 0.0024914770056584665 0.0024830833822023397 6.334885959142181e-5 6.313545356216829e-5 1.3258040145115368e-6 1.3213402788738936e-6 6.332336547334823e-8 6.311005322234739e-8 5.0995217421530586e-8 5.084967247191652e-8 
4.8  0.4982903746584749 0.49661183549872945 0.002489379941107191 0.0024809941898605746 6.24037884402992e-5 6.219358597440961e-5 1.2990994732006694e-6 1.294726279338637e-6 6.314235401424771e-8 6.292966334257227e-8 4.929268441478514e-8 4.914695885390033e-8 
4.9  0.4982932214028547 0.4966148924161279 0.002487354676524819 0.0024789770284118842 6.149887234417457e-5 6.129175045001306e-5 1.273588306212993e-6 1.2693015802789342e-6 6.297380133150351e-8 6.275631644374722e-8 4.7686737975381124e-8 4.754654487860875e-8 
5.0  0.4982960118029888 0.4966177915206028 0.002485398181063384 0.002477027781494118 6.063156735692591e-5 6.0427384367323244e-5 1.249181353099668e-6 1.2449773311487783e-6 6.280547719172365e-8 6.258876528892068e-8 4.6172409250105185e-8 4.60367902348818e-8 
