#mmax= 10
#m-states: all states (FBR)
#Nr. of sites: 36

0.0  -0.0  0.0
0.1  -21.894358930303497  0.5738202462930972
0.2  -80.78965962802381  0.9999999999999982
0.3  -82.77386972695774  0.3412716519424642
0.4  -288.7896596280238  0.9999999999999993
0.41  -288.78970502692306  0.9999545986215861
0.42  -226.78965962802383  1.0000000000000007
0.43  -222.80780955594162  0.9821766921887751
0.44  -223.90122434727678  0.5699254787747918
0.45  -282.7896596280238  1.0000000000000007
0.46  -292.7922320128517  0.9974337302453953
0.47  -530.7896596280239  Inf
0.48  -290.7896596280238  0.9999999999999997
0.49  -432.7896596280238  Inf
0.5  -288.9325912565237  0.8748460892726188
0.51  -292.9190633242045  0.8866195862121798
0.52  -356.7896596280238  Inf
0.53  -350.7896596280238  Inf
0.54  -357.48280680858375  Inf
0.55  -350.8078095559416  Inf
0.56  -364.78999503443447  Inf
0.57  -442.7896604598311  Inf
0.58  -440.7896596280238  Inf
0.59  -438.7896596280238  Inf
0.6  -432.7896596280238  Inf
0.7  -618.7896596280239  Inf
0.8  -610.7896596280239  Inf
0.9  -Inf  NaN
1.0  -Inf  NaN
1.1  -Inf  NaN
1.2  -Inf  NaN
1.3  -Inf  NaN
1.4  -Inf  NaN
1.5  -Inf  NaN
1.6  -Inf  NaN
1.7  -Inf  NaN
1.8  -Inf  NaN
1.9  -Inf  NaN
2.0  -Inf  NaN
2.1  -Inf  NaN
2.2  -Inf  NaN
2.3  -Inf  NaN
2.4  -Inf  NaN
2.5  -Inf  NaN
2.6  -Inf  NaN
2.7  -Inf  NaN
2.8  -Inf  NaN
2.9  -Inf  NaN
3.0  -Inf  NaN
3.1  -Inf  NaN
3.2  -Inf  NaN
3.3  -Inf  NaN
3.4  -Inf  NaN
3.5  -Inf  NaN
3.6  -Inf  NaN
3.7  -Inf  NaN
3.8  -Inf  NaN
3.9  -Inf  NaN
4.0  -Inf  NaN
4.1  -Inf  NaN
4.2  -Inf  NaN
4.3  -Inf  NaN
4.4  -Inf  NaN
4.5  -Inf  NaN
4.6  -Inf  NaN
4.7  -Inf  NaN
4.8  -Inf  NaN
4.9  -Inf  NaN
5.0  -Inf  NaN
