#mmax= 10
#m-states: all states (FBR)
#Nr. of sites: 36
 
0.0  1.0 
0.1  0.9968288117536138 0.002555607989758358 0.0006153235817797309 1.5710758989324733e-7 9.956725859390605e-8 
0.2  0.986674170930913 0.010980138160235086 0.002339890073444435 2.776747456646505e-6 1.704034774931275e-6 1.3073578630853726e-6 1.269531515388488e-8 
0.3  0.9667256352773639 0.02845545487905586 0.00476676507026479 2.3842244002401485e-5 1.7560128440167628e-5 1.0199791653892407e-5 2.3535480400153234e-7 1.859033802445309e-7 1.1058106818080866e-7 1.0769964548085692e-8 
0.4  0.9254196518533793 0.06707111733507931 0.007010938520120032 0.000335254867686667 9.909594947197519e-5 5.343371542824762e-5 5.2789247839873645e-6 3.1088656938842045e-6 1.4927437612370267e-6 4.5177067970563133e-7 6.848784081256017e-8 4.16072765292713e-8 4.015416733425699e-8 2.5204631620785558e-8 
0.41  0.9185078249106148 0.07367969228519569 0.007159846726268208 0.0004500211036654093 0.00012274024915860635 6.531875432748397e-5 7.254716433853522e-6 4.037354442799936e-6 2.4782823390390284e-6 5.07801570347111e-7 9.971308821165375e-8 7.212299498634572e-8 5.5723815870598046e-8 3.450807918646057e-8 1.5748005269260188e-8 
0.42  0.9105506306177121 0.08129842913972554 0.007281646409301583 0.0006125740424217435 0.00015521162941437304 8.116562476761157e-5 1.0024804926799351e-5 5.217719416820028e-6 4.096394330416396e-6 5.71984796720144e-7 1.5097483401750605e-7 1.2695096488576873e-7 7.51821001838303e-8 5.192129806319219e-8 2.112530343249818e-8 5.478685486889719e-9 
0.43  0.901216750601339 0.09023482108200813 0.007369662492784948 0.0008457677771438668 0.00020164321722852973 0.00010295432480138458 1.3841814244337223e-5 6.696557787930775e-6 6.559889995607672e-6 6.485733837879637e-7 2.226297227303731e-7 2.165724732397099e-7 1.0143578001882464e-7 8.094822337322684e-8 2.5319479655447605e-8 6.763606258812772e-9 
0.44  0.8899620502156539 0.10098286602768745 0.007415168421884889 0.0011932041438476686 0.00027203613421078503 0.0001341744460628159 1.9285689074305644e-5 1.0829942587292197e-5 8.58572114155648e-6 7.502585770212693e-7 3.861224843783828e-7 3.3986969445397434e-7 1.417398246060281e-7 1.3363286770081358e-7 2.9333137178088822e-8 1.0317534198566597e-8 7.983730739456126e-9 
0.45  0.8760190652506066 0.11424052559338639 0.007405963468280222 0.0017110222965041927 0.00038374043450834763 0.00018047517811623778 2.686869243693437e-5 1.8642579505965467e-5 1.0896073083015222e-5 9.045495224271815e-7 7.734206023352311e-7 5.583856937281504e-7 2.2637443641181723e-7 1.8905035840146444e-7 4.577835698107669e-8 4.260641551310552e-8 3.3468890766679694e-8 1.4694650906311697e-8 1.2104644430740421e-8 
0.46  0.8581523239915444 0.1311481975395115 0.007324455046994081 0.0024718622223279287 0.0005676141599378276 0.00025177161965451674 3.6576410593606244e-5 2.935948715748869e-5 1.3617720574124932e-5 1.3146191434542152e-6 1.1533091506721126e-6 9.010289027563559e-7 3.581407806510923e-7 2.41897256745384e-7 9.591814713651806e-8 7.896530206022583e-8 3.7126185059027424e-8 2.1466691462833103e-8 1.9330145934979205e-8 
0.47  0.8346523540011488 0.1533291849621693 0.007147889752134079 0.0035204634961036076 0.0008725244258206516 0.0003636555709913307 4.8107805986546864e-5 4.282973550949488e-5 1.6546695766999096e-5 2.1210256807316727e-6 1.601800229035864e-6 1.4584857611244586e-6 5.220146150270169e-7 2.901149824563427e-7 1.9666725695068477e-7 1.326188244845582e-7 4.0938890815386054e-8 4.015510213152652e-8 3.0701811743828066e-8 6.1640518343174544e-9 2.867165068883664e-9 
0.48  0.80358211293987 0.18275100710876419 0.006852085680132341 0.004778108671827495 0.0013539765936072378 0.0005371337210252502 6.003299573291229e-5 5.6714459043939565e-5 1.920070934001707e-5 3.1580071911953466e-6 2.3699253404572644e-6 2.3443954930652643e-6 6.808730053396198e-7 3.6256148864179007e-7 3.195096652178447e-7 2.0134698272431905e-7 7.068889333302465e-8 5.7409831839910464e-8 4.487615180505867e-8 9.209914845715181e-9 8.316700422435484e-9 
0.49  0.7637577892069917 0.2208593187519361 0.006424615940569258 0.00596083511111649 0.002031143491995516 0.0007919383253887431 7.069404326054311e-5 6.861948522273253e-5 2.0969572361022508e-5 4.603332348654902e-6 3.5892110041511018e-6 3.5810735141315046e-6 7.916628286409667e-7 5.443483371242514e-7 3.256792077844254e-7 3.2430061811212395e-7 1.197960201756655e-7 8.539242503987891e-8 5.162330183438566e-8 2.57712294349883e-8 1.2268103028718681e-8 1.183912175102953e-8 9.773100037873174e-9 
0.5  0.7168706085756557 0.2664721525410828 0.006647151408885194 0.005889301210133317 0.0028034051929155756 0.001126492180105899 7.723557693854315e-5 7.386964692185814e-5 2.1317729877586032e-5 5.7663369293946265e-6 5.19865130265768e-6 4.9133032807360454e-6 8.006398175851671e-7 6.56860831772708e-7 3.9916663255350755e-7 3.084361699263527e-7 1.783750304568291e-7 9.680371230827452e-8 6.074436649294487e-8 3.8886312346310296e-8 1.4359787970609223e-8 1.393259425013427e-8 1.1650275011262276e-8 7.790443181273453e-9 
0.51  0.6682545257055795 0.3146404052241738 0.006637185814787168 0.005315472063394911 0.0034550408742397517 0.0015044346771985614 7.829398288250816e-5 7.255325694652135e-5 2.0374000344764014e-5 6.945312295459114e-6 6.32385319701576e-6 5.880572143104373e-6 7.190132684927807e-7 6.518559936526366e-7 4.300723981717227e-7 2.7730698806738985e-7 2.2725489701754468e-7 9.095250992454055e-8 7.406653735332645e-8 4.381726373587825e-8 1.4745050583044517e-8 1.4254882752636877e-8 1.3118154017884758e-8 8.204876160864856e-9 
0.52  0.6240085956369881 0.3592306034964739 0.006108495833744614 0.004780790748843029 0.003815848087652345 0.0018719194506779254 7.45728985463128e-5 6.718984970014578e-5 1.8733101686935234e-5 8.486984784020912e-6 6.248609036005826e-6 6.189957320163744e-6 5.915224882224901e-7 5.677269168383801e-7 4.1711849022848787e-7 2.6421821063307103e-7 2.3024152474794258e-7 8.621959507737555e-8 7.563488818575382e-8 4.424872946332577e-8 1.4149189243835225e-8 1.3688044343779089e-8 1.200642441308987e-8 8.570045732685221e-9 
0.53  0.5880340312353911 0.39604261438167 0.005367052736580173 0.004336013984786781 0.0038663964031678826 0.002185914217337198 6.772147716749258e-5 6.0137334566877726e-5 1.6978734845771485e-5 9.608637247712847e-6 5.869486108558619e-6 5.6779322558387245e-6 4.6323855384970005e-7 4.55977834171562e-7 3.6701849518011304e-7 2.6320682347438324e-7 1.9566902530117168e-7 9.624104641421276e-8 5.8528996462761693e-8 3.9376029434988675e-8 1.32910323621524e-8 1.1935867786980703e-8 1.0474157808008831e-8 8.481014045338677e-9 
0.54  0.561029579770997 0.4240643130530598 0.0046314556679194685 0.003993246854021936 0.003701311495519596 0.002429827583191284 5.975489520069327e-5 5.3057359346042706e-5 1.5455985331535978e-5 1.0305309713827346e-5 5.169417106190413e-6 4.881588763415791e-6 3.565534646723707e-7 3.5167551966021955e-7 3.0169532959771923e-7 2.480080156954754e-7 1.6529782777067656e-7 1.018341288415728e-7 4.351535850037006e-8 3.151432431791091e-8 1.2135205085544559e-8 1.0793616794234034e-8 1.0023721432491371e-8 7.973318489744281e-9 
0.55  0.5413078495744472 0.4447895107664845 0.003990569072857073 0.0037344156769180486 0.003432622222411911 0.0026120635783684894 5.189404253144708e-5 4.660907203562183e-5 1.4224243521336878e-5 1.068384677428504e-5 4.292947991731716e-6 3.950193037938001e-6 2.762590502847321e-7 2.629499046082763e-7 2.2965911780386784e-7 2.2633359773144618e-7 1.3718292149037437e-7 1.0246212639670175e-7 2.646588128349703e-8 1.602850720413031e-8 1.1754716469389907e-8 1.1731982321030968e-8 7.71218705652912e-9 6.2226274478940354e-9 
0.56  0.527582699241318 0.4594184550354794 0.0035466023837658275 0.0034628947945811463 0.0031313410632667522 0.002739390790650379 4.5337958177194756e-5 4.1291956675351326e-5 1.3271423590377522e-5 1.0843677410791545e-5 3.512810351092093e-6 3.2752547338707437e-6 2.2309150926525447e-7 2.0695290271056784e-7 2.009048173653033e-7 1.8204371841804167e-7 1.1325589398592496e-7 9.787964833102538e-8 1.9710201995324845e-8 1.172249942853645e-8 1.1424758717328238e-8 1.0566277315251772e-8 6.057774437300509e-9 
0.57  0.5178450449157914 0.46994261181286445 0.0034065983047380233 0.003032759158255614 0.0028376873311419543 0.002829190611462756 3.96675022725778e-5 3.672130011453752e-5 1.2535457515961613e-5 1.0874734931016932e-5 2.777382046559348e-6 2.633598820465292e-6 1.9082781207639313e-7 1.8978795190933067e-7 1.5080806784182712e-7 1.431475179089686e-7 9.272429742705813e-8 8.781437179783865e-8 1.148025900097222e-8 1.0914659223964203e-8 1.036753239919004e-8 1.0017575054340802e-8 
0.58  0.5112255294861812 0.4772318832864655 0.003304901233406823 0.0028880466370534955 0.0026843411652949793 0.0025690674447244985 3.51745252384659e-5 3.308267583017317e-5 1.1972094941135418e-5 1.082392230012299e-5 2.246617739168977e-6 2.150657183758828e-6 1.7858366777660329e-7 1.716002747308091e-7 1.2055422856415239e-7 1.1613638623637236e-7 7.65672449036292e-8 7.590987605470371e-8 1.0630425827789928e-8 1.0557804440200053e-8 1.0181625629407681e-8 9.53210648484182e-9 
0.59  0.5065247198177057 0.4825070015364171 0.0032273728485711643 0.002927831768954714 0.0023963952663420968 0.002328823712084379 3.1405127443866124e-5 2.995733225500893e-5 1.1521906599518846e-5 1.0729577387860486e-5 1.8080024837931793e-6 1.7446353667866365e-6 1.686960638911986e-7 1.608966716042338e-7 9.783494053059268e-8 9.517193423115631e-8 6.394619655926358e-8 6.32523274084713e-8 1.0062792622429905e-8 9.785555967128248e-9 9.774264007073761e-9 9.047643409800722e-9 
0.6  0.5032841762082536 0.4862389964485345 0.0031687212467636453 0.002952598166309809 0.0021570727986114937 0.002117608898744733 2.828961349956461e-5 2.72826219859505e-5 1.1160535575586747e-5 1.061064641783769e-5 1.4502651168524224e-6 1.414856561560777e-6 1.610092926475352e-7 1.5402823310369685e-7 8.0748358115179e-8 7.924202428066505e-8 5.337046526781398e-8 5.279814570452024e-8 9.56390987302207e-9 9.326637376765693e-9 9.014259572036065e-9 8.592300000794841e-9 
0.7  0.49767909237021557 0.49437516980298885 0.002956144346739802 0.002934432035396432 0.0010077710440103975 0.0010010468429540117 1.3471536198632545e-5 1.3328145249433105e-5 9.423472834336327e-6 9.357688768542906e-6 2.2078757452665573e-7 1.9464298176377243e-7 1.2680226160259008e-7 1.243718728949716e-7 2.678085625269725e-8 2.3242955758333047e-8 2.067947193557434e-8 2.0476864940942608e-8 4.929803917369217e-9 
0.8  0.4981306620612607 0.494844431469035 0.002884404194394666 0.0028653703765167534 0.000623188812544522 0.0006190624186611512 8.495469258844541e-6 8.439330230651257e-6 7.799476441968246e-6 7.744874899118633e-6 1.1260528167577694e-7 1.1190129614891098e-7 5.293483149389646e-8 5.216444811867136e-8 1.9369301090264645e-8 1.9237992645062855e-8 1.6711604244186576e-8 1.6592002273722596e-8 
0.9  0.5020885212324022 0.49134684211905366 0.002854804636108229 0.002793606573840742 0.0004503245653430355 0.0004405878949689816 7.783299004504924e-6 7.610129007815998e-6 4.862649459109155e-6 4.752499001605068e-6 1.0533970457546227e-7 9.876954850834304e-8 2.632509941086397e-8 2.2766597295650456e-8 1.9355731368116815e-8 1.8844797057843307e-8 1.3000332739308428e-8 
1.0  0.5020127382611516 0.491698810798992 0.0028135281818991377 0.0027559171359221577 0.0003528453913801153 0.00034565907762980726 7.084199236438436e-6 6.942183486904173e-6 3.13682397716281e-6 3.0769607633555954e-6 9.492650772755847e-8 9.343925447920274e-8 1.901187560466407e-8 1.84189378941791e-8 1.77319841129695e-8 1.7457003483794805e-8 
1.1  0.5050100080038216 0.4888874187321266 0.002797465760608751 0.002708164837977645 0.0002945481460451526 0.0002851447850090553 6.5100931530088885e-6 6.302203145517514e-6 2.1305869863400244e-6 2.0625410623652836e-6 9.14114207485976e-8 8.847808391246271e-8 1.8599336991435284e-8 1.7938575425286885e-8 1.4274486617388847e-8 1.3608161390165711e-8 
1.2  0.5061966517435433 0.4878364740208844 0.0027765488925819777 0.0026758411503023387 0.00025439737691856397 0.000245169900353771 5.975568086095673e-6 5.75873912777158e-6 1.5030406320420212e-6 1.4484645085285752e-6 8.841292959224067e-8 8.519926635682796e-8 1.794365481133651e-8 1.7099305106883575e-8 1.1506380030677835e-8 1.0941526065298381e-8 
1.3  0.5075648359776724 0.4865732053508466 0.00276056214753616 0.0026463836898300104 0.00022559107757212036 0.00021626031942843603 5.5037815602686235e-6 5.276083853663741e-6 1.1038783825325434e-6 1.0581199368492934e-6 8.588781221053679e-8 8.23335042898783e-8 1.7009165315346273e-8 1.6284337993059426e-8 9.224698314597304e-9 8.83386346038916e-9 
1.4  0.5097245486883448 0.48449752502259386 0.0027520647589312514 0.002615858022002002 0.00020415780187626236 0.00019405215307901754 5.096245140964128e-6 4.843932837478206e-6 8.430216984246336e-7 8.012150302122326e-7 8.408836509421383e-8 7.992336750752487e-8 1.599631647461739e-8 1.489074141944898e-8 7.307932482485143e-9 6.931746515292745e-9 
1.5  0.5099537731927599 0.4843380748456639 0.002735518263863734 0.00259810772816856 0.00018662411082722073 0.00017723732688106698 4.71868111392177e-6 4.478249595925427e-6 6.538528271520751e-7 6.201917862879942e-7 8.212719295495843e-8 7.799039562102514e-8 1.4919610573482918e-8 1.4111322636344402e-8 4.4079925358138175e-9 
1.6  0.5103753588067336 0.48397529552855106 0.002722128534165011 0.0025813489788084837 0.0001725141111819225 0.00016358746675658404 4.387935130038279e-6 4.158943706058845e-6 5.305482612839968e-7 5.019260190785587e-7 8.055905810977711e-8 7.63880156521792e-8 1.3754937402342607e-8 1.3068795588933449e-8 3.449880718714488e-9 
1.7  0.5108007417466192 0.4836006279984133 0.002710441637994334 0.0025661293146647763 0.00016081303288185628 0.0001522509730424983 4.094234181695507e-6 3.876317477364906e-6 4.346083060132356e-7 4.1147926048905384e-7 7.916392991027059e-8 7.495544896904302e-8 1.2568226698701536e-8 1.1969554268394834e-8 
1.8  0.510755806881159 0.48368974210057847 0.0026977092441695934 0.0025547517559784453 0.0001508127904697846 0.00014282090288855149 3.833147311683932e-6 3.630024273014604e-6 3.6922631341831585e-7 3.4966089749139684e-7 7.789589574182353e-8 7.376810110364749e-8 1.1590499414264219e-8 1.101146529866671e-8 
1.9  0.5112619623394938 0.4832225168565317 0.0026891145241121775 0.002541632119199244 0.00014238950027450044 0.00013458010826245572 3.6052605517666772e-6 3.407495261259637e-6 3.1954066401238356e-7 3.020046611243806e-7 7.684981456489187e-8 7.263091948190866e-8 1.0670384977978005e-8 1.0099870699005413e-8 
2.0  0.5113482990488386 0.48317097398482023 0.002679275924897413 0.00253164218500318 0.00013496136733030087 0.00012752481111921965 3.3990840951762356e-6 3.2118048327715353e-6 2.803074816002151e-7 2.648655428328768e-7 7.58520834376927e-8 7.167771970856997e-8 9.813271806396876e-9 9.272964233502e-9 
2.1  0.5115711001016432 0.4829794160690164 0.002671046546352173 0.0025217692212979766 0.0001284746830128059 0.00012129467589561848 3.2155497408123537e-6 3.0358612724721643e-6 2.489716113593919e-7 2.3505806303615846e-7 7.496540040543855e-8 7.078167938548892e-8 9.007465318338637e-9 8.50755042431377e-9 
2.2  0.5117165815346165 0.4828621677173351 0.002663197542644688 0.002513029101471409 0.000122710226695405 0.00011579110283587271 3.050157202489232e-6 2.8781820603184395e-6 2.2338060710310653e-7 2.1078630284351684e-7 7.418744470807589e-8 6.999721697748124e-8 8.26702925729439e-9 7.816540091205544e-9 
2.3  0.5115662352849056 0.48303816413478035 0.0026545023545928867 0.002506470421051118 0.00011749642886035299 0.00011094405140075225 2.8994219826482708e-6 2.7377296322824867e-6 2.0194555726762361e-7 1.906835219495922e-7 7.340561302835733e-8 6.931454790042848e-8 7.621776404016715e-9 7.201778822011172e-9 
2.4  0.5115866634524934 0.48304125782241264 0.0026472525470302415 0.0024995488684468746 0.00011284371950065504 0.0001065476527774999 2.7636508203614686e-6 2.6094675038234453e-6 1.8402177535816898e-7 1.7375508397234622e-7 7.272076498032362e-8 6.865815940838551e-8 7.012590753186124e-9 6.650639481991308e-9 
2.5  0.5113625494903182 0.4832870549035543 0.002639276353327061 0.002494339936490553 0.00010858434524070835 0.0001026083053440482 2.6390454405650253e-6 2.476238595323695e-6 1.6864779748475668e-7 1.5627169555552141e-7 7.205139428086136e-8 6.798174997899799e-8 6.429051707961913e-9 
2.6  0.5113878388161256 0.48328165330966966 0.002633087529733443 0.002488326704107322 0.00010476188188933174 9.898959138195584e-5 2.5266232231884904e-6 2.3711376943349594e-6 1.554734070401891e-7 1.4401320613488178e-7 7.146584274273958e-8 6.743689125942347e-8 6.016830775331944e-9 
2.7  0.511102403668483 0.4835855560303354 0.0026256679165395577 0.0024842989247561404 0.00010120510752050375 9.574833139662773e-5 2.419533189535455e-6 2.2797556319390007e-6 1.4359145613048883e-7 1.3401217124170141e-7 7.088772155048254e-8 6.702119869811884e-8 5.21960208644636e-9 
2.8  0.5110459989676162 0.4836590731811285 0.0026198497883849234 0.0024794435931858806 9.79867922938048e-5 9.27310556771659e-5 2.3237341125795988e-6 2.1929274134070582e-6 1.3341706202300538e-7 1.2483334665687252e-7 7.036662636156921e-8 6.657366465189152e-8 4.769488517688905e-9 
2.9  0.5110142532260867 0.4837068355887653 0.0026144653832402315 0.002474744051594306 9.502751623314636e-5 8.994479545459522e-5 2.2361072357777776e-6 2.1118650361513337e-6 1.2423141026420742e-7 1.1681270347186256e-7 6.989567591642482e-8 6.613431621583122e-8 4.392248730067045e-9 
3.0  0.5109510730227493 0.4837849469944885 0.002609248910965044 0.0024705100493950995 9.22873441003992e-5 8.73759572626018e-5 2.156610897027274e-6 2.03589121814638e-6 1.1665626516047075e-7 1.0925747588783745e-7 6.944825893305565e-8 6.572763570560123e-8 4.1292897290093885e-9 
3.1  0.5109185014916592 0.4838315182414546 0.0026044637093279575 0.002466377911372472 8.975114639207728e-5 8.498872300803463e-5 2.0814619813345504e-6 1.9667955411120576e-6 1.0943110882493765e-7 1.0287545039290772e-7 6.903141065416958e-8 6.53500687232437e-8 3.83122722987304e-9 
3.2  0.5108804456726365 0.4838827932944122 0.002599885630478044 0.0024624908046744286 8.7384336253048e-5 8.27660757818193e-5 2.004349057943182e-6 1.8983831616318539e-6 1.0162380225247907e-7 9.627028287076676e-8 6.859285013673922e-8 6.49666098245189e-8 
3.3  0.5107893487076525 0.483986280727244 0.002595282009120794 0.0024591103313482436 8.517427227541755e-5 8.070538938338318e-5 1.94021528142837e-6 1.8384406676280555e-6 9.604440118652542e-8 9.099819335247972e-8 6.822640452595689e-8 6.46380309352207e-8 
3.4  0.5107888441259705 0.483998480958463 0.002591363541381594 0.0024554515819487127 8.312368307034831e-5 7.876405550127791e-5 1.8806898743088125e-6 1.7820599001050171e-6 9.093174800186209e-8 8.618098924998803e-8 6.787771094922667e-8 6.431344063920932e-8 
3.5  0.510777682718237 0.4840207068152648 0.00258757662809009 0.0024520330109613847 8.119998991808402e-5 7.694656839537016e-5 1.825052657493355e-6 1.729461507303111e-6 8.635774457362729e-8 8.182970179242092e-8 6.755412481954523e-8 6.401339716567312e-8 
3.6  0.5107647099239354 0.4840441589737568 0.0025839659489379817 0.0024487885358630487 7.939306752006703e-5 7.523973889495109e-5 1.7728038563202742e-6 1.680067188332826e-6 8.213320939679496e-8 7.783279786213215e-8 6.724917795686427e-8 6.372486214449733e-8 
3.7  0.5107577129754193 0.4840611047245075 0.0025805480309453077 0.002445668379771314 7.769327062745884e-5 7.363244515208593e-5 1.723718730111532e-6 1.63362920892615e-6 7.825636685397908e-8 7.416508903508166e-8 6.695489897635552e-8 6.34492823987228e-8 
3.8  0.5107558596370821 0.4840723629438858 0.0025773356963219103 0.0024426885090877977 7.609256898538123e-5 7.211736309046941e-5 1.6777467907542847e-6 1.5901115608854622e-6 7.473323837286998e-8 7.083362877131401e-8 6.666982105540869e-8 6.318650641486263e-8 
3.9  0.5107581323849402 0.48407914842615574 0.0025742339411039396 0.0024397729715516896 7.45783173105918e-5 7.06828694370067e-5 1.634005834936823e-6 1.5486612413641805e-6 7.139726869012255e-8 6.768134904935753e-8 6.640895839770233e-8 6.29348473600921e-8 
4.0  0.5107579690281581 0.48408785516019076 0.002571299922719165 0.002437035642575292 7.314746132865751e-5 6.932801717700718e-5 1.5929601294551076e-6 1.5097928479761628e-6 6.836483264159496e-8 6.614354760057258e-8 6.481687437428312e-8 6.268961956230427e-8 
4.1  0.5107559271822154 0.4840980974135395 0.0025684570222293266 0.0024344023156430503 7.17899378833665e-5 6.804308034938214e-5 1.5540444464243003e-6 1.472945133889017e-6 6.589952025519773e-8 6.554983608732273e-8 6.245996064329314e-8 6.214924062363688e-8 
4.2  0.5107566127979006 0.4841052481400543 0.0025657444248182656 0.002431863918117379 7.050185120487432e-5 6.682311740437795e-5 1.5171948598315114e-6 1.4380387673872056e-6 6.566528864008952e-8 6.294319875760404e-8 6.223883535477352e-8 5.966955186063394e-8 
4.3  0.5107594297700124 0.4841099514185031 0.0025631345971153666 0.00242941118159556 6.927734147503031e-5 6.566302442575113e-5 1.4823019536461768e-6 1.4049808396452101e-6 6.545484378698961e-8 6.20355742448267e-8 6.052146278149691e-8 5.737219844986891e-8 
4.4  0.5107582430532939 0.4841183268161176 0.0025606215852967545 0.002427074443627116 6.811157414519317e-5 6.455924067019893e-5 1.4491388060774025e-6 1.373568734458491e-6 6.525381008735772e-8 6.183909735287219e-8 5.8258215660709366e-8 5.522818784020143e-8 
4.5  0.5107638296569046 0.48411963581968315 0.002558236651430872 0.0024247928306823977 6.700132936316886e-5 6.350633908150956e-5 1.4176197495392353e-6 1.3436795289482525e-6 6.505331994793171e-8 6.16491439862375e-8 5.6145856492707014e-8 5.322525857317144e-8 
4.6  0.5107624903621977 0.4841275976946226 0.0025559056385938113 0.002422628701429668 6.594077855518887e-5 6.250228437589931e-5 1.3875304239109011e-6 1.315188665244735e-6 6.485551840601041e-8 6.146349985538772e-8 5.415682583984387e-8 5.134529271131885e-8 
4.7  0.5107695081209916 0.4841269352244179 0.0025537086920856397 0.0024205022692978455 6.49288917966159e-5 6.154205929872288e-5 1.358892202997116e-6 1.288015358344559e-6 6.466572394647257e-8 6.128559852195067e-8 5.230221842533597e-8 4.9581011471486794e-8 
4.8  0.510771156968753 0.4841314182670575 0.0025515479888897716 0.002418474635930028 6.396011562629659e-5 6.062423917450816e-5 1.3315636103194972e-6 1.2621239184709566e-6 6.449155122804036e-8 6.111701039013432e-8 5.055807930575404e-8 4.7930399802912316e-8 
4.9  0.5107698623394187 0.48413861069222247 0.002549454472888863 0.0024165318546373344 6.303200855955788e-5 5.9745576382396995e-5 1.3053042126718535e-6 1.2372517280953749e-6 6.430582606605998e-8 6.094196169742626e-8 4.889987961665348e-8 4.635228163615253e-8 
5.0  0.510766071025432 0.484148078412928 0.002547425648184604 0.0024146674275568993 6.214257475054784e-5 5.890392939223993e-5 1.2802848883380266e-6 1.2135575436062483e-6 6.413202520108755e-8 6.078210252447193e-8 4.7345320091113674e-8 4.487987672939921e-8 
