#mmax= 10
#m-states: all states (FBR)
#Nr. of sites: 24

0.0  -0.0  0.0
0.1  -6.104244650934128  0.18881251675808355
0.2  -42.78965963435962  0.9999999936635606
0.3  -81.1561324052887  0.7121560301705318
0.4  -214.78965962802383  0.9999999999999996
0.41  -172.825635927772  0.9649831449354992
0.42  -168.78965962802383  1.0000000000000007
0.43  -156.78965962802383  0.9999999999999977
0.44  -168.825635927772  0.9649831449355005
0.45  -226.78965962802383  1.0000000000000007
0.46  -170.91658837147457  0.8888141937651328
0.47  -223.48280680858377  0.7070714214274956
0.48  -218.78965962802383  1.0000000000000002
0.49  -227.55684806642202  0.6596548207637344
0.5  -282.7896596280238  1.0000000000000007
0.51  -170.95502930396168  0.8555809272363096
0.52  -227.54944345621374  0.6645043366180424
0.53  -282.7896596280238  1.0000000000000004
0.54  -270.7896596280238  1.0000000000000007
0.55  -286.7896596280238  0.9999999999999991
0.56  -220.78970502692303  0.9999545986215864
0.57  -280.7896596280238  1.0000000000000004
0.58  -288.7896596280238  0.9999999999999993
0.59  -276.7896596280238  1.0000000000000007
0.6  -354.7896596280238  Inf
0.7  -340.7896596280238  1.0000000000000002
0.8  -354.79000117652976  Inf
0.9  -430.7896596280238  Inf
1.0  -612.7896604595522  Inf
1.1  -522.7896596280239  Inf
1.2  -522.7896596432538  Inf
1.3  -514.7896604595522  Inf
1.4  -526.7900404180717  Inf
1.5  -Inf  NaN
1.6  -527.4828098806878  Inf
1.7  -Inf  NaN
1.8  -Inf  NaN
1.9  -Inf  NaN
2.0  -Inf  NaN
2.1  -Inf  NaN
2.2  -Inf  NaN
2.3  -Inf  NaN
2.4  -Inf  NaN
2.5  -Inf  NaN
2.6  -698.7896596280239  Inf
2.7  -Inf  NaN
2.8  -Inf  NaN
2.9  -Inf  NaN
3.0  -Inf  NaN
3.1  -Inf  NaN
3.2  -Inf  NaN
3.3  -Inf  NaN
3.4  -Inf  NaN
3.5  -Inf  NaN
3.6  -Inf  NaN
3.7  -Inf  NaN
3.8  -Inf  NaN
3.9  -Inf  NaN
4.0  -Inf  NaN
4.1  -Inf  NaN
4.2  -Inf  NaN
4.3  -Inf  NaN
4.4  -Inf  NaN
4.5  -Inf  NaN
4.6  -Inf  NaN
4.7  -Inf  NaN
4.8  -Inf  NaN
4.9  -Inf  NaN
5.0  -Inf  NaN
