#mmax= 10
#m-states: all states (FBR)
#Nr. of sites: 24
 
0.0  1.0 
0.1  0.9968289018759917 0.002555521878012207 0.0006153195653319387 1.571102291526034e-7 9.9570434945303e-8 
0.2  0.9866740466543159 0.010980275106008283 0.002339886101577058 2.7765648561679063e-6 1.7040789872521747e-6 1.3114942549195906e-6 
0.3  0.9667268043382504 0.02845454735669094 0.0047667672572882635 2.361819890807283e-5 1.754344188385732e-5 1.0194891973933385e-5 2.2935706604605462e-7 1.8464750278441447e-7 1.1051043786143368e-7 
0.4  0.9254797447350128 0.06701876926076998 0.007011976584509575 0.00032783504829205623 9.855047455427528e-5 5.327156499647388e-5 5.042622287716968e-6 3.0642662439115193e-6 1.1645693136114496e-6 4.523526137195365e-7 6.28902714518492e-8 4.1432762911819534e-8 2.4198373555303245e-8 
0.41  0.9186261335219845 0.07357461256297072 0.007161951124490786 0.0004369257378693754 0.00012162512907175913 6.495898506384706e-5 6.980225103194038e-6 3.950821419174817e-6 2.1095172098991292e-6 5.042836187775067e-7 9.735006966938045e-8 5.988962843334212e-8 5.5567341309559616e-8 3.158253386540511e-8 3.7016244559361463e-9 
0.42  0.9107967534177291 0.08108179918059835 0.007285636983210226 0.0005841854287912187 0.0001524914553392222 8.031187569156278e-5 9.433937085590368e-6 5.059155398036813e-6 3.370153394489817e-6 5.703454949055363e-7 1.4206843065826175e-7 1.0243247156268129e-7 7.352161425673449e-8 4.500309794328472e-8 1.983505700250746e-8 5.206595947868886e-9 
0.43  0.9017575092208721 0.08976345000962135 0.007378407503723298 0.0007802263450368917 0.00019463269768534228 0.00010082299820615355 1.2537377191925174e-5 6.3676591111223095e-6 4.833572508222627e-6 6.525199678704822e-7 2.0106339561149223e-7 1.569667946047028e-7 9.83811720812692e-8 6.259170829789153e-8 2.398717257400404e-8 1.0639941629627652e-8 6.4658915469841276e-9 
0.44  0.8911500481677955 0.09995668530383489 0.0074332999324034 0.001044722704265302 0.00025357601294304945 0.00012886549343849463 1.6440546753810343e-5 7.91255286838888e-6 6.9352213288155915e-6 7.362706333444009e-7 2.889764378033451e-7 2.3491760555906235e-7 1.2911079001403497e-7 8.84482358660172e-8 2.7717207645279085e-8 8.623459083392992e-9 
0.45  0.8785677258399217 0.11205176008091741 0.007443324074126376 0.001390084933084245 0.0003371592219969484 0.00016764164616597988 2.113910822340131e-5 9.652404778020498e-6 9.520025234320967e-6 8.696256228773728e-7 4.1545771038532873e-7 3.500393510007693e-7 1.6777931867052856e-7 1.2138095780006618e-7 3.134371782423329e-8 2.5675382742065755e-8 1.1363489961816777e-8 
0.46  0.8633932578629372 0.1266383904226486 0.0073990371417313825 0.0018361189051065434 0.00045708244270879436 0.00022214647476120796 2.6681772363349276e-5 1.3040447582148299e-5 1.1574151703143599e-5 1.0510765167309633e-6 6.060226114709518e-7 5.257190010515205e-7 2.1521470684325405e-7 1.664140475413673e-7 4.213443482504813e-8 3.4812839139784134e-8 1.6849938202844637e-8 1.213436344336031e-8 
0.47  0.8450576120529316 0.14428795785176543 0.007291446760833273 0.0023721475241861053 0.0006254081378501457 0.00029825901649630074 3.265196258092269e-5 1.7369896765589107e-5 1.349115202357261e-5 1.3226727986904221e-6 8.881920050931347e-7 7.968703090358118e-7 2.550705546439182e-7 2.182565099723681e-7 6.732714725325358e-8 3.824592871010474e-8 3.820809792950899e-8 1.643431713306787e-8 1.4366900246653682e-8 
0.48  0.8230148754676053 0.16557733599207303 0.007112858000654212 0.002959899277598302 0.0008523633838716515 0.0004027992236558356 3.8417565250408385e-5 2.138431888602836e-5 1.5239693487818666e-5 1.7236392187109604e-6 1.2480129485015324e-6 1.0736830418617709e-6 2.855934466565768e-7 2.6462486566811605e-7 9.929495347362606e-8 5.3138417177870467e-8 4.126487085995758e-8 2.2130052020255837e-8 1.5695102023219322e-8 
0.49  0.7969609204971128 0.19087338213532912 0.006859851931670846 0.0035316142972095974 0.0011406881124410686 0.000542065935112978 4.352553453655813e-5 2.5045057438940663e-5 1.6639715401307643e-5 2.2889745893890127e-6 1.6906556560541473e-6 1.3875026045331727e-6 3.0293260228635917e-7 3.009183809641582e-7 1.3518285791935808e-7 7.033633972685042e-8 4.42294542891631e-8 2.9750728276725597e-8 1.6300535674776203e-8 
0.5  0.767112596269183 0.22005252466668968 0.006536849911456144 0.004000127614149626 0.0014773439128399314 0.0007193703129243245 4.752945356091588e-5 2.8131270834578643e-5 1.7554710160987506e-5 3.037994511615018e-6 2.1806305854355187e-6 1.7433466742229304e-6 3.221585693554477e-7 3.0685173246375145e-7 1.7073402935160404e-7 8.935451878161078e-8 4.9142099393533115e-8 4.743200728569173e-8 1.6182776209132125e-8 8.050697848870808e-9 
0.51  0.7345909437442417 0.25210345706151965 0.00616085891337509 0.004281092863324883 0.001824983880387369 0.0009308952357790488 4.988930915730958e-5 3.0290179082969638e-5 1.7902916700122955e-5 3.937295717044173e-6 2.636308089212183e-6 2.042056957449718e-6 3.2378717920409873e-7 2.992107114717377e-7 1.923623281284978e-7 1.0741386824285402e-7 6.245774491567204e-8 5.229163520873427e-8 1.5947077449749777e-8 9.443941275012542e-9 7.321185658621047e-9 
0.52  0.7010175305723134 0.2854633952208579 0.005755988189241322 0.004347229141167782 0.0021378052321411266 0.001166947601140301 5.054767754887112e-5 3.1576679122215946e-5 1.7725838959718683e-5 4.93034338578551e-6 2.979989791734654e-6 2.2605829270764816e-6 3.0876753876738823e-7 2.8398835101873837e-7 2.0062289154514827e-7 1.209257853561609e-7 7.42617863679032e-8 5.7387067828524756e-8 1.5517869692672722e-8 1.0339596464633702e-8 8.293787688843823e-9 2.826730530683092e-9 
0.53  0.6683615899135386 0.31817018390855784 0.005350817299065074 0.004221309992738298 0.0023726414852248317 0.0014122240153213947 4.962888729365388e-5 3.1998543729480854e-5 1.715193356291705e-5 5.921876557469545e-6 3.1233639257067456e-6 2.3628532029109714e-6 2.813259347024242e-7 2.650114683227222e-7 1.950228012013831e-7 1.2767867878998203e-7 8.202391471792035e-8 6.222098863173591e-8 1.4700672739774709e-8 1.0337916741933453e-8 7.60490542003059e-9 
0.54  0.6383981082857205 0.3484047387337627 0.0049711387217704975 0.003961109322447606 0.0025058397258425425 0.0016503275326841366 4.745306073590088e-5 3.170879913775643e-5 1.6356531615547276e-5 6.837459565919644e-6 3.0640305152423637e-6 2.333985966221635e-6 2.4852804914739737e-7 2.467303419479839e-7 1.7766871760246945e-7 1.2725171797204846e-7 8.443689423129868e-8 6.688844099799265e-8 1.3649263068079303e-8 1.083564931712599e-8 7.821161964733591e-9 
0.55  0.6121050938411634 0.37511468872349574 0.004631877920469986 0.0036333725241512933 0.002541188081274947 0.001869323836897667 4.44827145480197e-5 3.091487828514658e-5 1.5477708254363094e-5 7.619329723395602e-6 2.8475297052405975e-6 2.2057238735294697e-6 2.304986544582721e-7 2.163199330944726e-7 1.562118638654209e-7 1.2105820769985108e-7 8.175805870934317e-8 6.973900157505218e-8 1.2602757102954761e-8 1.0818237290595728e-8 8.181442622636071e-9 
0.56  0.5898322465498338 0.39787964331921616 0.004339429034570087 0.003289076846920338 0.002498091525403944 0.002062327725981687 4.1132975062150594e-5 2.979477815429334e-5 1.4617899228480414e-5 8.247973331355363e-6 2.5472524477876476e-6 2.0156166060823673e-6 2.1637976064534174e-7 1.8904237618188576e-7 1.3527670024882927e-7 1.1121303345539484e-7 7.559532563331966e-8 7.025279752546601e-8 1.1660981881560346e-8 1.0608256958491775e-8 8.474012284008575e-9 
0.57  0.5714049226623622 0.4168201664219569 0.004092970110991632 0.0029595881240555575 0.002401543753211225 0.002227295556993946 3.771924413077473e-5 2.8473674096209143e-5 1.3829460957167775e-5 8.72888718438588e-6 2.2129929224262843e-6 1.7965934510111876e-6 2.0393000754704506e-7 1.6838017267710444e-7 1.1452206076800224e-7 9.992067918512097e-8 6.796230866402824e-8 6.784808991155963e-8 1.087050822284007e-8 1.0405723290044953e-8 8.678136499610216e-9 
0.58  0.5564429373650079 0.43228201343930456 0.003888742416964269 0.0026599961227205694 0.0023647009731582397 0.002273831014405847 3.44280484581993e-5 2.701744065639827e-5 1.3134391223514588e-5 9.079378960483134e-6 1.8734430081078172e-6 1.5627944810840651e-6 1.9299036675709693e-7 1.5415490606120424e-7 9.625742733385187e-8 8.822436847429185e-8 6.297166176303465e-8 5.971489544638416e-8 1.0093555595142918e-8 1.00335930050126e-8 8.730877525899987e-9 
0.59  0.5443380458848973 0.4448540053774594 0.0037197888347921095 0.0024782066442410287 0.0023952751361495943 0.00213233498808589 3.139091864135081e-5 2.554988156693622e-5 1.2532951075873298e-5 9.325477036699714e-6 1.5736508341249448e-6 1.346276395416156e-6 1.8318810812613777e-7 1.4546022060818182e-7 8.140972699226564e-8 7.755212903783738e-8 5.650877119521487e-8 5.21992937932051e-8 9.738070695147815e-9 9.225945225689098e-9 8.69655799233235e-9 
0.6  0.5347344120552807 0.4548839417595573 0.003582154433507615 0.0025692993269298245 0.002164882872276464 0.0019880289017180585 2.865465128057434e-5 2.4089370636099427e-5 1.2021526693888245e-5 9.485120070197462e-6 1.3094924738422979e-6 1.1465419256616482e-6 1.7457947417798731e-7 1.401174266578193e-7 6.91855706634358e-8 6.8088302438944e-8 4.973534229691384e-8 4.5608451293776386e-8 9.29990282341191e-9 8.822682274222697e-9 8.510499058249326e-9 
0.7  0.5008557261365624 0.49119897633766796 0.0030163669146541353 0.00287500324890315 0.00100526510980079 0.0010024091178916252 1.3531399027153809e-5 1.3213496876749403e-5 9.512701256658526e-6 9.26142603186901e-6 2.0033262219955009e-7 1.9624310451352878e-7 1.2805612034855237e-7 1.2192866694900585e-7 2.3435668684303663e-8 2.327745085594726e-8 2.0540593592344703e-8 2.0297102708891878e-8 
0.8  0.4981701388333395 0.49480495871924707 0.0028895542538436036 0.002860255428284466 0.0006232191853225092 0.0006189965583192278 8.496689673248544e-6 8.43804175764723e-6 7.796705633423664e-6 7.744421480813783e-6 1.1289104576304972e-7 1.1164802392140126e-7 5.2598293141727726e-8 5.217795995415613e-8 1.9331401834277877e-8 1.9214001167500987e-8 1.6723173892290387e-8 1.6579200566393406e-8 
0.9  0.5010172085417158 0.492417949169402 0.0028487923173526816 0.0027997067656503794 0.00044936420647188533 0.0004416349783474242 7.76661242177857e-6 7.633118100192462e-6 4.851903889870587e-6 4.768026555264489e-6 1.0512504717581023e-7 1.0328026356630125e-7 2.623060601391995e-8 2.5751481997195423e-8 1.9295670458038748e-8 1.895507039294038e-8 1.2974772241947744e-8 1.2747181924230734e-8 
1.0  0.5029553250982334 0.4907560243250136 0.002818952812609918 0.0027506148724828153 0.00035357154424468855 0.0003449902979178798 7.101139270137647e-6 6.9285799439519835e-6 3.1464287898177084e-6 3.070631282891079e-6 9.865746343447112e-8 9.328528798619376e-8 1.8844122319863307e-8 1.851601207500609e-8 1.7887814806470883e-8 1.7372904190080958e-8 9.706607450025243e-9 
1.1  0.5038033443214475 0.49009403850145394 0.002790802716083998 0.0027148575685872157 0.00029385152345072474 0.00028585424957677737 6.494843680559716e-6 6.317854839833716e-6 2.125927692189688e-6 2.068070498952134e-6 9.121830565460986e-8 8.867809131571428e-8 1.8568736942547914e-8 1.8033410502609464e-8 1.4099473939033684e-8 1.382467040807717e-8 
1.2  0.5037188664717642 0.49031422956006526 0.0027629676472998156 0.0026894504847320196 0.00025315240423295926 0.00024641613771408824 5.9463730671089184e-6 5.788107162642126e-6 1.4956434751201664e-6 1.4558319585485697e-6 8.793683457325482e-8 8.559351169346785e-8 1.7828674411082896e-8 1.735370997407658e-8 1.1468983237020886e-8 1.1156814365907303e-8 
1.3  0.5033189902883051 0.4908189245060506 0.00273752182634979 0.0026695389893622826 0.00022370874321287742 0.0002181531287728241 5.458070768680638e-6 5.322468182204654e-6 1.0947427869552123e-6 1.067551532417976e-6 8.519752669397859e-8 8.308142900254634e-8 1.6874139795334745e-8 1.645299666155197e-8 9.146885706461338e-9 8.931699613837814e-9 
1.4  0.5035404670619391 0.49068162899143375 0.002718674820966471 0.0026492446825612877 0.0002016799423164452 0.0001965142250413187 5.034453122351577e-6 4.9053358393732226e-6 8.328594332628892e-7 8.08054609827642e-7 8.301762641379022e-8 8.089127701217645e-8 1.583161534986017e-8 1.5402885073569174e-8 7.2449410370154026e-9 7.184393403421621e-9 
1.5  0.5034114959816435 0.4908803340496413 0.0027004229443512735 0.002633218062339866 0.0001842209566742964 0.00017964307268102364 4.656565380576728e-6 4.540477908031892e-6 6.444164299842359e-7 6.298932095909281e-7 8.105773806450144e-8 7.905160673638096e-8 1.470441201131229e-8 1.4349690963720545e-8 4.416294177255076e-9 
1.6  0.5034967300915782 0.4908539268960519 0.002685437078237615 0.002618038444149483 0.000170189201700468 0.00016591181093751823 4.328065741978805e-6 4.2187428233900264e-6 5.244910997429606e-7 5.079474195904975e-7 7.947532589442276e-8 7.747745274088182e-8 1.3593692816325667e-8 1.3205856387860062e-8 3.477933791647816e-9 
1.7  0.5031593829143568 0.49124198565627686 0.002669892538701638 0.002606679169427367 0.00015840727609178008 0.00015465701474596532 4.03298159304291e-6 3.9375601352664005e-6 4.2818248573420427e-7 4.180670026171937e-7 7.79827079127609e-8 7.614362144765784e-8 1.24346499863811e-8 1.2078206311695196e-8 
1.8  0.5031328667343438 0.4913126835993534 0.00265744507570434 0.0025950143183275207 0.00014856204808463082 0.00014507192285220425 3.775939751825705e-6 3.6872593225668335e-6 3.636829566938015e-7 3.5514309465054406e-7 7.672887692332642e-8 7.492743617611487e-8 1.1440644886163587e-8 1.117925075271294e-8 
1.9  0.5034491161163333 0.4910354509476927 0.002647977734318459 0.0025826859478956903 0.00014021109053918377 0.00013675388000808665 3.550010740554451e-6 3.4624888612137268e-6 3.1464554073053886e-7 3.068888236962663e-7 7.56719066456381e-8 7.38061565054251e-8 1.0507810731367522e-8 1.0263373446465062e-8 
2.0  0.5034584697084536 0.49106085664835086 0.0026379128487556487 0.0025729544074619237 0.00013287792598780078 0.00012960581297794715 3.3465994047365144e-6 3.2641840122421685e-6 2.7602274049898133e-7 2.692249943251816e-7 7.468261704435302e-8 7.284323785307633e-8 9.6649312178816e-9 9.426075549386215e-9 
2.1  0.5033713280877662 0.49117921418056815 0.0026282247765893204 0.0025645663395647755 0.0001264149272162322 0.00012335302486329153 3.1639497785186178e-6 3.0873293769151597e-6 2.450395058775392e-7 2.3910543136596945e-7 7.378115649200927e-8 7.199329714873312e-8 8.814260367504515e-9 8.650627990423058e-9 
2.2  0.5033140448538924 0.4912647033757256 0.0026194685262202473 0.0025567591303238394 0.0001206954734229122 0.00011780591329490246 3.0000957769049588e-6 2.928250774989441e-6 2.1967648300084133e-7 2.1441098770494265e-7 7.295624177315481e-8 7.120836431614874e-8 8.161390779821071e-9 7.967100474987948e-9 
2.3  0.5032083880541786 0.4913960615798455 0.0026111047203438587 0.002549820051649552 0.00011557555759374443 0.00011286286137888883 2.851955418593633e-6 2.7850397645511684e-6 1.9864444877307268e-7 1.9398319626727184e-7 7.220454297063088e-8 7.050709320171669e-8 7.505580587946383e-9 7.334965796560979e-9 
2.4  0.5030907091908904 0.49153721867446015 0.002603289804104407 0.0025435079119869902 0.0001109683197630693 0.00010842068930196099 2.717494933590438e-6 2.6552295274034635e-6 1.8088367672556944e-7 1.7675956098295664e-7 7.150361894490061e-8 6.986198800653233e-8 6.911104063666103e-9 6.765084144341477e-9 
2.5  0.5032094365880022 0.49144007018490143 0.002597208638376068 0.00253646472995335 0.00010685325368752947 0.00010435278963630259 2.596973155173649e-6 2.5360223121181886e-6 1.6597462456688497e-7 1.6204748591417022e-7 7.090072713552801e-8 6.923958457925848e-8 6.406282984305509e-9 6.251271496067409e-9 
2.6  0.503267973551924 0.4914015631151126 0.002591237621054483 0.0025301323725807263 0.00010309298577690602 0.00010065745497789424 2.4821903222640256e-6 2.4164015053779136e-6 1.5244141921241987e-7 1.473757996151799e-7 7.033148749782191e-8 6.864983860321795e-8 5.508201409917566e-9 
2.7  0.5032940129044692 0.49139393488605165 0.0025855529917651996 0.0025244252807771973 9.965637853204475e-5 9.729765521134464e-5 2.3804955280095628e-6 2.3189204060773032e-6 1.410762479359371e-7 1.3647061165884335e-7 6.979004678869174e-8 6.812850230519981e-8 5.021851014746417e-9 
2.8  0.5032918753106377 0.4914132307580053 0.0025800731311526152 0.002519188131891646 9.649638670359808e-5 9.4220282798739e-5 2.2837089879039404e-6 2.2327203900653053e-6 1.3007381117689982e-7 1.2804439714170492e-7 6.929418910454332e-8 6.764163871179351e-8 4.515397611036532e-9 
2.9  0.5033090784296332 0.49141200628803466 0.0025750443958182383 0.0025141688371003424 9.359365822862958e-5 9.137875637438705e-5 2.2022173509936627e-6 2.145950561126709e-6 1.2248198495943689e-7 1.1863560813744095e-7 6.882788740482422e-8 6.719740228098107e-8 4.3240165861971794e-9 
3.0  0.5033095772406212 0.4914264393627904 0.0025702202593814154 0.002509542463844602 9.090512499188331e-5 8.875797669008346e-5 2.1209663657142067e-6 2.071529524307465e-6 1.1413602720141585e-7 1.1176683883928723e-7 6.841025268075951e-8 6.677974461410375e-8 3.982928529430052e-9 
3.1  0.5033206853187798 0.49142933925222637 0.0025657271373125397 0.002505110077866482 8.841447761475102e-5 8.632506702365663e-5 2.0484268075355998e-6 1.9998080281391114e-6 1.0740517506979955e-7 1.0493362063643941e-7 6.799118546669436e-8 6.637980297903494e-8 3.7245549034251165e-9 
3.2  0.5033601680447363 0.4914030675960005 0.002561614345629484 0.0025007647359382786 8.609820252353584e-5 8.40522308514986e-5 1.9751144176375685e-6 1.928097400708694e-6 1.0022265816327595e-7 9.782257787775147e-8 6.759797733091284e-8 6.598928887092431e-8 
3.3  0.5033793849368305 0.4913962427039452 0.0025576382990438185 0.002496755588348103 8.39389679144837e-5 8.19408986951147e-5 1.9121023377095593e-6 1.8665930758580954e-6 9.465006742459735e-8 9.239559067388162e-8 6.723567629913532e-8 6.562847489588843e-8 
3.4  0.5034465552355694 0.4913407730378517 0.0025541088475353278 0.002492703132062619 8.192871018535096e-5 7.995902042679984e-5 1.8536330643033314e-6 1.8090781738528547e-6 8.962828294782085e-8 8.748193410842228e-8 6.690777608205052e-8 6.528713789909011e-8 
3.5  0.5034676746581246 0.4913307132714132 0.0025505473714982634 0.002489063966265222 8.003801395478876e-5 7.810861432577927e-5 1.798878634058917e-6 1.7555109876718395e-6 8.509942464897476e-8 8.304994966412109e-8 6.658823624465994e-8 6.497718522961207e-8 
3.6  0.5034913374185898 0.49131753216886886 0.002547169660073963 0.002485584299348242 7.826251477076045e-5 7.637027890478946e-5 1.7475062589724932e-6 1.7052514532711653e-6 8.094425024360343e-8 7.898902711322917e-8 6.628864739004737e-8 6.467980624447927e-8 
3.7  0.5035099134503704 0.49130890472767635 0.0025439291643089014 0.0024822868569298745 7.65907949669472e-5 7.473490584992637e-5 1.6992342865391403e-6 1.658056683001011e-6 7.713715190741848e-8 7.527064432973097e-8 6.600319341668826e-8 6.439793989298866e-8 
3.8  0.5035168710663304 0.49131140275383106 0.00254078300253736 0.002479193129733019 7.501282033749117e-5 7.319445209401479e-5 1.6537625726732693e-6 1.6136701061322795e-6 7.363465097881928e-8 7.18526972134729e-8 6.57241467483754e-8 6.413096404138689e-8 
3.9  0.5035232523253641 0.49131402647203853 0.0025377719045988492 0.00247623688389509 7.352201097837478e-5 7.173925717748986e-5 1.610882362395069e-6 1.5718182384627773e-6 7.040454158015794e-8 6.870076679724986e-8 6.54636874371712e-8 6.38763510188626e-8 
4.0  0.5035300507744934 0.49131576989003417 0.0025349147858912077 0.0024734236549640238 7.211255568676742e-5 7.03632033619286e-5 1.5705636504956925e-6 1.5324529209531018e-6 6.745299904041558e-8 6.581822851542965e-8 6.521480211206737e-8 6.363296827982463e-8 
4.1  0.5035356945612509 0.49131833377576667 0.002532146865195804 0.002470708928061418 7.077506353606618e-5 6.905779266138732e-5 1.5320657569680572e-6 1.4948825068266994e-6 6.496795257919462e-8 6.464022443442256e-8 6.339162841355922e-8 6.306545811389956e-8 
4.2  0.5035435128386612 0.49131835182664463 0.0025295084898698415 0.002468096360464215 6.950611091815069e-5 6.781859436816618e-5 1.4957864010768255e-6 1.4594648437277737e-6 6.473951367525141e-8 6.316775260292529e-8 6.207014183185141e-8 6.055042096498142e-8 
4.3  0.5035532232034117 0.49131617669336325 0.0025269689456588534 0.002465559898361352 6.82992348648477e-5 6.663944055752476e-5 1.4613561553704723e-6 1.4258389874642607e-6 6.453136169772375e-8 6.296311361768677e-8 5.968172577025485e-8 5.8212440125691226e-8 
4.4  0.5035582582306855 0.4913182969345267 0.002524537599806301 0.0024631735404184825 6.715143643119876e-5 6.551914964934234e-5 1.4286553614224828e-6 1.3939220506150694e-6 6.431180603585472e-8 6.274861042535123e-8 5.744309017011153e-8 5.602756372712036e-8 
4.5  0.5035640322511097 0.4913194199613904 0.0025221863476355072 0.0024608566467431486 6.605692809948333e-5 6.44506612784682e-5 1.3975838132248023e-6 1.3635919620361954e-6 6.411951210314589e-8 6.256025513344742e-8 5.535648691077296e-8 5.3991712324036675e-8 
4.6  0.5035683495523215 0.49132173704747656 0.0025199060087853806 0.0024586307643801346 6.50116671506386e-5 6.343076071878342e-5 1.3678548133633527e-6 1.3345883588498828e-6 6.392920613504409e-8 6.236251225321708e-8 5.338579383909055e-8 5.207848167257796e-8 
4.7  0.50357300289586 0.49132344903349573 0.0025177204311463692 0.002456483293694994 6.401348987377387e-5 6.245647102189502e-5 1.3396032065710375e-6 1.3070153134189202e-6 6.374306787402217e-8 6.218093936709993e-8 5.155269070266382e-8 5.028968880780109e-8 
4.8  0.5035765813902162 0.4913259854538538 0.002515615557062992 0.002454416623623544 6.305889652329902e-5 6.152475331591207e-5 1.312635598195588e-6 1.2806918291688956e-6 6.356060096968844e-8 6.200618973050565e-8 4.982758724153102e-8 4.860359834065416e-8 
4.9  0.5035809652769929 0.49132749779637763 0.0025135798544026577 0.0024524167159871266 6.21448674735572e-5 6.063262167705216e-5 1.2868700232837542e-6 1.2555451419241988e-6 6.33884807993604e-8 6.183776591390668e-8 4.8202918789498855e-8 4.702275880951525e-8 
5.0  0.503588609751585 0.4913255464134278 0.002511621279239525 0.002450465011731165 6.126917260835163e-5 5.9777300452393264e-5 1.2623274234095949e-6 1.231586204318828e-6 6.32377598256427e-8 6.168780310828291e-8 4.6690014269026446e-8 4.554175140039062e-8 
