#mmax= 5
#m-states: all states (FBR)
#Nr. of sites: 35
 
0.0  1.0 
0.1  0.9968294406511012 0.002554930561900185 0.0006153721534383837 1.5709772423823813e-7 9.953583609926518e-8 
0.2  0.9867309426033448 0.010920505013196798 0.0023431085175879534 2.7496394903324014e-6 1.6934751134845842e-6 9.875817655502723e-7 1.316950107374792e-8 
0.3  0.9675934654050682 0.02756195375406501 0.004806714807257158 1.6344629879329858e-5 1.152052908679784e-5 9.687760908464265e-6 1.1156111863594438e-7 1.0255859318440988e-7 9.899402316393553e-8 
0.4  0.9340204377332741 0.058502205575538244 0.0073025171525781885 6.745019547986449e-5 6.639475876593774e-5 3.860307606316094e-5 9.222505395354589e-7 9.218840956841719e-7 4.528199429956017e-7 5.031756886711333e-8 2.3014438126125893e-8 2.122171537303547e-8 
0.41  0.9294193344956002 0.06286626293090729 0.0075129902342335264 7.884149974092785e-5 7.567985742634537e-5 4.4050743894347895e-5 1.1110860965293672e-6 1.111035544265492e-6 5.020943663588373e-7 6.343105137313527e-8 2.8124836630967177e-8 2.4466302519810917e-8 
0.42  0.9244995090051253 0.06755809521129087 0.0077104971469152605 9.20089790551196e-5 8.622476966732363e-5 5.0288162335699784e-5 1.3386163225933884e-6 1.331821982028209e-6 5.551015253208783e-7 8.131606924797956e-8 3.4479960737142144e-8 2.811287879559651e-8 7.276872227900707e-9 
0.43  0.9192235513352937 0.07261677792273871 0.007892931458885885 0.00010709759282516439 9.82095582122889e-5 5.745156137094371e-5 1.5997576308979324e-6 1.5865687106539967e-6 6.102935957254449e-7 1.0169857825110729e-7 4.186033164647974e-8 3.196503615203054e-8 8.426790154376136e-9 
0.44  0.9135415443645639 0.07809359238842645 0.008058060126494666 0.00012450828669639658 0.00011188941541266389 6.572708355563292e-5 1.9055262363869654e-6 1.8805326783244172e-6 6.684861873936225e-7 1.2722778948360402e-7 5.067629828388769e-8 3.6099421387058696e-8 9.786239391317063e-9 
0.45  0.9073837913925888 0.08405988924058427 0.008203063986298921 0.00014477274142541538 0.00012761158857962698 7.536457721228966e-5 2.265760413214316e-6 2.2192413413143697e-6 7.40171035598815e-7 1.5960507452908575e-7 6.139841325580699e-8 4.067275890465163e-8 1.149677900545305e-8 8.12749484866545e-9 
0.46  0.9006695686596579 0.09059857119812652 0.008324678247628035 0.00016828895294267597 0.0001457688154335743 8.667574157862333e-5 2.691528502537833e-6 2.6065376962627707e-6 8.070654456279154e-7 2.0060412737615934e-7 7.459159378673507e-8 4.5348807103615065e-8 1.3368040282749971e-8 9.340419636705153e-9 
0.47  0.8932807466996296 0.0978303284667878 0.008418652612451632 0.00019573430070143387 0.0001669084229683741 0.00010010568566166426 3.1824409816956103e-6 3.0466835160661854e-6 8.773599215799928e-7 2.5228742118370975e-7 8.912390725925362e-8 5.007168435421087e-8 1.519951130067998e-8 1.064485590135572e-8 
0.48  0.8850770637012868 0.10589871332120748 0.00848006093211382 0.00022752048004027263 0.0001916736925896748 0.00011621907982972198 3.745720984814493e-6 3.5406570666905645e-6 9.535255339783103e-7 3.1781306611798906e-7 1.067638183910663e-7 5.490051049384634e-8 1.7250607256820106e-8 1.2161345324046539e-8 
0.49  0.8759504175438553 0.11491549884414987 0.008504841225611055 0.0002630694248519886 0.000220490412359295 0.00013558677670898908 4.362993239663023e-6 4.076075148095607e-6 1.0368351197598485e-6 3.9957086903209757e-7 1.2731788522488554e-7 5.971932616794441e-8 1.9349120343546146e-8 1.3911754784915854e-8 
0.5  0.8659030354821894 0.12488154623737838 0.008492080711849601 0.0003001521076997176 0.00025314501550478976 0.00015855313711754415 4.987406030128035e-6 4.62273315995467e-6 1.1284833398866198e-6 4.978411626734827e-7 1.4946546651755324e-7 6.431553672181946e-8 2.1218262863761702e-8 1.5845302100514688e-8 
0.51  0.8551459033015846 0.13558598845456635 0.008447040983256134 0.00033500845259961683 0.0002883545186682626 0.00018488795071195882 5.5557248808571275e-6 5.139828914665293e-6 1.2292155352259561e-6 6.099549761484318e-7 1.7229631594731916e-7 6.868932149679078e-8 2.2726647572515474e-8 1.7902021637842865e-8 
0.52  0.8440676860602656 0.14663612105157925 0.008380466849941093 0.00036396178891383155 0.00032403451141264515 0.00021373666413305122 6.0174302906792905e-6 5.59490404350705e-6 1.3381411105259698e-6 7.307834986872559e-7 1.9487558192700466e-7 7.296506828272237e-8 2.3964898394960207e-8 2.000926314568173e-8 
0.53  0.8329929449460517 0.15770206314366395 0.008301725809231348 0.00038552625872929626 0.0003585304544337801 0.00024423126015926677 6.3592948213679435e-6 5.973765025192562e-6 1.4520072580954057e-6 8.550957156903872e-7 2.145696420059206e-7 7.688311953188084e-8 2.4578113359039885e-8 2.1934034994966448e-8 
0.54  0.8221617164455121 0.168538143725729 0.008218077509449535 0.00039989792424020235 0.00039074564096802585 0.0002756258427727137 6.594277275402446e-6 6.284385879798388e-6 1.5707191668146531e-6 9.8004517571172e-7 2.3355413159619295e-7 8.096246391822257e-8 2.5170709877559787e-8 2.3796525694462533e-8 
0.55  0.8116290091806277 0.1790861910966138 0.008131605604578807 0.0004204827411691129 0.0004085378800298083 0.0003076761898408755 6.752146238398377e-6 6.549865939853739e-6 1.6941065313128549e-6 1.104521601090448e-6 2.544249890300852e-7 8.541160279140371e-8 2.5582092579981197e-8 2.5370892049082014e-8 5.8772528651923174e-9 
0.56  0.8014529761665518 0.189285398518817 0.008044424668361352 0.0004475684858961038 0.0004124931772849037 0.0003400803878206933 6.836724572259775e-6 6.759345119778757e-6 1.8179223826809553e-6 1.2272494782005477e-6 2.693651507766511e-7 8.934231729579137e-8 2.7057760560390353e-8 2.54379303132665e-8 6.1505560820467586e-9 
0.57  0.7916301991497875 0.19913754448442658 0.007956946814646117 0.0004721169727618699 0.00041290990212862163 0.0003727530538871811 6.932226847552265e-6 6.8700012691563256e-6 1.9433028552053707e-6 1.348030765680423e-6 2.8261217227813566e-7 9.3219364676095e-8 2.837462929697194e-8 2.5463029797467174e-8 6.3914289153858185e-9 
0.58  0.7821394411183766 0.20866284986667666 0.007869061640897684 0.0004943132348104172 0.0004107297025517816 0.0004056741569837464 7.075845570199224e-6 6.864361501591229e-6 2.070260746692103e-6 1.4666930245719535e-6 2.944560261658242e-7 9.707187375541784e-8 2.953931740819755e-8 2.540158319728176e-8 6.650059078974199e-9 
0.59  0.7729765216058628 0.21786449687910156 0.007781101857373613 0.0005142695111490486 0.00043876468226463705 0.0004065742096099126 7.194742806790671e-6 6.827387651293902e-6 2.1980927974708366e-6 1.5826132415696237e-6 3.049182393772666e-7 1.0083777726055344e-7 3.0545048126951474e-8 2.5253253730292195e-8 6.863823199579901e-9 
0.6  0.7641352610577973 0.22674782503444663 0.007693351854877356 0.0005321084153514064 0.00047195637477728467 0.000400935115602677 7.292648282256302e-6 6.765329715656296e-6 2.3266249779168337e-6 1.6953313176679982e-6 3.1421511175182906e-7 1.0452828729583424e-7 3.139821553579629e-8 2.502009188240044e-8 7.051147901609946e-9 
0.7  0.6915381133532321 0.29983924982037874 0.006864219202111119 0.0007987092434355403 0.0006212408381423393 0.00031863872582401395 7.56654184025587e-6 5.511998157507424e-6 3.5917891075658206e-6 2.5907888066974055e-6 3.632308473732254e-7 1.3852102910523423e-7 3.4606500172247266e-8 2.244916353994897e-8 8.89142304880752e-9 
0.8  0.6415544821995757 0.35029348071687877 0.006172006263057727 0.0010958572503588105 0.0006162170332489575 0.00024830208312579975 7.225473845738671e-6 4.70817564179361e-6 4.126296021183582e-6 2.9892809505513884e-6 3.708193284034872e-7 1.6605658668100864e-7 3.2677862280983916e-8 1.998955050388872e-8 1.0215529867889642e-8 5.468437638464174e-9 
