#mmax= 5
#m-states: all states (FBR)
#Nr. of sites: 10
 
0.0  1.0 
0.1  0.9968294406288886 0.002554930588071886 0.0006153721480115125 1.5709871011675595e-7 9.953631791821053e-8 
0.2  0.9867309746951001 0.010920471875104538 0.0023431083809395447 2.750232177865533e-6 1.6936769674319173e-6 9.8796192118481e-7 1.3177789276582644e-8 
0.3  0.9675937329256014 0.027561680352436817 0.0048067250973610025 1.6344778582528247e-5 1.1515887310095784e-5 9.687898786333764e-6 1.1155778392275921e-7 1.0256050944275689e-7 9.894162850100174e-8 
0.4  0.9341196306814492 0.058402376772081106 0.007305404038932748 6.60742853081719e-5 6.570627455423477e-5 3.8464634080612834e-5 9.040835277674867e-7 8.9255568070658e-7 4.531406420741818e-7 4.9240773781753575e-8 2.3083463687022803e-8 2.120950629883248e-8 
0.41  0.9295787401228469 0.06270576960083701 0.0075176619296894835 7.61137540983895e-5 7.513952111920084e-5 4.381258200724264e-5 1.081944729731159e-6 1.0641621758797805e-6 5.025071996603648e-7 6.13948114473042e-8 2.8018595577971245e-8 2.4461889219444163e-8 
0.42  0.9247557660859632 0.06730010400575952 0.0077179619101804585 8.77267874522971e-5 8.531476755100488e-5 4.9878465917580564e-5 1.2851787312352679e-6 1.2627467865283464e-6 5.542488632057715e-7 7.719410633007262e-8 3.387582648581028e-8 2.8038576198735917e-8 6.694285931820131e-9 
0.43  0.9196300186607006 0.07220740411831704 0.007904794428015668 0.0001005397682269818 9.670416159107044e-5 5.675760923770316e-5 1.5142174558332182e-6 1.4824441673683687e-6 6.091218364455548e-7 9.508983216894829e-8 4.0907295447756136e-8 3.1871396392158184e-8 7.601927577461488e-9 
0.44  0.9141803995305683 0.07744978360785401 0.008076837378354514 0.00011460695211988984 0.000109430684192676 6.456423370509126e-5 1.7704795107005515e-6 1.7277021161345163e-6 6.686515227889426e-7 1.1673658886561952e-7 4.9338027652335344e-8 3.6082461163285813e-8 8.622978172137657e-9 
0.45  0.908390113113746 0.08304535154855384 0.008232680460617316 0.00012980110301425975 0.0001235949199875148 7.341194035731652e-5 2.05216294835525e-6 1.995540185522379e-6 7.391835150052215e-7 1.426487440454967e-7 5.9048234204243204e-8 4.062132027121942e-8 9.814379970878769e-9 7.894397055144246e-9 
0.46  0.902239344905235 0.08901516824076845 0.008370918193216993 0.00014608361064822483 0.00013929116404532956 8.343587398655166e-5 2.359457905224827e-6 2.2856086243722406e-6 8.038997322814588e-7 1.7345404535247181e-7 7.04141441887756e-8 4.528868761168313e-8 1.096259089231407e-8 8.926369645689505e-9 
0.47  0.8957133367826247 0.09537505957099016 0.008490400323464414 0.00016331000766214257 0.0001565993490747708 9.477205944645569e-5 2.6894868205206147e-6 2.5951463752357014e-6 8.71901668541992e-7 2.0994860390760095e-7 8.31074137682803e-8 5.01739250858792e-8 1.2109824384529823e-8 1.0032106379521318e-8 
0.48  0.888799762871068 0.10213852163832052 0.008590017285818242 0.00018123700697011004 0.00017556791774525691 0.00010756050015888883 3.0391443478183074e-6 2.9198383074944565e-6 9.431121192819989e-7 2.527558683138546e-7 9.806720704452366e-8 5.526208024691545e-8 1.3355671475259291e-8 1.1244317348621595e-8 
0.49  0.8814985437752605 0.10930650031653291 0.008669127310256961 0.00019954708138348841 0.00019617906527841507 0.00012192646788469385 3.4024173306054886e-6 3.2529380411894068e-6 1.0171775646762428e-6 3.0240968482167054e-7 1.1372469269086725e-7 6.036014389070224e-8 1.4466860789068835e-8 1.2489084577550436e-8 
0.5  0.8738094005680814 0.11688006574135035 0.008727108250392366 0.00021840732750321565 0.00021796472407068206 0.00013799907106699604 3.7750432468067568e-6 3.59705183077296e-6 1.095570792349086e-6 3.6021515902246357e-7 1.313374233589946e-7 6.55931650828688e-8 1.5658491119695822e-8 1.3847426392642487e-8 
0.51  0.8657523691683899 0.12483970685275998 0.008764033957782568 0.00024207444002258152 0.00023601362871052034 0.000155864189120933 4.150402396545202e-6 3.930746923293124e-6 1.1778193079328658e-6 4.255376108669062e-7 1.503433648091299e-7 7.086507320648422e-8 1.6789159766318966e-8 1.5259377206268767e-8 
0.52  0.8573319214555627 0.13318144711137636 0.008779586033486296 0.00026708057814264454 0.00025349673590098574 0.00017564313541981643 4.523860053405387e-6 4.256094505270208e-6 1.2645026606407114e-6 4.993587038960889e-7 1.7043519017823797e-7 7.610104368586087e-8 1.7863787510913596e-8 1.6734166715240384e-8 
0.53  0.8486037008458431 0.1418492122196478 0.008775122718427395 0.00029308011430935694 0.00026986609573829626 0.00019731919471015926 4.887878139817945e-6 4.563265305809683e-6 1.3562758583284471e-6 5.816597520007875e-7 1.9116958675036663e-7 8.13261529230233e-8 1.8956994210363336e-8 1.827953437901134e-8 
0.54  0.8395886953046909 0.1508220689603563 0.008751010826589802 0.00031984355345695734 0.00028488429229688885 0.00022094836661508657 5.236954907888846e-6 4.847946820168399e-6 1.4532554914906308e-6 6.721423848450405e-7 2.1223536282501203e-7 8.642525545092002e-8 1.990166937964957e-8 1.9834102400788227e-8 
0.55  0.8303446989188421 0.16004135403854206 0.008708870990696983 0.00034698844251126966 0.00029824940079950307 0.00024647502076051637 5.566190178236017e-6 5.104580378865051e-6 1.5556222307949302e-6 7.704628511045217e-7 2.329002217166938e-7 9.13562070385684e-8 2.1382604242943197e-8 2.069317517740485e-8 
0.56  0.8209340940662809 0.1694435723673092 0.008650577332947202 0.00037411023083679367 0.00030971315336627425 0.0002738012196176598 5.871118576436096e-6 5.328278475895691e-6 1.6635071221311773e-6 8.75774210951123e-7 2.5260569401882883e-7 9.608376970625048e-8 2.290218104483399e-8 2.1359611693196163e-8 
0.57  0.8114052183688797 0.17897929434349638 0.008577665187698537 0.00040087545207387885 0.0003192426066292115 0.00030285070122963926 6.150442293891034e-6 5.518612821160108e-6 1.7774350510320345e-6 9.87499856195361e-7 2.721256100201075e-7 1.0077475291849262e-7 2.444560252889385e-8 2.200400488148142e-8 
0.58  0.801849002478994 0.18855548861700502 0.008493131286269245 0.0004268058975423301 0.00033338177990060574 0.0003266425748629715 6.4119000649342144e-6 5.677183982685492e-6 1.8986050228946664e-6 1.1039507599144027e-6 2.950748601726583e-7 1.0585210185451481e-7 2.6088382363159104e-8 2.245969731555135e-8 6.250553722714439e-9 
0.59  0.7923039428519665 0.19813260708461686 0.008398316708475361 0.0004516520708528845 0.00036527532430544136 0.0003320534608980436 6.633697882077223e-6 5.794402223238993e-6 2.021772834916028e-6 1.2242332685283614e-6 3.1138775405378933e-7 1.1011594335005224e-7 2.7471810763834888e-8 2.2874851951812726e-8 6.542315902295222e-9 
0.6  0.7828308935114422 0.20764793343957955 0.008295440004086874 0.0004751240766737802 0.0003983351930583807 0.0003355747283339108 6.827048813866416e-6 5.87741477329548e-6 2.1491151584602934e-6 1.3467455368466789e-6 3.2590175553115815e-7 1.1415016840380042e-7 2.874015489869524e-8 2.3141013307446076e-8 6.789450611921669e-9 
0.7  0.7003756871892178 0.29076540899101866 0.007172079038279218 0.0007513569500842312 0.0006119183412028614 0.0003040795036257994 7.553706373155553e-6 5.3771112572514614e-6 3.4968051029313104e-6 2.440055200959386e-6 3.8937713999883566e-7 1.4644462021077405e-7 3.50903005503082e-8 2.2573673615012087e-8 8.82290282476019e-9 
0.8  0.6446810633937983 0.3470726329430595 0.006289729312295225 0.0010741176332322439 0.0006183203399956511 0.00024451865568186844 7.244945648099901e-6 4.68383268415288e-6 4.109878391312528e-6 2.954070846792211e-6 3.8560922777986093e-7 1.702817382990482e-7 3.346718103189975e-8 2.0132056422660182e-8 1.0148746105714138e-8 5.355417050959114e-9 
0.9  0.6076857318062671 0.38451473022121785 0.005658623160023392 0.0013437121038977434 0.0005780464789220404 0.00020026006271262864 6.685379138063303e-6 5.605959305789061e-6 3.02030387972103e-6 2.950788245855992e-6 3.713855438527442e-7 1.910015676866133e-7 2.9306378404246404e-8 1.748535344599636e-8 1.132973579623554e-8 7.1207663295111875e-9 6.107044223726646e-9 
1.0  0.5820279364075757 0.41050444507708034 0.005184855736263991 0.0015669829741982682 0.000526882591143248 0.0001710265887616523 6.269666320631012e-6 6.083435490821723e-6 2.662131301256942e-6 2.2238133874590725e-6 3.557994346157546e-7 2.067479156959421e-7 2.5131665192028334e-8 1.5044402801402506e-8 1.20827285104132e-8 8.544935125147415e-9 8.227394519344854e-9 
1.1  0.5635485090426596 0.4292405105206675 0.004813529078900331 0.0017523488111202787 0.0004764670331630666 0.00015184993746050258 6.712552115399638e-6 5.510573419837913e-6 2.269566267896351e-6 1.6660344203706645e-6 3.4135239007795335e-7 2.189820570033926e-7 2.1444002517744873e-8 1.2801700953859387e-8 1.2566611406973782e-8 1.0206997994451144e-8 9.49604424753043e-9 
1.2  0.5498672632584336 0.443126374478773 0.004514630849905394 0.0019066019377651678 0.0004303959957905918 0.0001389936687743989 6.970362219906049e-6 4.993404770027753e-6 1.8767014993967634e-6 1.2791053117993415e-6 3.281827978341997e-7 2.2821748216272325e-7 1.846402286575424e-8 1.2817894494448815e-8 1.1943273784027162e-8 1.081700409753692e-8 9.794281500939977e-9 
1.3  0.5395298837512742 0.4536303377830826 0.004270208406161042 0.002035160757993549 0.00038955687598188994 0.0001300794674667196 7.079810583571777e-6 4.53981211556225e-6 1.5305499241743764e-6 1.0096024745300577e-6 3.1669481081714363e-7 2.3535683480124186e-7 1.638636379212782e-8 1.3357615682658962e-8 1.28810267930619e-8 9.338781299374406e-9 9.167508404115257e-9 
1.4  0.5315796437611062 0.4617189196714309 0.004067523076308412 0.0021425943415135083 0.0003537623953862032 0.00012366542996233463 7.073510138509943e-6 4.148713886926673e-6 1.2439815681378348e-6 8.194855963219368e-7 3.0655033308863214e-7 2.406740349050884e-7 1.5115917118410003e-8 1.438305208356816e-8 1.2782654278509398e-8 8.220585600661334e-9 7.906525246385167e-9 
1.5  0.5253792590453816 0.4680358705315461 0.0038978454539687355 0.0022325427008521646 0.00032254000627402255 0.00011885214765274124 6.9803732049951205e-6 3.8146549180214844e-6 1.0140367020114429e-6 6.82873598581139e-7 2.976639876266968e-7 2.446656507335821e-7 1.5030862202545287e-8 1.4360825562600112e-8 1.2559026662198303e-8 7.0897839252353555e-9 6.805764537010698e-9 
1.6  0.5204843023919679 0.4730304066588741 0.0037545694284113478 0.0023079945795272893 0.0002953129561846577 0.00011507296516045018 6.820903792703103e-6 3.5302157162639007e-6 8.2549866692889e-7 5.805057743445331e-7 2.8873647430593305e-7 2.475918538710818e-7 1.531278639750311e-8 1.3306077658542482e-8 1.2200818231008832e-8 6.747914157431171e-9 
1.7  0.5165781993316553 0.47702241002216433 0.0036327355404941865 0.0023714193083650176 0.00027156137553154496 0.00011199415788878583 6.6225608927942975e-6 3.289348947435679e-6 6.838210123909826e-7 5.059069268620796e-7 2.8233898735281644e-7 2.496014430412454e-7 1.53085378211699e-8 1.2932802514412404e-8 1.1814092332363306e-8 6.630258090043215e-9 
1.8  0.5134314703736235 0.4802440745118636 0.003528399054983145 0.0024248318486410863 0.00025077195729120784 0.00010937901380804788 6.394993641761461e-6 3.084838465840893e-6 5.722904250699713e-7 4.4875696383813677e-7 2.7639055741465334e-7 2.5043523142644675e-7 1.506039964684882e-8 1.249231302452583e-8 1.138994900105487e-8 6.591842448511005e-9 
1.9  0.5108748720610786 0.4828666472560269 0.0034384910061819314 0.002469864451270125 0.00023252947702616893 0.00010707975841751386 6.150812410374616e-6 2.910727235402003e-6 4.842887766818398e-7 4.0422257338841185e-7 2.7110289250217925e-7 2.5061888054469313e-7 1.4619342892016427e-8 1.2044941310575606e-8 1.094363264199499e-8 6.609313241024799e-9 
2.0  0.5087819731066984 0.48501811486607366 0.003360574325655336 0.0025078720123469338 0.00021646368497391417 0.00010499979598789104 5.8985104698271625e-6 2.7618216811725717e-6 4.1412119008576085e-7 3.68440155630059e-7 2.6633063018667795e-7 2.502445647650652e-7 1.4035248355155982e-8 1.1580531607847513e-8 1.0488114687299386e-8 6.6356773283523496e-9 
2.1  0.5070570802871626 0.486795351160433 0.0032927180984348376 0.002539979658531236 0.00020226731310083194 0.00010307577108691892 5.644647254645509e-6 2.6337761533148065e-6 3.5765805337488965e-7 3.38968572701412e-7 2.6202673577897066e-7 2.494676817926756e-7 1.3352860531269134e-8 1.111980977424407e-8 1.0032920705098896e-8 6.6612078566490566e-9 
2.2  0.5056265493206911 0.48827305527301257 0.003233306080434602 0.0025670980579652045 0.00018966192675386195 0.00010125939738419027 5.392139784130859e-6 2.522321499313776e-6 3.120683588646864e-7 3.1110734538277317e-7 2.5633131749346883e-7 2.4441612736867103e-7 1.262173534085119e-8 9.584993951365875e-9 9.352596406344642e-9 
2.3  0.5044333919139405 0.4895088380556339 0.0031810892793577065 0.002590023319185208 0.000178458227971165 9.953532674481819e-5 5.1477505943076375e-6 2.425757529409169e-6 2.909840764869034e-7 2.7370009910742443e-7 2.527430608776874e-7 2.4305213106429266e-7 1.1852721410553342e-8 9.152653358976442e-9 8.884300063404355e-9 
2.4  0.5034329880696377 0.49054802707783096 0.0031349817777640105 0.002609384214117021 0.0001684524332218671 9.787901928711669e-5 4.911904720677373e-6 2.3409269906728827e-6 2.7251805722086765e-7 2.494740396667245e-7 2.42765433164193e-7 2.415621673557939e-7 1.1077014008243434e-8 8.73517500692916e-9 8.444543908736452e-9 
2.5  0.5025901758879974 0.4914262991420688 0.003094105337103903 0.00262571730810822 0.0001594860665994695 9.627822494472699e-5 4.686011418242853e-6 2.2658042402257734e-6 2.5610049052793494e-7 2.4648435139563784e-7 2.3999132344000715e-7 2.169658951666488e-7 1.031076877734664e-8 8.333697073263577e-9 8.030992560047595e-9 
2.6  0.5018769744532061 0.49217206562615207 0.0030577257814801578 0.002639471276316429 0.00015142434759149098 9.47249290666499e-5 4.470886823372552e-6 2.1987262627903813e-6 2.437448265314981e-7 2.4134454706825454e-7 2.3839112200538427e-7 1.953085533549334e-7 9.579765020130335e-9 7.952068519146636e-9 7.65221896356167e-9 
2.7  0.5012709834766763 0.4928080836524506 0.003025230607668012 0.0026510241602232835 0.0001441525084683051 9.321370151870375e-5 4.266886593842988e-6 2.138328183408381e-6 2.4122091962179083e-7 2.3677816286884961e-7 2.2793218095601064e-7 1.7697536984740694e-7 8.88354553204865e-9 7.588203711211813e-9 7.299835255570606e-9 
2.8  0.5007541207149927 0.49335273373329214 0.0029961046594886797 0.002660695967513374 0.0001375727032712823 9.174115322512332e-5 4.0740858587153945e-6 2.083502008344012e-6 2.3888556004489823e-7 2.351694302672668e-7 2.156413670311597e-7 1.6134465760235146e-7 8.226303843241142e-9 7.241640352888741e-9 6.971390502941897e-9 
2.9  0.5003117227295513 0.4938209342198095 0.0029699114429228538 0.0026687563670085 0.0001316008803294051 9.030498791331925e-5 3.892305107968175e-6 2.0333350845973038e-6 2.3671880713289156e-7 2.335841068391354e-7 2.0430523525823137e-7 1.479322010276564e-7 7.612957874256624e-9 6.912296321200395e-9 6.666667935762749e-9 
3.0  0.4999318138862475 0.4942248771800371 0.002946280677317275 0.0026754344568687928 0.00012616493339421078 8.890366345736003e-5 3.721228831247479e-6 1.9870774987543607e-6 2.3470144330778596e-7 2.3203053413471087e-7 1.937934584667505e-7 1.3634627779829842e-7 7.042820019971306e-9 6.598981390024682e-9 6.382832833413274e-9 
