#mmax= 10
#m-states: all states (FBR)
#Nr. of sites: 42
 
0.0  0.9999999999999998 
0.1  0.9968288651986945 0.002555556756340633 0.0006153213253730109 1.5714710181956933e-7 9.957248913390675e-8 
0.2  0.9866743620303169 0.010980017083590626 0.0023398332404937815 2.776792806651519e-6 1.7039497273597228e-6 1.3069030655916823e-6 
0.3  0.9667263563465749 0.02845479463900287 0.004766761336419002 2.3789141064228202e-5 1.755758423745461e-5 1.0198766161171183e-5 2.3486763988574852e-7 1.8550212563493878e-7 1.1046222351615749e-7 1.1354553386798674e-8 
0.4  0.9254287288665805 0.06706561959122417 0.0070110244396907615 0.0003323099885698564 9.892382589538618e-5 5.340508685077512e-5 5.112717144753142e-6 3.0933404111101315e-6 1.2001289089922394e-6 4.523302518092613e-7 6.350113368999636e-8 4.1785100400467e-8 2.43982375932091e-8 
0.41  0.9185053799553364 0.07368226870436893 0.007159875314443139 0.00044995347681584446 0.00012274966317239345 6.532262533767775e-5 7.252566082566561e-6 4.025535785981604e-6 2.4076212918379425e-6 5.014092319825e-7 1.0090807851963515e-7 6.956760249024412e-8 5.552257267374215e-8 3.311523812049508e-8 4.014641118049616e-9 
0.42  0.9105193354594632 0.08132465013898801 0.007281099901705592 0.0006172523318102424 0.00015561070929914701 8.127402363727997e-5 1.0144418670231342e-5 5.242680918928604e-6 4.369220921128756e-6 5.721608752569749e-7 1.5469165954199955e-7 1.3740294148067876e-7 7.52070272638099e-8 5.4413962406352384e-8 2.150940979306212e-8 5.728712911796258e-9 
0.43  0.9011481795041841 0.09029298734799432 0.007368706167277524 0.000855188532405561 0.00020265609006772837 0.00010322667142054273 1.4056902433993393e-5 6.909272546057777e-6 6.742607998707941e-6 6.558197867262995e-7 2.3232568162940447e-7 2.2664152632945931e-7 1.022320635675695e-7 8.469901190593765e-8 2.562076363225619e-8 1.2113243435093131e-8 7.451594684537502e-9 
0.44  0.889782796897491 0.10112964390091335 0.0074126668746159015 0.00122144293210563 0.00027540678968354697 0.00013500125155792856 1.9946883579402886e-5 1.2429483969346072e-5 8.691688144957951e-6 7.579989727308073e-7 4.750427173606775e-7 3.6389605416236685e-7 1.4936305426178381e-7 1.3931482042279105e-7 2.991096432601756e-8 2.415382356627446e-8 2.2963231377079748e-8 1.0654300115959772e-8 
0.45  0.8755153961471674 0.11465125399730501 0.007399075818546867 0.0017912822707277897 0.0003948256628942905 0.0001831483108196185 2.8485841608123293e-5 2.224049978325648e-5 1.1195470599951193e-5 9.41287608367249e-7 9.120920867672898e-7 6.057874420136287e-7 2.6702638652873003e-7 1.9276312329652666e-7 5.9495820025786e-8 5.383488391903106e-8 3.390835876749449e-8 1.663924086382018e-8 1.314559892138033e-8 
0.46  0.8568510584960247 0.132215537801689 0.007307169437683715 0.0026695131033708168 0.0006014239207425015 0.0002595503086661522 3.995164674408765e-5 3.670789027396755e-5 1.4224522622544121e-5 1.6598327106563328e-6 1.1840735389110112e-6 1.0067037386695862e-6 4.4322027614849585e-7 2.494442954720018e-7 1.2238963172348733e-7 1.1191015342185781e-7 3.767666964541611e-8 2.5098006212275512e-8 2.2523165734789788e-8 
0.47  0.8313611189090964 0.1560660546137371 0.007105710958923302 0.00397198997072091 0.0009715276527081424 0.0003856893300137744 5.747834825742774e-5 5.471846783357312e-5 1.7663716586484127e-5 2.9052255441251687e-6 1.7545255600872949e-6 1.7123006268279254e-6 6.898372151730367e-7 3.027335674869121e-7 2.858408963635267e-7 2.3360938911929566e-7 5.2553627000409883e-8 4.774777305095483e-8 4.193046901618973e-8 1.4382309991270752e-8 7.345148229077504e-9 
0.48  0.7959801802899705 0.1892542440123549 0.006757619214751175 0.005623711250822984 0.001605657449511181 0.0005934408183336156 8.008996706667848e-5 7.115185097517123e-5 2.087026925165073e-5 4.744172741751747e-6 2.9973869282176433e-6 2.6961277219746757e-6 9.422238628954823e-7 5.857949716685884e-7 4.043045297823291e-7 3.373555743440407e-7 1.0401811938828107e-7 1.0123635085625025e-7 4.764279360473621e-8 3.41883690729839e-8 1.1653217439942378e-8 1.139863389340367e-8 9.734902653340286e-9 7.638244345876815e-9 
0.49  0.7491307043352984 0.23385700762910758 0.007107659194434184 0.0062466406098495315 0.0025259779546925646 0.00091009519165383 9.528276095361086e-5 8.492970674646593e-5 2.2718619973475368e-5 6.678276444542498e-6 4.684116234629961e-6 4.303514702121974e-6 1.0759616751837002e-6 8.72864556714543e-7 5.424726590269611e-7 3.3876700893368866e-7 1.823712633467217e-7 1.397232137188067e-7 5.6403137786700424e-8 5.5405297325012416e-8 1.6424385709394768e-8 1.4784038645978741e-8 1.2268291109693539e-8 1.0644384115122075e-8 
0.5  0.6938813621446147 0.2876431230200203 0.0077581315425648755 0.005613773571457125 0.0035384310323772713 0.0013266530613014417 9.897914847298461e-5 9.240200987654369e-5 2.2541624941910605e-5 8.110775479870802e-6 6.44869671055073e-6 6.4231006827329665e-6 1.0437473660814288e-6 9.94326451612073e-7 6.362990059293197e-7 3.177291201136811e-7 2.67296143954046e-7 1.5473539454898166e-7 7.137698935895936e-8 7.044105237138353e-8 1.861930690853438e-8 1.6093756112360148e-8 1.4583602712179177e-8 1.0597197807755863e-8 4.426112939169923e-9 
0.51  0.6391734488370358 0.34217564791673416 0.0074076955387374546 0.004969526805604867 0.004266377281162542 0.0017744588466759223 9.245467104347059e-5 9.167064232188784e-5 2.0771963584981017e-5 8.514626590822986e-6 8.494692208979742e-6 7.5104275987234005e-6 9.13440932951966e-7 8.809308091405531e-7 6.498995690168517e-7 3.427275092616526e-7 2.6752894381521674e-7 1.380319460145233e-7 8.733583303312817e-8 7.888133387137965e-8 1.8043470170790836e-8 1.6183885100606263e-8 1.5111411514888546e-8 1.1419402091377718e-8 5.36085287310311e-9 2.854801965737196e-9 
0.52  0.5940758932615714 0.3881249902594911 0.006498979881525393 0.004497376277558828 0.004425547717267184 0.002165778647771832 8.395847939913256e-5 8.069049677780261e-5 1.849919727882114e-5 1.004645046087371e-5 7.83146212984573e-6 7.500561494550772e-6 7.27545616079623e-7 6.776663865254779e-7 5.766267501448829e-7 3.525925108341673e-7 2.3102872580428124e-7 1.0722769015531417e-7 1.0167449164002468e-7 7.157027075033275e-8 1.4990817637693442e-8 1.490726160878485e-8 1.4872205800569357e-8 1.1012903933304291e-8 5.591643869987627e-9 
0.53  0.5609365281949958 0.4225367521233774 0.0055150306325557705 0.004347967184555604 0.004013717204582741 0.0024649611069143314 7.32388927381124e-5 6.8660066796582e-5 1.6450756189836863e-5 1.0935636791060376e-5 6.736171036972327e-6 6.710040098160199e-6 5.404006418157927e-7 5.006890134118046e-7 4.650498103500494e-7 3.252507238594189e-7 1.8882163117595173e-7 1.1072341285101484e-7 7.614734803225967e-8 5.768587045330717e-8 1.355986746451145e-8 1.2529491513658211e-8 1.1073876639704756e-8 1.0057681868368492e-8 
0.54  0.5382098031706417 0.4465619130287083 0.004662955185512145 0.004010441915548501 0.0037201927892385445 0.002674595380773555 6.25339764169764e-5 5.8316912785205116e-5 1.4868286052662411e-5 1.134421073853988e-5 5.681873474316035e-6 5.532994331444378e-6 3.9320063199668865e-7 3.7057589633855453e-7 3.576019619569949e-7 2.8338089525500806e-7 1.6159808017287277e-7 1.1432472620644924e-7 5.3032389672057907e-8 4.402099442775035e-8 1.2689151238450621e-8 1.1192922820386869e-8 9.79263048209281e-9 8.865497470314218e-9 
0.55  0.5232243196890293 0.462708817360273 0.003979257927664761 0.0036193633016873583 0.003516499475487688 0.002812956080252592 5.3197345391206086e-5 4.9944994272567776e-5 1.3701639070012914e-5 1.1456649690396374e-5 4.622080512367191e-6 4.431688663930685e-6 2.869340608522425e-7 2.8163480493066196e-7 2.664167098255829e-7 2.430190610637728e-7 1.3728382448888248e-7 1.1213945777464486e-7 3.691562884642045e-8 2.862443011163345e-8 1.19330744464355e-8 1.1046641166768078e-8 8.295017546683627e-9 7.525293862294898e-9 
0.56  0.5134066689980209 0.47351547692850193 0.003439168866555033 0.0033740140503790103 0.0032417108996168533 0.0029017571551408407 4.552740298437485e-5 4.32279683509822e-5 1.2837344817575784e-5 1.140846357731423e-5 3.640364290964221e-6 3.4532312991697166e-6 2.2448117148264247e-7 2.116949441599965e-7 2.07492274140287e-7 1.921965102024249e-7 1.1430308547773633e-7 1.0422141473204101e-7 1.8933806610090975e-8 1.2788431616440521e-8 1.1351038529170477e-8 1.0863793348372851e-8 
0.57  0.5070928244676037 0.48065587779809915 0.003274253200356087 0.00301128750691477 0.0029556848737253335 0.002902569840091384 3.9573358837781994e-5 3.794891814449723e-5 1.2201561395875232e-5 1.128154077658299e-5 2.831389013789442e-6 2.7508282863068685e-6 1.9135905524864565e-7 1.9102700244564223e-7 1.537196578469829e-7 1.4936178766028127e-7 9.430300570376238e-8 9.114884639432355e-8 1.16530331033838e-8 1.090606417303286e-8 1.0666876981966488e-8 1.0571427220398007e-8 
0.58  0.5029974420157495 0.48544328583787444 0.0032023392031347 0.0029872161669848313 0.0026664674284580104 0.00260644932088325 3.48967003659079e-5 3.381921297372733e-5 1.1713176657077558e-5 1.1118726495154575e-5 2.258568147621473e-6 2.2072733565846687e-6 1.7696601559024527e-7 1.735339305741965e-7 1.21244463770425e-7 1.1881937513734231e-7 7.75506084251004e-8 7.713555805244172e-8 1.0525472574407503e-8 1.0330355710313733e-8 1.032065604872227e-8 9.942489723027295e-9 
0.59  0.5004097578300717 0.488612323080581 0.0031501018341309377 0.003003127460275404 0.0023849764498601387 0.002351634459795172 3.1157734426744545e-5 3.0442617708593837e-5 1.1330593327662387e-5 1.0937089774186735e-5 1.793181851223562e-6 1.7452002694371567e-6 1.6647264416159498e-7 1.6270822342811895e-7 9.669051518808105e-8 9.065772663533453e-8 6.416124702455689e-8 6.273554978892907e-8 9.958596963158073e-9 9.714233490030866e-9 9.369191500515334e-9 
0.6  0.4987033921347735 0.49081501100071867 0.0031100237294273323 0.0030102556984158133 0.002149353797924529 0.002130899361402139 2.8111394312173075e-5 2.7649288666941458e-5 1.1019394721601302e-5 1.0765277535365403e-5 1.4582815615244993e-6 1.4401390890991926e-6 1.5918661838773817e-7 1.5600395917010146e-7 8.103663763507734e-8 8.027085194695104e-8 5.3761521613974067e-8 5.33976262109178e-8 9.554760988208931e-9 9.472648559902678e-9 9.0182159721488e-9 8.798613738036593e-9 
0.7  0.49801951176978093 0.4940343784140517 0.0029572008223014016 0.0029333638268491903 0.0010087244593943677 0.0010004762624316668 1.3483495887664e-5 1.3333777617651685e-5 9.429285029624164e-6 9.352691231409254e-6 2.1043612714633307e-7 1.9646230905837474e-7 1.2573743780974145e-7 1.2423617673872023e-7 2.4181118228737887e-8 2.3275426842516784e-8 2.0668327588697224e-8 2.019850276928394e-8 
0.8  0.49860557696960145 0.4943695887843119 0.0028871555941929286 0.002862621627517788 0.0006237507894481105 0.000618437989389229 8.503364092464894e-6 8.430702916265962e-6 7.800969160502849e-6 7.733304094515516e-6 1.1272825749631145e-7 1.1155103549998825e-7 5.2217003404548284e-8 5.1615038929791496e-8 1.93439407552259e-8 1.9177392307961955e-8 1.6739575101226317e-8 1.6533035771800064e-8 
0.9  0.5019384921782549 0.49149672866598554 0.002853940564457488 0.0027945378401955526 0.0004501899372656098 0.00044077549956934257 7.78077360294358e-6 7.616428091557599e-6 4.8611613141915745e-6 4.758709347016432e-6 1.0537421911941794e-7 1.0041677380956218e-7 2.6521719871290572e-8 2.4474535203078386e-8 1.924867162775177e-8 1.9024934368472913e-8 1.3048331736847037e-8 1.0132732659056478e-8 
1.0  0.5057059766302594 0.488005365208765 0.002834489349648266 0.002735110608724715 0.0003555302060371606 0.00034302061765377126 7.141355456690555e-6 6.887409365304334e-6 3.1657485695524505e-6 3.0514514005969564e-6 9.638736569833988e-8 9.232820541238185e-8 1.8952286868475456e-8 1.8447620789728596e-8 1.8051284883396378e-8 1.7247356285945217e-8 
1.1  0.5066860376112416 0.48721130310889893 0.0028067744830873346 0.0026989228197828335 0.00029553270782831906 0.0002841777587808332 6.531691679226346e-6 6.281148002360457e-6 2.138308167707422e-6 2.056277007494246e-6 9.169913598352272e-8 8.825255722211458e-8 1.828024064186975e-8 1.7674998642937272e-8 1.4359233487392078e-8 1.3819359278184893e-8 
1.2  0.5093787775882335 0.48465403668522167 0.0027940971942320464 0.00265857906712888 0.0002560030144935749 0.00024358807267419111 6.0133887717773e-6 5.722273784157408e-6 1.5122786434596897e-6 1.439449377455273e-6 8.884830837188415e-8 8.460846959003338e-8 1.7922196547716315e-8 1.7095231383933575e-8 1.146824339667735e-8 1.1044991696554994e-8 
1.3  0.5104820433196147 0.4836559234916816 0.0027764536435750313 0.0026305615044723454 0.000226889553723388 0.00021496685071327505 5.535375436908142e-6 5.244652006800247e-6 1.1101887368010287e-6 1.0518335503679712e-6 8.637478501418377e-8 8.186392403007307e-8 1.710836862812549e-8 1.6190540020448568e-8 9.256588629283978e-9 8.79228463155638e-9 
1.4  0.5088162774536242 0.48540588045710065 0.0027471550168317984 0.0026207493939931327 0.0002037852907258985 0.0001943929215808071 5.086064175934376e-6 4.850343218718585e-6 8.360844765426038e-7 7.859849670090294e-7 8.38593346213577e-8 7.998168173474412e-8 1.5996891709950236e-8 1.521530834765438e-8 5.936091000960195e-9 
1.5  0.5081950788712212 0.4860967581792209 0.0027260911922186177 0.00260754556046132 0.00018598119507000048 0.0001778803566522224 4.7013399912100185e-6 4.495653535998031e-6 6.546056878405015e-7 6.193745154583921e-7 8.184674137780183e-8 7.82754852081575e-8 1.4849494388894859e-8 1.4140634047082222e-8 4.559072409658461e-9 
1.6  0.5090867124890717 0.4852639466763205 0.0027152559726928596 0.002588217222383417 0.00017207919345012734 0.00016402190456459145 4.376084603834888e-6 4.170736349219618e-6 5.307054771773394e-7 5.017300678870358e-7 8.03503053935526e-8 7.658438320802231e-8 1.377732969707426e-8 1.3096808317766274e-8 3.4761933829022984e-9 
1.7  0.5090969074437366 0.48530445421205687 0.002701403250488223 0.0025751751431570885 0.00016027680508062293 0.00015278780260242732 4.08058365549774e-6 3.889989423131101e-6 4.3317733087532715e-7 4.1295242941446966e-7 7.889484771896409e-8 7.521774202865185e-8 1.2547388710838979e-8 1.198006107836193e-8 
1.8  0.5085258968273048 0.4859196497251077 0.002685933493181735 0.0025665297014603595 0.0001501544817028893 0.00014347928789687145 3.816417641278257e-6 3.6467515947521016e-6 3.6768074579760976e-7 3.5133365038205084e-7 7.756137939156802e-8 7.411097996456145e-8 1.1566285180527577e-8 1.106107177539285e-8 
1.9  0.5082787965294906 0.48620568293499195 0.0026734208714765564 0.0025573253718394235 0.00014155836305532378 0.0001354112724578045 3.5841749112684604e-6 3.428571553678483e-6 3.177344178866586e-7 3.0394536328781865e-7 7.6407375443187e-8 7.309443979355915e-8 1.0556997016028203e-8 1.0171632172334882e-8 
2.0  0.507861967930077 0.48665730566727855 0.0026610113046185205 0.00254990551886116 0.0001340416542012285 0.00012844492988829464 3.375943719391395e-6 3.234978679846512e-6 2.785243546704399e-7 2.668928949878125e-7 7.535000968110053e-8 7.22024610786122e-8 9.754997989359833e-9 9.34795866975361e-9 
2.1  0.507803718883234 0.4867468265253059 0.002651365383222641 0.0025414227679938133 0.00012752797736376338 0.00012223984260968798 3.191836377768931e-6 3.0594757545271967e-6 2.471332284170943e-7 2.3688466361922382e-7 7.442375436211868e-8 7.133753074127064e-8 8.948175073173943e-9 8.580789076419115e-9 
2.2  0.5079629536794023 0.4866158197672148 0.00264365138432218 0.00253255213845337 0.00012180969755868376 0.00011669065142446181 3.0277770466793564e-6 2.900527357870916e-6 2.2172783964973582e-7 2.1240912077633245e-7 7.363166401482426e-8 7.053752771930261e-8 8.22282040825925e-9 7.848249872976359e-9 
2.3  0.5078599006244393 0.4867445461989758 0.0026352406347667427 0.002525686118260363 0.00011664424197748173 0.00011179490427708811 2.878370015521785e-6 2.7587171299520516e-6 2.0048916182405227e-7 1.9215294680032507e-7 7.287505548462372e-8 6.984293824605864e-8 7.574978846747184e-9 7.255078807902027e-9 
2.4  0.5078382364997107 0.48678972083388866 0.0026278341063664156 0.0025189353203553862 0.00011201615009660612 0.0001073717397490757 2.7433580503787113e-6 2.629311793680353e-6 1.8265518670761673e-7 1.750011983009296e-7 7.217951469843066e-8 6.91792075586214e-8 6.982672203041615e-9 6.682210180141196e-9 
2.5  0.5078459878467599 0.48680361498695 0.0026211331654929833 0.0025124864419858554 0.00010783701055774719 0.00010335382381882759 2.62013436035608e-6 2.4952274499744934e-6 1.6738952979835685e-7 1.576166750713453e-7 7.156874641950297e-8 6.848534556292615e-8 6.302328864412833e-9 
2.6  0.5077635853912843 0.48690591110486436 0.0026144206924098284 0.0025069881099258106 0.00010401885036952694 9.973325839230655e-5 2.507829137231479e-6 2.390333240375358e-6 1.5425447973978515e-7 1.453667796347782e-7 7.097866469862638e-8 6.797559192795853e-8 5.854863876770692e-9 
2.7  0.5075788989037696 0.4871090537585072 0.0026075736313339367 0.0025024001422102775 0.00010050744950520201 9.644636791832098e-5 2.402608365294287e-6 2.2966095599847425e-6 1.4245855599787762e-7 1.3502564036093286e-7 7.039158046264859e-8 6.750047664854869e-8 5.152576770379958e-9 
2.8  0.5075628579385337 0.48714224269489076 0.0026019777433359515 0.002497288451166288 9.731816951621379e-5 9.339865050812353e-5 2.307640624750605e-6 2.20891185032512e-6 1.3221932353851968e-7 1.2590480420500086e-7 6.989409640779587e-8 6.704344174397704e-8 4.737909749092803e-9 
2.9  0.507514308894492 0.48720676942600516 0.0025965625961409545 0.002492656762740277 9.437558922837778e-5 9.059700727189034e-5 2.2210632733510184e-6 2.1271365066554997e-6 1.236569132632307e-7 1.1743237810367835e-7 6.941141291910821e-8 6.661797122864694e-8 4.405668612535598e-9 
3.0  0.5075098196352783 0.4872262075872744 0.0025916711007533473 0.002488081596149009 9.166405131253207e-5 8.799870077434745e-5 2.1378641015149855e-6 2.054495419614741e-6 1.148158962673808e-7 1.1106042262086975e-7 6.898003522307777e-8 6.619427239011967e-8 3.918310273028043e-9 
3.1  0.507468078508195 0.48728194730122537 0.002586869257486321 0.0024839668509685077 8.914307234130303e-5 8.559637588439778e-5 2.067028842069234e-6 1.9811432452958483e-6 1.0884582601989316e-7 1.0341363336016883e-7 6.855005037293612e-8 6.582816982901768e-8 3.824134139353055e-9 
3.2  0.5074551782396668 0.487308060817504 0.0025824551384461647 0.0024799214726939113 8.679852845675208e-5 8.335183496467384e-5 1.990856421156356e-6 1.9117232638937714e-6 1.0089022591729162e-7 9.692369718846675e-8 6.814286182367662e-8 6.543179691795568e-8 
3.3  0.5074446802862341 0.4873309067840042 0.002578295496124098 0.0024761347435330863 8.46184465512875e-5 8.126533213131146e-5 1.9276917605764436e-6 1.8513223205834747e-6 9.53853641124326e-8 9.163865158224842e-8 6.778616249570204e-8 6.508716299067139e-8 
3.4  0.5074557053410077 0.4873316211654243 0.0025744517298214066 0.0024723618599882175 8.258131959938205e-5 7.930657100378676e-5 1.8684134699469596e-6 1.794328002376013e-6 9.030977683596726e-8 8.67703310026476e-8 6.743409092771514e-8 6.47574846288405e-8 
3.5  0.5074485073900603 0.4873498821247482 0.002570712003646012 0.0024688977707670056 8.067084926715612e-5 7.747585061738214e-5 1.8130774518726757e-6 1.7412746703094853e-6 8.572850678209769e-8 8.236769996712686e-8 6.711122278444062e-8 6.44513416079046e-8 
3.6  0.5074490745704429 0.48735979680732483 0.0025671900444888965 0.0024655622831566797 7.887761161088418e-5 7.575507724430985e-5 1.7612300899884874e-6 1.6915128560201916e-6 8.154749112648418e-8 7.835281219945318e-8 6.680491754906254e-8 6.415756370579736e-8 
3.7  0.5074507642340845 0.48736805550549006 0.0025638380075882657 0.002462376145494575 7.719035435636327e-5 7.413561518486656e-5 1.712572085235094e-6 1.6448038638510138e-6 7.769538108138467e-8 7.46592645464225e-8 6.65210748971383e-8 6.388613086868023e-8 
3.8  0.5074539858062904 0.4873742326024103 0.0025606773947817203 0.002459350664724605 7.560103631221584e-5 7.260945239289774e-5 1.6668536738339377e-6 1.6008933367633912e-6 7.415915523476666e-8 7.128871028318808e-8 6.623443812129038e-8 6.361377374150862e-8 
3.9  0.5074858133840384 0.4873514690208367 0.002557739656272065 0.002456265653681525 7.410049148612614e-5 7.116069387678756e-5 1.6235541080487651e-6 1.5591475741696686e-6 7.091135034631812e-8 6.814309065943137e-8 6.598200603687231e-8 6.336167789131554e-8 
4.0  0.5074879878916119 0.48735783151094064 0.002554840157712082 0.002453498757180094 7.2679754025158e-5 6.979682443804865e-5 1.5829118274046797e-6 1.5201278581703643e-6 6.793606274839479e-8 6.57330153663454e-8 6.526955573909492e-8 6.312577354804596e-8 
4.1  0.5075082233698864 0.48734579728995725 0.0025521267213548427 0.0024507351232594165 7.13340265831458e-5 6.850007878407036e-5 1.5443097129690369e-6 1.4829637305649381e-6 6.549404809093797e-8 6.515043370354995e-8 6.289218372251166e-8 6.258006635149637e-8 
4.2  0.5075052899682081 0.48735657147169875 0.0025494115955825855 0.002448196328242002 7.005303558303438e-5 6.727187000851169e-5 1.5075287398788044e-6 1.4476870166489734e-6 6.524740311117807e-8 6.265705636582041e-8 6.254172850383333e-8 6.006873376711032e-8 
4.3  0.5074983774153421 0.4873709929309423 0.002546780548376964 0.002445775406238791 6.883548039867874e-5 6.610537010245832e-5 1.4729091709722838e-6 1.4144811274775246e-6 6.509261477762867e-8 6.246043242875252e-8 6.014190536876843e-8 5.776334830783846e-8 
4.4  0.5074996693387874 0.487376891806293 0.0025442918323747197 0.0024434126033256605 6.767717427609442e-5 6.499388582420651e-5 1.4399065432992134e-6 1.3828220381944563e-6 6.488660562528829e-8 6.225886319504413e-8 5.7886405992765965e-8 5.5598663814087146e-8 
4.5  0.5075010684162277 0.48738238866489636 0.002541902417899403 0.0024411358144786123 6.65732896021082e-5 6.393419785599561e-5 1.4084777931720616e-6 1.3526479635100917e-6 6.467433531043335e-8 6.205815251050876e-8 5.577303072320064e-8 5.3567765128595385e-8 
4.6  0.5074978129277818 0.487392266966463 0.0025395745799510943 0.002438967688774207 6.551941391591933e-5 6.292386667908692e-5 1.3786550059097638e-6 1.3240440049325173e-6 6.448524401315499e-8 6.187935272737667e-8 5.38075144780868e-8 5.168531515941807e-8 
4.7  0.5075036356073811 0.4873928089773656 0.002537379060865625 0.002436831211547195 6.451352242433758e-5 6.19570524223648e-5 1.3501173501732755e-6 1.2966195745893137e-6 6.428747942281201e-8 6.16931241763838e-8 5.1951478447807155e-8 4.989898766468787e-8 
4.8  0.5075052110325047 0.4873973602394357 0.0025352372889934777 0.002434790446079999 6.355077198925236e-5 6.103285895348067e-5 1.3228686460238923e-6 1.2704573156367966e-6 6.409613564302036e-8 6.151096740462224e-8 5.020673823448828e-8 4.8222241160364977e-8 
4.9  0.5075061957127952 0.48740227117965185 0.002533168583509687 0.002432823276913994 6.262946898066482e-5 6.014853075140435e-5 1.2970340636073654e-6 1.2456532560232672e-6 6.393915367870051e-8 6.136046144463792e-8 4.858732238982117e-8 4.6673141346589457e-8 
5.0  0.5075128883689606 0.48740126349559143 0.0025311974263809932 0.0024308935716941386 6.174653421594515e-5 5.929967745557077e-5 1.2720889753832375e-6 1.2216807217356675e-6 6.375694421423983e-8 6.118786770638324e-8 4.703472872727278e-8 4.5176464815482475e-8 
