#mmax= 5
#m-states: all states (FBR)
#Nr. of sites: 20
 
0.0  1.0 
0.1  0.996829440604737 0.0025549306120184394 0.0006153721493209627 1.570978547960504e-7 9.95360689119164e-8 
0.2  0.9867309814021985 0.010920467336338809 0.002343107890020331 2.7496278439212476e-6 1.693455381003362e-6 9.871431033686645e-7 1.31451141690833e-8 
0.3  0.9675934601959405 0.027561963954405945 0.004806710318125289 1.6344523354727287e-5 1.15202850331215e-5 9.687665946992618e-6 1.1152658892067865e-7 1.0254016394153416e-7 9.899044144495452e-8 
0.4  0.9340210539280583 0.058501591792854975 0.007302530921529329 6.743747956342587e-5 6.639261705192762e-5 3.860217720603386e-5 9.221117505093367e-7 9.216404747351014e-7 4.5280837714545036e-7 5.031392821566511e-8 2.2988445966335827e-8 2.1220759820957463e-8 
0.41  0.9294215505406705 0.06286403602135965 0.007513057365689399 7.879720813884779e-5 7.56721932601675e-5 4.4047694507419775e-5 1.1105063864228158e-6 1.1103276203999616e-6 5.023225266590998e-7 6.323451158270804e-8 2.8110165258623132e-8 2.4475163731709115e-8 
0.42  0.9245052489562063 0.06755242431454478 0.007710592420098977 9.188144805662686e-5 8.62026142036562e-5 5.027867804872793e-5 1.3359138601135777e-6 1.3304682304482545e-6 5.543607687193384e-7 8.112820594464411e-8 3.436649824951812e-8 2.8082092232892333e-8 7.2491848113054185e-9 
0.43  0.919235576948308 0.07260469401109945 0.007893277306948205 0.0001068832625176226 9.816289860111675e-5 5.743110780142811e-5 1.5957731543042854e-6 1.584352873915868e-6 6.106296544431118e-7 1.0146127468095725e-7 4.1830594854305614e-8 3.1985676909661645e-8 8.431495175582988e-9 
0.44  0.913568543795167 0.07806649504264214 0.008058799772144354 0.00012404075176070887 0.00011177904536929068 6.567671143081614e-5 1.8969036917558227e-6 1.875613228558981e-6 6.690500436777563e-7 1.26680613818033e-7 5.0796457326958785e-8 3.61367863328885e-8 9.700663816555943e-9 
0.45  0.907453373870147 0.0839899611281761 0.008205010511596587 0.00014362939848886695 0.0001273236590536125 7.522497180055242e-5 2.24853030532935e-6 2.206898846298243e-6 7.40615610997636e-7 1.5848756417557706e-7 6.162121038086649e-8 4.0699534708171005e-8 1.1461952816009313e-8 8.145713099299166e-9 
0.46  0.900830871693167 0.09043639328512564 0.008329194179651753 0.0001657769242195491 0.00014506330494194305 8.633282707654672e-5 2.644120765163014e-6 2.578933990589952e-6 8.062262295681426e-7 1.973387954229282e-7 7.365073392067963e-8 4.5268371869003355e-8 1.2984257093780551e-8 9.262673646159253e-9 
0.47  0.893637914576065 0.09747080861067506 0.008428724217136202 0.00019057554864968166 0.00016531188312440029 9.93000029003378e-5 3.0876445330622196e-6 2.9919102089793694e-6 8.764774459316642e-7 2.453415553989115e-7 8.842714596799619e-8 5.009910120565183e-8 1.4715432898629116e-8 1.0546025088417376e-8 
0.48  0.8858134778511261 0.10515650046397362 0.008500964546821964 0.0002178052316610775 0.0001883370817245571 0.00011445949823345866 3.5721300902463123e-6 3.4398808784873626e-6 9.507966684444242e-7 3.039250388578817e-7 1.0521551991508276e-7 5.495353148525086e-8 1.6472385673763173e-8 1.1952346408247263e-8 
0.49  0.8773203528284207 0.11353283248174027 0.00854400885202802 0.0002468063770004751 0.00021425665198668186 0.000132127366125373 4.082706453862464e-6 3.912293495889634e-6 1.030677624077529e-6 3.74404758277935e-7 1.2386613754506435e-7 5.980979299302922e-8 1.8183112806966652e-8 1.3501323228837927e-8 
0.5  0.868156273520814 0.12260387695896836 0.00855701252267283 0.00027650345370446407 0.00024296512341157899 0.00015255612190768795 4.598630118138433e-6 4.39461658135323e-6 1.1171625328060568e-6 4.577649571489291e-7 1.4443678422819565e-7 6.463627001601038e-8 1.9847666127369892e-8 1.5203611094076184e-8 
0.51  0.8583428389157077 0.13234941034978273 0.008539939981987736 0.0003056944587656901 0.0002741681046375752 0.0001759409218520885 5.0979325750399825e-6 4.870145248836161e-6 1.2109601865943072e-6 5.543595351051048e-7 1.6622377020839812e-7 6.930471790129294e-8 2.130641956214887e-8 1.7034813438198863e-8 
0.52  0.8480191356594187 0.14262983420347433 0.008496303459738626 0.00033246223042866785 0.00030698129429244486 0.00020213747398248279 5.549140161540837e-6 5.317538755560792e-6 1.3128232006255855e-6 6.62686222110017e-7 1.881925297498414e-7 7.381550870345674e-8 2.254025095168734e-8 1.894203555999071e-8 
0.53  0.8373559537668901 0.15327248721627976 0.008430780733714503 0.00035537729184421203 0.0003403724903396931 0.0002308392235370763 5.931929219626829e-6 5.721732273000673e-6 1.4228776527084194e-6 7.805550975537215e-7 2.0958665543566817e-7 7.82045415708851e-8 2.3523283268398942e-8 2.0868670917954692e-8 
0.54  0.8264967087820889 0.16413154030196772 0.008347526875011337 0.0003738884136067544 0.0003734734193140568 0.00026173908804211064 6.241156866661919e-6 6.077916839418707e-6 1.5386305224378963e-6 9.061028392943747e-7 2.2990204437972624e-7 8.230049135231062e-8 2.4318764653387595e-8 2.279160089531197e-8 
0.55  0.8156735653326275 0.17497039655323926 0.008253483741161999 0.0004051323950240839 0.0003873245856749977 0.00029417235105692207 6.468442595434113e-6 6.378976413165651e-6 1.660251716575345e-6 1.0352003566602487e-6 2.4692055395483503e-7 8.609978221294574e-8 2.4644717884279632e-8 2.450507950143146e-8 
0.56  0.805035260638505 0.18563629077242189 0.008153415759554503 0.0004346927736173249 0.0003960377022876996 0.0003276564893177617 6.64408493970088e-6 6.6303081093807264e-6 1.7883842915908313e-6 1.1662216022955154e-6 2.6869053904747276e-7 9.063972794534062e-8 2.6356668812958737e-8 2.5086321063958462e-8 6.0920960133756594e-9 
0.57  0.7946584324851551 0.1960500284205907 0.00804998146567901 0.0004618581377301624 0.0004006248698914711 0.0003618506594758536 6.851821865393311e-6 6.721627150297213e-6 1.9172359520943887e-6 1.2963501568276207e-6 2.830187868980359e-7 9.44368029172756e-8 2.7842831466500807e-8 2.5261568514485932e-8 6.366364085506861e-9 
0.58  0.784633928236131 0.20611747354538126 0.007946426527870103 0.0004863810486599552 0.00040172120456180246 0.00039636173953828914 7.0211251528558745e-6 6.759891729011034e-6 2.047958295555348e-6 1.424033383843579e-6 2.954962004241942e-7 9.813722800368528e-8 2.915613220428088e-8 2.5276573670972303e-8 6.623162088683801e-9 
0.59  0.7749878019899782 0.2158106951551019 0.00784406366666064 0.0005082868707656878 0.0004309873749477148 0.00040005400371065846 7.158392482250986e-6 6.754531224781221e-6 2.1795545810582244e-6 1.5481111576958079e-6 3.063132424562558e-7 1.0175436069890156e-7 3.026876728043107e-8 2.51762655802307e-8 6.836753642533854e-9 
0.6  0.7657301360872979 0.2251181353840782 0.007743749041097715 0.000527691774538438 0.0004655756688078178 0.00039626327073256944 7.2691055745462885e-6 6.715092895987377e-6 2.3116554910774313e-6 1.6683251766135056e-6 3.157965767067559e-7 1.0538238296746399e-7 3.124830818782501e-8 2.5076061451453713e-8 7.09098007848728e-9 
0.7  0.6916348036927921 0.2997398202744358 0.006867676781740418 0.0007981816429839984 0.0006211765337865104 0.0003185135550306495 7.5673257847284965e-6 5.511856631082818e-6 3.590872586835439e-6 2.5895707845067252e-6 3.6343143067633634e-7 1.3854286136076655e-7 3.46105002167375e-8 2.2470185402743743e-8 8.838466207848557e-9 
0.8  0.6415270078232789 0.35032077598222905 0.006172156582451226 0.0010958785096167928 0.000616209626766511 0.00024831679334381474 7.22514033578284e-6 4.708550647014682e-6 4.126048505722339e-6 2.9897504397555276e-6 3.707966512741482e-7 1.6608788973802062e-7 3.266105509943816e-8 1.9985944750986392e-8 1.0191818086218184e-8 5.469026538858273e-9 
0.9  0.6065833725889391 0.3856521618299371 0.005615110422050199 0.0013531408420404177 0.0005757798332647536 0.00020154830934014138 6.677308360966032e-6 5.60708853045362e-6 3.0223822210539533e-6 2.954870153781521e-6 3.645034444206152e-7 1.8894635004115638e-7 2.8889319996183366e-8 1.7462032460298934e-8 1.13737846461306e-8 7.17418863700876e-9 6.176041720047129e-9 
1.0  0.581624087106732 0.41092160932499067 0.005168152266476645 0.0015711480093047571 0.0005256006277760329 0.00017154328468466147 6.26563303360317e-6 6.081716419817443e-6 2.660731377203146e-6 2.2241106664785947e-6 3.5259103041103125e-7 2.0566910125616188e-7 2.4939315802745413e-8 1.504151857776728e-8 1.2103604473577166e-8 8.57552437358418e-9 8.268443413900048e-9 
1.1  0.5633979840248762 0.42939614734068826 0.0048070045134056445 0.0017541803756852719 0.0004758405780444432 0.00015206502792347628 6.708539230113143e-6 5.510615774369765e-6 2.2681031680090196e-6 1.6659445254711179e-6 3.399722853371193e-7 2.1849478718678135e-7 2.1358532403734647e-8 1.2799567690861778e-8 1.2577092533688862e-8 1.0236373424151654e-8 9.498040614279998e-9 
1.2  0.5498080119483655 0.44318767423782296 0.004511947607391794 0.0019074416231953954 0.00043009903851721413 0.000139089963037135 6.967516516241051e-6 4.993837844606435e-6 1.8758812264286812e-6 1.2790061286542253e-6 3.27558448046724e-7 2.2797386832052343e-7 1.8421618394505094e-8 1.2826166177571461e-8 1.1951238373143714e-8 1.0815362655052734e-8 9.793251243370791e-9 
1.3  0.5395057996452841 0.4536552816234953 0.004269049390292484 0.002035558596018396 0.00038941533171309075 0.00013012477348452214 7.077994191137256e-6 4.540208277477702e-6 1.5301537469618647e-6 1.009535593431982e-6 3.16399307255092e-7 2.3523067443256464e-7 1.6366674594493203e-8 1.3361162969127032e-8 1.288547059784382e-8 9.338057109580881e-9 9.16655550169025e-9 
1.4  0.531570100507691 0.46172883641774026 0.004067005195478071 0.0021427861575101176 0.0003536943551139671 0.00012368732483788482 7.072402304413771e-6 4.148985239675947e-6 1.2437951970765994e-6 8.194386112283568e-7 3.0640638353926047e-7 2.406095194990759e-7 1.5107728303601402e-8 1.4385003941544182e-8 1.2785253223671551e-8 8.22043829177082e-9 7.905949850238987e-9 
1.5  0.5253762082280202 0.4680390860699135 0.003897610605500113 0.002232635726934624 0.0003225072144751058 0.00011886280951403639 6.979708766943868e-6 3.814819082424084e-6 1.013947219744457e-6 6.828408719263779e-7 2.975754458581497e-7 2.446171184776404e-7 1.5030945887082124e-8 1.4354058098320912e-8 1.255961291612257e-8 7.0879853251638084e-9 6.804534634374884e-9 
1.6  0.5204841039453666 0.4730306904535759 0.0037544502477385787 0.002308040259604558 0.00029529599318972767 0.00011507856827008629 6.820450916013864e-6 3.530312503538405e-6 8.254725015791353e-7 5.805091407496845e-7 2.8866664333181844e-7 2.475491429815617e-7 1.5313219847999726e-8 1.330724396331933e-8 1.2201630469776227e-8 6.749311600096921e-9 
1.7  0.516580061160439 0.4770205832440694 0.003632685702232807 0.0023714398906163887 0.0002715533254421364 0.00011199673713857281 6.622307277626799e-6 3.2894011553527023e-6 6.838234755221155e-7 5.058990074359412e-7 2.8228270538449687e-7 2.495582081632442e-7 1.5307930339988948e-8 1.292036495965963e-8 1.1813586904331457e-8 6.626349302804461e-9 
1.8  0.5134345612385907 0.4802410028758399 0.0035283736050003437 0.0024248410491813175 0.0002507676733206704 0.00010938045314604806 6.3948654627570025e-6 3.0848730108265805e-6 5.7228434490211e-7 4.487504382243263e-7 2.7637624511861323e-7 2.504230383584075e-7 1.5060388395013876e-8 1.2490632591662125e-8 1.138998340123137e-8 6.5913758835687635e-9 
1.9  0.5108788450007955 0.48286268304990193 0.003438480713744621 0.0024698672798055014 0.000232527451135361 0.00010708051772175 6.150768345816413e-6 2.910748452918257e-6 4.842883796536232e-7 4.042232911516182e-7 2.711137871557088e-7 2.5062576749157325e-7 1.461947271783237e-8 1.2045850248238276e-8 1.094384182036516e-8 6.6097053777395826e-9 
2.0  0.508786907112112 0.4850131847624727 0.0033605722947615112 0.002507870886781478 0.00021646265465127116 0.00010500012565013903 5.8984692976814146e-6 2.7618311771842554e-6 4.141205750689708e-7 3.684359397978356e-7 2.6632821048072634e-7 2.5023937118916553e-7 1.403520154471636e-8 1.1580149012705993e-8 1.0488072407012936e-8 6.635575836713078e-9 
2.1  0.5070628347494472 0.486789600186283 0.0032927187027784028 0.002539976076945671 0.00020226669991139074 0.00010307590731246874 5.644619037350816e-6 2.6337807256541927e-6 3.5765985196562945e-7 3.389638060440241e-7 2.620256175463671e-7 2.494618497079139e-7 1.3352840140006583e-8 1.1119566217185746e-8 1.0032882815109066e-8 6.661144132111313e-9 
2.2  0.5056348738541877 0.4882644987063742 0.0032334970943096518 0.002567122561157411 0.00018967930173882002 0.00010125782958047109 5.392958457719623e-6 2.5223074537799194e-6 3.119992695101662e-7 3.108976705333274e-7 2.5649186497221804e-7 2.445136665351765e-7 1.260630633576028e-8 9.57356638666382e-9 9.304395268026563e-9 
2.3  0.5044410986704604 0.4895011097281545 0.0031811103454874516 0.002590022449239008 0.00017845946750557788 9.953539265513355e-5 5.1478073719468564e-6 2.4257640482963516e-6 2.909842069593364e-7 2.736983620758822e-7 2.5275128000640417e-7 2.430521968757519e-7 1.1852738943494554e-8 9.152614737328372e-9 8.88367853367937e-9 
2.4  0.5034417009875394 0.4905393148243058 0.0031349881500187925 0.002609377267513582 0.00016845241980110586 9.787895157886937e-5 4.9119008550488846e-6 2.340926565144174e-6 2.725189538201264e-7 2.4947479780253747e-7 2.4276555556450714e-7 2.4155487572208637e-7 1.1077554488444998e-8 8.735260863240251e-9 8.444823917042977e-9 
2.5  0.5026011667033723 0.4914151268912407 0.003094246017489136 0.0026257460419430163 0.00015949750371810144 9.627820035150682e-5 4.686532305629566e-6 2.2657991085876415e-6 2.560587705886963e-7 2.4660052026162596e-7 2.4006451975345653e-7 2.1693667863948245e-7 1.0306196172257035e-8 8.329122910127886e-9 8.014662828468805e-9 
2.6  0.5018882812823976 0.4921607526514938 0.0030577386290508855 0.0026394641078862336 0.0001514248021333245 9.472488083251195e-5 4.470906897342336e-6 2.1987251884418553e-6 2.437553275137571e-7 2.413527985073976e-7 2.3839099112734563e-7 1.953202643201603e-7 9.585014935891639e-9 7.953351428779865e-9 7.656371482787755e-9 
2.7  0.5012846012493101 0.4927942977651491 0.003025356906913704 0.0026510552443281227 0.0001441621770561764 9.321414764303225e-5 4.26734704912578e-6 2.1383325995342695e-6 2.413389397899361e-7 2.3685661331393983e-7 2.2791292659175472e-7 1.7696679121171756e-7 8.879232795927146e-9 7.585612723648915e-9 7.289835707193567e-9 
2.8  0.5007698525346214 0.49333681901658605 0.0029962399727658053 0.0026607328932573607 0.00013758243192516095 9.174163779874623e-5 4.074535706571074e-6 2.0835069109989893e-6 2.389914370087871e-7 2.3521090035269124e-7 2.155903507498016e-7 1.6128136423259387e-7 8.219877292650721e-9 7.234000913642588e-9 6.942496548606834e-9 
2.9  0.5003294678263737 0.4938030079174327 0.0029700443752160655 0.0026687943384070423 0.00013161012451541124 9.030561261500444e-5 3.892736714128816e-6 2.0333389939520976e-6 2.3682842315201026e-7 2.336189215532157e-7 2.042590452104233e-7 1.478744534982548e-7 7.605065111167355e-9 6.904826718972253e-9 6.63899628749021e-9 
3.0  0.4999517611600318 0.49420475378991424 0.0029464086541261653 0.0026754727463213297 0.00012617349631621706 8.890450050809073e-5 3.7216371808540843e-6 1.9870905270308507e-6 2.348231332366517e-7 2.320570409365377e-7 1.9375631890831996e-7 1.3629763852503618e-7 7.036041283931714e-9 6.592356319857184e-9 6.362544872745014e-9 
