#mmax= 10
#m-states: all states (FBR)
#Nr. of sites: 44
 
0.0  1.0 
0.1  0.9968288144353114 0.0025556047580118863 0.000615324081629934 1.5715148818567836e-7 9.957356085993221e-8 
0.2  0.9866743504574357 0.010980041891938954 0.0023398212375488657 2.776799083610578e-6 1.7039166340083637e-6 1.305697358239604e-6 
0.3  0.9667266115732193 0.028454716476277054 0.004766760116014991 2.3647426082985425e-5 1.754415265669001e-5 1.0195090553890136e-5 2.298894151309021e-7 1.848069740499191e-7 1.1046880597303483e-7 
0.4  0.9254193746697281 0.0670723084664657 0.007010913382846291 0.00033457818326420593 9.906027549926923e-5 5.343375497470358e-5 5.224703294959835e-6 3.106421836780904e-6 1.3822229155488692e-6 4.5216094659159707e-7 6.691524558982929e-8 4.1744909327062405e-8 3.215370914856288e-8 2.494436382868776e-8 
0.41  0.9185000775738419 0.07368703308007254 0.007159654706635766 0.0004506053569309653 0.00012280311798826623 6.533629133310926e-5 7.263470579336671e-6 4.025792296944464e-6 2.4417396949486143e-6 4.993929021498064e-7 9.91587337363813e-8 7.141163275280934e-8 5.540479652113142e-8 3.350256512617111e-8 
0.42  0.91051662812028 0.08132701664968393 0.007281057359362392 0.0006176075661680901 0.00015564307328658713 8.128374715101368e-5 1.0137855732569243e-5 5.23988796470676e-6 4.37361896435349e-6 5.722148678615819e-7 1.5110536506698218e-7 1.3769502029907813e-7 7.524845435303096e-8 5.4381735025989534e-8 2.1475964175457295e-8 
0.43  0.9011329796204897 0.09030525281474504 0.0073684847638967954 0.0008578379682905262 0.00020286435397411022 0.00010328889518929736 1.4116072818030446e-5 7.08385319122192e-6 6.7554996221114395e-6 6.493665688427066e-7 2.3647953469347973e-7 2.2876890414049505e-7 1.0191996564514346e-7 8.644259096235044e-8 2.5629591483659648e-8 7.550629457949844e-9 
0.44  0.8897465695265455 0.10115978664969871 0.007412137679463017 0.0012270766262786556 0.0002760515041806805 0.00013517721110455996 2.006102278484209e-5 1.2457029327566469e-5 8.732686731099551e-6 7.582291180291458e-7 4.639801014795428e-7 3.594590450059968e-7 1.5118008711373911e-7 1.4386344639161086e-7 2.9832474044485136e-8 2.417049868323916e-8 1.098211711180522e-8 8.366996581570645e-9 
0.45  0.8754503441012857 0.11470820680611754 0.007398046257553927 0.0017989674643177362 0.0003960645250232201 0.00018348535251103362 2.8552851582515947e-5 2.2047739015558578e-5 1.1221111001382177e-5 9.198130970440088e-7 9.135805724572217e-7 6.005769905371849e-7 2.6524740880332773e-7 1.9322349133695923e-7 5.4934721082461274e-8 5.3378676722482675e-8 3.3875750220930715e-8 1.5978918944745097e-8 1.3181966912379121e-8 
0.46  0.8565657042397288 0.13244904075243158 0.007303398783146102 0.002713444807462803 0.0006090086139898106 0.0002612731002484146 4.064073926763456e-5 3.815874439731058e-5 1.4356732668676698e-5 1.7123269245777385e-6 1.191332821227336e-6 1.0270715272376559e-6 4.600389915998393e-7 2.5126333881849077e-7 1.2754396305559145e-7 1.1650313319620716e-7 3.7774331981581465e-8 2.6553938009773365e-8 2.3077692626614666e-8 
0.47  0.8304666102575541 0.15679993461605077 0.007094444350545503 0.0041021271766149715 0.0010004874618871876 0.00039178093346727943 6.155729777169269e-5 5.6625790712166886e-5 1.798351231038674e-5 3.087227043188163e-6 1.8258259805644091e-6 1.7445219499000876e-6 7.388188462040802e-7 3.254153101755719e-7 3.0552004205025996e-7 2.3657319607455733e-7 6.098617012884158e-8 5.652568899065351e-8 4.207979207998073e-8 1.0207238808708746e-8 7.780223790703915e-9 7.121605056778014e-9 
0.48  0.7936872256723934 0.19119386841814376 0.006729761821730385 0.005891869834571998 0.0016879563743230806 0.0006107728458341864 8.814727444353472e-5 7.481055537628534e-5 2.1384307236970668e-5 5.293508712541297e-6 3.213219387275096e-6 2.8026392692750207e-6 1.032306227140001e-6 6.70724651696134e-7 4.801051943552864e-7 3.412000500983411e-7 1.1652286285927299e-7 1.1600667483538963e-7 4.862798127460571e-8 4.5417194792476135e-8 1.2785074325395095e-8 1.204540331404297e-8 1.08809045566193e-8 6.90635790615342e-9 
0.49  0.744198616331312 0.23822001934062184 0.007496822023255274 0.00618796466764514 0.002706142491948176 0.0009507864617734617 0.00010538289252528888 9.012178093624612e-5 2.3287280766986282e-5 7.465923414713504e-6 5.097415905638035e-6 4.568293223493118e-6 1.1798506177745975e-6 1.0074627441584662e-6 6.410417568459154e-7 3.412641180278028e-7 2.0635734225530203e-7 1.6396150103961918e-7 6.969680135966164e-8 5.757985302846001e-8 1.8113135374119022e-8 1.563336963901412e-8 1.2351172000398166e-8 1.1784260316233238e-8 
0.5  0.6863054624088323 0.2946277089047506 0.008098567278384445 0.005524902868793012 0.0037943536623471752 0.0013940240597983653 0.00010760290564445235 9.77084310343828e-5 2.2879062987550687e-5 8.939521693750144e-6 6.992735056016635e-6 6.85520586110269e-6 1.1233883760568519e-6 1.1204979164537814e-6 7.294059642568888e-7 3.3730575197694884e-7 2.850477190141838e-7 1.779304001853175e-7 8.650226314099919e-8 7.378472742450958e-8 2.0208359339409156e-8 1.678900652497046e-8 1.5226982580742827e-8 1.1903233541811775e-8 4.9641160173674754e-9 
0.51  0.6304051486733991 0.3505069620591012 0.007601546533569762 0.0048674499117167605 0.004516490719017549 0.0018576270025183268 9.829779979349029e-5 9.580146569691354e-5 2.0823789730420785e-5 9.128834979039745e-6 9.011044923339382e-6 8.016406407199927e-6 9.96336267641714e-7 9.251335766173912e-7 7.226785685958536e-7 3.819413076772808e-7 2.6424057483052783e-7 1.544734233157849e-7 9.164883903692603e-8 9.072333090213541e-8 1.8994862997670247e-8 1.6146132876432293e-8 1.5531542446000195e-8 1.2126428188736524e-8 5.784293314556042e-9 
0.52  0.5854885397563551 0.3964480381932659 0.006577679261953795 0.004689550156653468 0.004325410209828937 0.002251778464004299 8.662032535336234e-5 8.431587607600224e-5 1.8372801287215063e-5 1.0503031223929954e-5 8.253285019345118e-6 7.867422391717583e-6 7.7235339831417e-7 6.973974798629478e-7 6.249753254974707e-7 3.8336074420503434e-7 2.263705925978323e-7 1.1678358816202079e-7 1.061497297757154e-7 8.025209540808473e-8 1.6085995927431052e-8 1.5079103185009e-8 1.4951224503953973e-8 1.1624826829840973e-8 5.8324865825185115e-9 
0.53  0.5536507778774111 0.4296856923797486 0.005533529244437841 0.004470871883499113 0.003928472608361528 0.0025413709700474584 7.463329848778438e-5 7.075135618331423e-5 1.6282079126658897e-5 1.1294147083181034e-5 6.963198618132687e-6 6.955547921322056e-6 5.620712714909608e-7 5.076632383259352e-7 4.920889674495772e-7 3.4472167316926753e-7 1.8887252485120646e-7 1.1486289386674202e-7 8.166104969177488e-8 6.353856401609941e-8 1.3749287873574829e-8 1.3113515776396736e-8 1.2543539432511237e-8 1.0522547978651953e-8 
0.54  0.5324466242479432 0.4522598015018349 0.004658959563181738 0.004082732378131738 0.003652241449359794 0.002737387086057884 6.312582506266733e-5 5.9490329992589096e-5 1.4701837176479514e-5 1.1604790238184064e-5 5.794744081539266e-6 5.67464271368853e-6 4.0229353004483047e-7 3.7209837630124985e-7 3.7059424082752134e-7 2.937097565725884e-7 1.5961202834787025e-7 1.1745866981298448e-7 5.5447403857072656e-8 4.6915696459293316e-8 1.2491774512955094e-8 1.1287092429031495e-8 1.049767107314582e-8 9.19798714484908e-9 
0.55  0.5188705273009043 0.46703153073794745 0.003970581616406855 0.0036606603434548627 0.0034647446025010747 0.0028619132411917005 5.34714950142123e-5 5.0659929324651396e-5 1.3568106786881674e-5 1.1640365564802671e-5 4.683310128610881e-6 4.557267134642213e-6 2.9129558296919483e-7 2.8194787292376446e-7 2.7665142630846157e-7 2.485518962185315e-7 1.3676740141822474e-7 1.1448078809587036e-7 3.8227522770121975e-8 3.418017658549876e-8 1.1957307766644643e-8 1.114242536380843e-8 8.605210094301084e-9 7.87602937955074e-9 
0.56  0.5101927450366766 0.47671433473011987 0.0034313490100167077 0.003335330423342852 0.0032653096939407236 0.002938928150727811 4.563149893441678e-5 4.371620221896941e-5 1.2739343927267399e-5 1.1536149680816642e-5 3.7060512309432486e-6 3.534657767874425e-6 2.250704477774952e-7 2.137926154263992e-7 2.1364246283535354e-7 1.9794016895406664e-7 1.1457940932422845e-7 1.0591771273259473e-7 2.5135057036579453e-8 1.3926609821587904e-8 1.1347364870698041e-8 1.0965594087833632e-8 6.733975397569225e-9 
0.57  0.5046981418547045 0.4830449286454324 0.003245043837147579 0.003004603559687306 0.002984073321877637 0.0029154619196531256 3.952444843022608e-5 3.818841067407197e-5 1.2123874764609933e-5 1.1369796146914078e-5 2.8421396280167527e-6 2.77964210517741e-6 1.9154502803692773e-7 1.9130826629804704e-7 1.542921551029328e-7 1.509208635127358e-7 9.456420717678611e-8 9.18621826897136e-8 1.1417333860685925e-8 1.1017395080322942e-8 1.0946796778994031e-8 1.0675522478930596e-8 
0.58  0.5013065641749419 0.4871300145561476 0.003181476594809614 0.003007638349181551 0.0026628581237145414 0.002614520219117222 3.485577685039663e-5 3.397865977957752e-5 1.1659756680221732e-5 1.1179973599049318e-5 2.2532241019225205e-6 2.2138451147626492e-6 1.7667189057313347e-7 1.7389565953402748e-7 1.2103747134822024e-7 1.1921540704122276e-7 7.772001323841434e-8 7.73327796850877e-8 1.0436302070591954e-8 1.032021151568558e-8 1.0278270126711973e-8 9.837957606380997e-9 
0.59  0.49912064443651033 0.4899017719775755 0.0031340084188488607 0.003019062363966428 0.0023812031575776793 0.002355125011459374 3.109276320399034e-5 3.053763617619495e-5 1.1289390448540768e-5 1.0984699889500109e-5 1.8068193484575787e-6 1.78126713800645e-6 1.6637575890735729e-7 1.6342469625137276e-7 9.790147985839391e-8 9.68265554032793e-8 6.435535475739448e-8 6.408454476929338e-8 1.0084339464779075e-8 9.985603575439876e-9 9.656661339347031e-9 9.362864618929898e-9 
0.6  0.4978056709573744 0.4917119109493284 0.0030986951536552646 0.0030214217049978303 0.0021476864868088036 0.002133602170810824 2.805550196637702e-5 2.768367041095617e-5 1.0991175487370465e-5 1.0794551748541334e-5 1.4536433683180623e-6 1.41597533168745e-6 1.58773488030971e-7 1.5622343422868214e-7 8.08077156795627e-8 7.929204568152085e-8 5.366859278522211e-8 5.3113670927973135e-8 9.516254527013599e-9 9.395904392781366e-9 8.86586262095407e-9 8.401746970338369e-9 
0.7  0.4993504732186302 0.492703862341102 0.002965017194014162 0.002925513944399267 0.0010112236304548135 0.0009976162116781709 1.3498182965822428e-5 1.3279708587818368e-5 9.45330675219799e-6 9.326772833313089e-6 2.0560071318255805e-7 1.9245415318136692e-7 1.2591015678899314e-7 1.2397506587108749e-7 2.365305433587952e-8 2.2988784547541316e-8 2.0665245790293726e-8 2.0241410278445823e-8 
0.8  0.5011848386756239 0.49179024989165565 0.0029020894563572576 0.0028476898712754234 0.0006270014669574873 0.0006152485157386103 8.547619956085022e-6 8.387392358897865e-6 7.846343535942837e-6 7.699188533224392e-6 1.1331345600454962e-7 1.1118715360836488e-7 5.311650524382334e-8 5.2113671941151156e-8 1.9460849411916516e-8 1.9101127493853998e-8 1.6799423942726835e-8 1.6485822701082033e-8 
0.9  0.5005254629306071 0.49291019977468303 0.00284577993544877 0.0028024868227755476 0.0004488101973096633 0.00044198245219745645 7.752036155325287e-6 7.634224858128709e-6 4.840203853412841e-6 4.766669050414401e-6 1.0056031343156855e-7 9.906939023334454e-8 2.3752483441358936e-8 2.3402250820017874e-8 1.9116210692301334e-8 1.885241409351094e-8 
1.0  0.5022410496508681 0.491470217650916 0.00281503314994316 0.0027545855805065616 0.0003530863671234933 0.0003455020574805206 7.092269532447742e-6 6.93936324758008e-6 3.143732575462853e-6 3.0752281059467003e-6 9.706333570084694e-8 9.513220399735527e-8 1.8877417653477354e-8 1.8502601718407228e-8 1.813275530491149e-8 1.7745550771540988e-8 9.495840229294087e-9 
1.1  0.4979121040088434 0.49598535571256064 0.002758092723715933 0.002747496787479775 0.0002904060516103029 0.0002892935488606536 6.418245547888628e-6 6.394110593461721e-6 2.10081180449644e-6 2.0933561855084395e-6 9.011491457887858e-8 8.98132128724128e-8 1.836365360507694e-8 1.8250258964334385e-8 1.407169221721118e-8 1.402906885456294e-8 
1.2  0.49957441507943207 0.4944588070564088 0.0027401974303487117 0.002712113155611079 0.0002510640651463085 0.00024848804884509073 5.897054933563008e-6 5.8363845707668014e-6 1.4831295618691073e-6 1.4674819800938894e-6 8.715297971997098e-8 8.62564625609327e-8 1.766830978143735e-8 1.7462176095067518e-8 1.1336354389260334e-8 1.1236881558999718e-8 
1.3  0.4985884777355751 0.49554942389987705 0.0027117984951644447 0.0026952723014892132 0.00022160750508874597 0.00022025707611162147 5.406925817661097e-6 5.373957081407557e-6 1.0845890256911224e-6 1.07799493651093e-6 8.44262091416966e-8 8.391456200154501e-8 1.6664763504227263e-8 1.652096633870421e-8 9.024273650072179e-9 8.96905958861027e-9 
1.4  0.4978244079345645 0.4963976691089216 0.0026878130767410704 0.0026801084009806493 0.0001993899059490065 0.00019881767395643377 4.977238213252055e-6 4.962937126849746e-6 8.232336084439762e-7 8.209511057086313e-7 8.207990042613265e-8 8.184827213434146e-8 1.5667967456042983e-8 1.5526701825970803e-8 7.2659744247670925e-9 7.150017792258363e-9 
1.5  0.49801270321481594 0.49627909938509307 0.0026714824072655674 0.0026621903884664934 0.0001822388011341915 0.00018162187647170712 4.606281082596755e-6 4.59081763339508e-6 6.425025641612784e-7 6.30270354823231e-7 8.019111851818241e-8 7.994564597376406e-8 1.4534814683589504e-8 1.4477347515424393e-8 4.906193907071128e-9 
1.6  0.49778829284573944 0.49656235731094167 0.002655001360619266 0.0026484804562742475 0.00016825845632127627 0.0001678430876240813 4.2787238264934365e-6 4.268156526404312e-6 5.191159385917649e-7 5.13286865514292e-7 7.856351939138153e-8 7.837536105396459e-8 1.3472062285508669e-8 1.3414809824364857e-8 3.3735718863393415e-9 
1.7  0.49783960759943896 0.49656179315095106 0.002641623987229924 0.0026349145326784954 0.00015673342652123708 0.00015633184880373593 3.990324507378107e-6 3.980141253880902e-6 4.2385907792276153e-7 4.2249324757983105e-7 7.714611956829414e-8 7.693418315921446e-8 1.2323627294470882e-8 1.2232360621287221e-8 
1.8  0.4979435341500639 0.49650201188350257 0.0026300363238536428 0.002622427406070064 0.00014702951453299362 0.00014660438151455996 3.736983108276518e-6 3.7262040971673436e-6 3.59954588433543e-7 3.589296269560997e-7 7.593608567610375e-8 7.572231682353225e-8 1.1324047812783983e-8 1.1286593691578645e-8 
1.9  0.4982775496653045 0.4962070190361946 0.002620776248241943 0.0026098859241779765 0.0001387707520699795 0.00013819410904233176 3.513544796001547e-6 3.4989435124736214e-6 3.114240240777708e-7 3.1013002869931134e-7 7.489410951410136e-8 7.458256410529954e-8 1.0406917847789545e-8 1.0339018558939582e-8 
2.0  0.4982572177205521 0.49626204503136256 0.0026106909864125807 0.0026002367924203708 0.000131506614361179 0.00013098005947282266 3.312088132069811e-6 3.298826381656172e-6 2.7319644628211386e-7 2.721020867638312e-7 7.392667559700884e-8 7.36219027696381e-8 9.552513589442467e-9 9.481281727465226e-9 
2.1  0.4981526347811106 0.4963979089215649 0.0026009752877995435 0.002591814447728987 0.00012510428534096476 0.0001246636616318583 3.131173597911969e-6 3.1201523544332484e-6 2.424266068640295e-7 2.415734851103761e-7 7.30076121073457e-8 7.275137956358233e-8 8.779835512118891e-9 8.749952823746738e-9 
2.2  0.49813760124739515 0.49644112061463663 0.0025925451353830016 0.002583708291507653 0.00011945458964925607 0.00011904738013720547 2.969250759915167e-6 2.9591155600095163e-6 2.1742071712780836e-7 2.1667851280711452e-7 7.220503418124378e-8 7.195731227743571e-8 8.065800940521137e-9 8.047596972434382e-9 
2.3  0.498421871372353 0.49618256463112087 0.002586277162481839 0.0025746608599416477 0.00011447644451808654 0.0001139623431455845 2.8248393301277777e-6 2.812163418049461e-6 1.9676124634784145e-7 1.9587899221370445e-7 7.151502191169756e-8 7.119103735225503e-8 7.427748070751104e-9 7.409647407733544e-9 
2.4  0.49850744614313136 0.4961204688818003 0.002579579510677747 0.002567227625821168 0.00010995919395976564 0.00010943264503365239 2.6930400705391345e-6 2.6801417323182643e-6 1.7930873311674575e-7 1.7844923310954456e-7 7.085674865803374e-8 7.051621450903471e-8 6.856856740546307e-9 6.829990079431068e-9 
2.5  0.4982923349901758 0.4963572542970477 0.002571806216536382 0.0025618224715238183 0.0001058028167894787 0.00010539261370647065 2.56074208795551e-6 2.5552594246305132e-6 1.6296055893219193e-7 1.6206178719076858e-7 7.017764662177807e-8 6.988039561478713e-8 5.512319719871712e-9 
2.6  0.4983110978595049 0.49635842849667955 0.0025657033427577826 0.002555677594421079 0.00010207579615706218 0.00010167490843954257 2.456204682749002e-6 2.4420511993117746e-6 1.504690856521366e-7 1.4909819181882263e-7 6.959971034349024e-8 6.932922851398592e-8 5.24994484718914e-9 
2.7  0.4984530742278459 0.496234885947752 0.0025606743394665384 0.0025492919063532333 9.86957527405397e-5 9.825787130684887e-5 2.3568481551676205e-6 2.3426454036472825e-6 1.3960711009057476e-7 1.3799921603437943e-7 6.911127153408124e-8 6.880945126003111e-8 4.933928275724207e-9 
2.8  0.4985745647640155 0.49613053518901634 0.0025558954041450697 0.0025433716087011364 9.55932413895347e-5 9.512364012257753e-5 2.265396060351893e-6 2.2511027874647924e-6 1.2991276757712363e-7 1.282425395287728e-7 6.86355079590462e-8 6.830794553032136e-8 4.555004040725623e-9 
2.9  0.49846021637143567 0.4962608595588017 0.0025502344096976805 0.0025389875353221797 9.269054586739302e-5 9.22821695798278e-5 2.178200997646332e-6 2.169879024842979e-6 1.2087620147831465e-7 1.2018427322757517e-7 6.817159089569092e-8 6.785911452276532e-8 4.23809482090976e-9 
3.0  0.49846952953669726 0.49626649640448023 0.0025455002887279556 0.0025342534325020695 9.003009166927274e-5 8.963262339986188e-5 2.1023082788340504e-6 2.09016991789243e-6 1.1374789430485504e-7 1.1220713102048255e-7 6.773822763202274e-8 6.745199910911936e-8 3.999075493701474e-9 
3.1  0.49845485991366945 0.49629516657234657 0.0025409230566045254 0.002529912370743392 8.755983691651464e-5 8.71795941857769e-5 2.0302043011050265e-6 2.018001761545062e-6 1.069165315419299e-7 1.0540389369319683e-7 6.733420396851934e-8 6.704757271759921e-8 3.7472720728711554e-9 
3.2  0.49844093304957393 0.49632228782407023 0.0025365887431302637 0.0025258018141017086 8.525837455380578e-5 8.489424888075971e-5 1.9565795658748803e-6 1.947575756623929e-6 9.935187087633239e-8 9.883007595764349e-8 6.695185020929544e-8 6.66565703316303e-8 
3.3  0.4984679307363935 0.49630763964144686 0.002532703428596894 0.00252174073182756 8.312274762659642e-5 8.276251900274258e-5 1.8943120732208148e-6 1.8857091236595877e-6 9.385352489902426e-8 9.33896979196215e-8 6.66364773649798e-8 6.62942105454069e-8 
3.4  0.49842349713717987 0.4963638283121333 0.0025286303630998 0.0025181839599415965 8.111144373163807e-5 8.077639565891075e-5 1.8352950561231864e-6 1.8277186137203174e-6 8.877715894676813e-8 8.839288105127696e-8 6.624145662344075e-8 6.596308906473372e-8 
3.5  0.4984380602711618 0.4963603274383475 0.0025250675005166535 0.002514544120120507 7.923840789877025e-5 7.890822406659279e-5 1.7808838022179463e-6 1.7734696982258796e-6 8.423248539411229e-8 8.388872585410202e-8 6.59220409591548e-8 6.56411354285751e-8 
3.6  0.49840293068019353 0.49640593931987015 0.0025214271081404394 0.002511326537864613 7.747151842122577e-5 7.716121600692727e-5 1.7298336208352496e-6 1.7229105971027973e-6 8.010698700967952e-8 7.980257822552049e-8 6.561703109070847e-8 6.534868530051618e-8 
3.7  0.49839918480982587 0.49641959482196885 0.0025181202724957556 0.0025081319623180124 7.581414651843408e-5 7.551366206504341e-5 1.6820585064463902e-6 1.6754121842043183e-6 7.634825392533725e-8 7.606601399492088e-8 6.537794320733566e-8 6.506190665347935e-8 
3.8  0.49839925333246576 0.4964289867387527 0.0025149687868790383 0.002505039071253858 7.425104817899525e-5 7.395809160094303e-5 1.636998210274932e-6 1.6305564111912078e-6 7.287366437349185e-8 7.260669748030299e-8 6.510430977913818e-8 6.479157664456633e-8 
3.9  0.49839212234104857 0.49644511055310325 0.0025119317757292307 0.0025021193036418826 7.277437445972205e-5 7.249015339429015e-5 1.594630598878029e-6 1.5884137822666135e-6 6.968224591672912e-8 6.94269879129197e-8 6.479909370921594e-8 6.454591463529814e-8 
4.0  0.49839627624934674 0.49644954610521247 0.0025090682518875322 0.0024992682552722146 7.137750159625565e-5 7.10987626886135e-5 1.554453018740337e-6 1.5483940702956316e-6 6.671907125404504e-8 6.646887530529473e-8 6.45455333608056e-8 6.429342563981831e-8 
4.1  0.498391377639492 0.4964626493007442 0.0025062775301187665 0.002496578673354531 7.005235746842168e-5 6.978127356190322e-5 1.5164964721557051e-6 1.510637125891145e-6 6.431086645154719e-8 6.406203200893336e-8 6.397876281171656e-8 6.374000313197546e-8 
4.2  0.4983966003469753 0.49646526540617747 0.002503652522441737 0.0024939508519902617 6.879580844593744e-5 6.852924934825619e-5 1.480506295187364e-6 1.4747795700927025e-6 6.407974568905167e-8 6.383144079533815e-8 6.142395234684764e-8 6.119362036380014e-8 
4.3  0.49839219431261494 0.49647717581174905 0.0025010840321132628 0.0024914730755260656 6.76000217776508e-5 6.734023680347273e-5 1.4463536679157809e-6 1.4407993347277025e-6 6.386883868860554e-8 6.361450205700099e-8 5.9045681539070554e-8 5.882739025997352e-8 
4.4  0.4983954575262687 0.49648110305776205 0.0024986519624253063 0.0024890539100041404 6.64629084216696e-5 6.620759083781097e-5 1.4139686770952922e-6 1.4085415124497158e-6 6.366304932444283e-8 6.341040117848016e-8 5.683709979025684e-8 5.6623542217814004e-8 
4.5  0.4983935099512844 0.49648994149491327 0.0024962885189717668 0.002486754655659835 6.53788696684972e-5 6.512918426802545e-5 1.3832785103242685e-6 1.3779991413702654e-6 6.346523259562086e-8 6.322321948162035e-8 5.477784083695707e-8 5.4581292178920984e-8 
4.6  0.49839717854794574 0.4964928978522637 0.0024940381063888284 0.002484508096550548 6.434447170671106e-5 6.409857442561479e-5 1.3538706435164224e-6 1.3486996688150693e-6 6.327507144588595e-8 6.3025040429998e-8 5.283665900440976e-8 5.2643637692435675e-8 
4.7  0.49839765970890826 0.4964987926335277 0.002491844846708884 0.00248235775304069 6.335586251085098e-5 6.311461504534527e-5 1.325911212157983e-6 1.3208691827176107e-6 6.309655531234157e-8 6.284548931746854e-8 5.1019983049225486e-8 5.083783502990305e-8 
4.8  0.4983990396220518 0.49650353586762547 0.002489742500964977 0.0024802801854219734 6.241068206091771e-5 6.217347627412756e-5 1.2992645293570906e-6 1.294332022582278e-6 6.292599987260674e-8 6.267589967667197e-8 4.9319798104812634e-8 4.9147349244564225e-8 
4.9  0.4984025511829091 0.4965059213688504 0.0024877235896464647 0.0024782631825628 6.150576884045652e-5 6.127185423747228e-5 1.2736989681594813e-6 1.2688607402733665e-6 6.274914859995972e-8 6.249936904278071e-8 4.770801709271126e-8 4.753671181072771e-8 
5.0  0.49839842667502293 0.49651572878984424 0.002485735214670525 0.0024763519998966723 6.063762722227411e-5 6.040872420286083e-5 1.2492710661286015e-6 1.2445612642839079e-6 6.258212639810034e-8 6.233426346430591e-8 4.619337422169274e-8 4.6027046336249734e-8 
