#mmax= 10
#m-states: all states (FBR)
#Nr. of sites: 16

0.0  -0.0  0.0
0.1  -4.207119338066611  0.4846194640727663
0.2  -44.789659628256814  0.9999999997669762
0.3  -74.78965962802536  0.9999999999984593
0.4  -81.57497411256138  0.6479115262475789
0.41  -80.39909754045796  0.4471241348878232
0.42  -114.78965962802381  0.9999999999999999
0.43  -118.91658763906679  0.8888148448219255
0.44  -81.69150567341224  0.5818326786529296
0.45  -120.82563592777201  0.9649831449355005
0.46  -118.79213531316155  0.9975301940623583
0.47  -120.82563592777201  0.9649831449355007
0.48  -119.13065114610428  0.7303072191013597
0.49  -166.78965962802383  0.9999999999999999
0.5  -119.54830456474252  0.6652607249747655
0.51  -163.4829745258324  0.7069528394690731
0.52  -156.78965962802383  0.9999999999999997
0.53  -168.78965962802383  1.0000000000000002
0.54  -165.48280680858377  0.7070714214274959
0.55  -166.79213531316154  0.9975301940623575
0.56  -220.78965962802383  1.0000000000000002
0.57  -164.78965962802383  1.0000000000000004
0.58  -218.78965962802383  1.0000000000000002
0.59  -170.789659740559  0.9999998874535889
0.6  -166.78999503439672  0.9996646725798841
0.7  -218.78965962802383  1.0
0.8  -280.7896596280238  1.0000000000000007
0.9  -288.7896596280238  0.9999999999999994
1.0  -280.8102852410794  0.9797508974676918
1.1  -348.7896596280238  Inf
1.2  -354.7896596280238  Inf
1.3  -346.7896596280238  Inf
1.4  -346.9165876390668  Inf
1.5  -353.62573843708367  Inf
1.6  -612.7896596280239  Inf
1.7  -428.7896657722173  Inf
1.8  -516.7896596280239  Inf
1.9  -436.7897120023231  Inf
2.0  -512.7896604595522  Inf
2.1  -422.825635927772  Inf
2.2  -416.7896596280238  Inf
2.3  -510.7896596280238  Inf
2.4  -424.7899950496216  Inf
2.5  -688.7896596280239  Inf
2.6  -420.7896596432538  Inf
2.7  -513.4840680888884  Inf
2.8  -Inf  NaN
2.9  -608.7896596280239  Inf
3.0  -516.7897051394531  Inf
3.1  -578.7896596280239  Inf
3.2  -512.7896604595522  Inf
3.3  -698.7896596280239  Inf
3.4  -590.7896596280239  Inf
3.5  -690.7896596280239  Inf
3.6  -592.7896596283027  Inf
3.7  -Inf  NaN
3.8  -602.8078095559416  Inf
3.9  -511.0454368298734  Inf
4.0  -670.7896596280239  Inf
4.1  -Inf  NaN
4.2  -580.7896596280239  Inf
4.3  -Inf  NaN
4.4  -Inf  NaN
4.5  -Inf  NaN
4.6  -670.7896596280239  Inf
4.7  -656.7896596280239  Inf
4.8  -Inf  NaN
4.9  -Inf  NaN
5.0  -Inf  NaN
