#mmax= 10
#m-states: all states (FBR)
#Nr. of sites: 16
 
0.0  1.0 
0.1  0.9968288447877822 0.0025555763774897998 0.0006153222098911619 1.5710475028850132e-7 9.952008713511019e-8 
0.2  0.9866743912796485 0.010979984995594577 0.0023398364583493035 2.7768902508471257e-6 1.7039149096227919e-6 1.3064612464901421e-6 
0.3  0.9667269513485625 0.028454292932866023 0.004766784518848694 2.3705193871398503e-5 1.7544645138913096e-5 1.0194655898937413e-5 2.3112629720674218e-7 1.8504275059684357e-7 1.1053576570493908e-7 
0.4  0.9258503260544355 0.0666758923495709 0.007019139560001553 0.00029768814230074795 9.593337124205933e-5 5.2340713238483143e-5 4.470377752732421e-6 2.867826375450249e-6 7.708827695221471e-7 4.526341094320673e-7 5.515662348926236e-8 4.008722631124431e-8 2.2844354145900214e-8 
0.41  0.9192650116483367 0.07298811852557174 0.007174038467862985 0.00038184757099512455 0.0001164364301689711 6.314184084721065e-5 5.894776021612962e-6 3.6059223049595004e-6 1.2102664834569069e-6 5.048834518921719e-7 7.882589214869596e-8 5.2267742247133826e-8 3.13973141272002e-8 2.7177008099675706e-8 
0.42  0.911888391400514 0.0800859094489208 0.0073054255197707845 0.0004865991972347595 0.00014235925784707046 7.680364661157218e-5 7.5577088169058e-6 4.473338406675609e-6 1.6653223675578086e-6 5.611460766479451e-7 1.0778731453219903e-7 6.78641539866374e-8 4.604453845209599e-8 3.2317425781624524e-8 
0.43  0.9035997954931361 0.0880868124709028 0.007410872487224029 0.000614865844482764 0.00017523821632756893 9.418092908057178e-5 9.530500491670066e-6 5.4859686551009765e-6 2.2221794996717043e-6 6.33316575310277e-7 1.5016506880698756e-7 8.783419058980527e-8 6.375053752275619e-8 3.9030653300277566e-8 1.6658586036368667e-8 5.1545888099245065e-9 
0.44  0.8942123896889855 0.09717408791104933 0.007485821648464184 0.0007713879993968585 0.00021732026064312428 0.00011649650248116513 1.1820595474250044e-5 6.599892791375444e-6 2.888165576422556e-6 7.119397455639267e-7 2.0253946337796185e-7 1.1213575867559819e-7 8.7210095163761e-8 4.686099198174181e-8 2.0581188551746152e-8 6.067896831775186e-9 
0.45  0.8835642263648297 0.10750985145768768 0.00752678938311532 0.0009559190635477652 0.0002708454216184331 0.00014515348649821237 1.4371008092521101e-5 7.798639669812093e-6 3.6236462863024377e-6 8.091845218272519e-7 2.6880375134450204e-7 1.405460192419943e-7 1.1530742807405619e-7 5.5784334493608006e-8 2.422181190014011e-8 7.680790006670628e-9 
0.46  0.8714793073657301 0.11927119942006942 0.007530179349156233 0.0011668791267384403 0.00033823226657496154 0.00018185600412355218 1.710420985446216e-5 9.045028492617373e-6 4.460978843164758e-6 9.379071487212791e-7 3.5329463430164086e-7 1.7349220382454695e-7 1.510447202666005e-7 6.592718448957485e-8 2.7782363268186626e-8 1.7396447899575876e-8 9.405715111397935e-9 
0.47  0.8577295955755557 0.1326866959600009 0.00749182946248047 0.0014025568095780495 0.0004226131642958571 0.0002288342005222965 2.0009751557254904e-5 1.0322889112096595e-5 5.424529849333757e-6 1.0970350304391915e-6 4.5993566824143656e-7 2.1249393346416346e-7 1.955290818616879e-7 7.779320513700099e-8 3.117304834242355e-8 2.313076146731417e-8 1.1472909019425162e-8 9.093411233344603e-9 
0.48  0.8422694411560464 0.14781817633325725 0.007410459730880939 0.0016466749848927508 0.000524258579657016 0.00028772318502012475 2.2800860961402786e-5 1.1514555388139692e-5 6.403278711914667e-6 1.3009775886917309e-6 5.835427071991798e-7 2.4316913429354293e-7 2.430110673680479e-7 8.845105449924928e-8 3.410950808473543e-8 2.9470787707870005e-8 1.3850791178385998e-8 1.0752545533387484e-8 
0.49  0.8249334944329116 0.16483720984949793 0.0072836105513368905 0.0018914277892888465 0.00064470291694684 0.0003609810107008063 2.545587873787843e-5 1.2603192745503515e-5 7.4589143073226986e-6 1.564201714047187e-6 7.243964771641869e-7 2.974196886446056e-7 2.684699002156306e-7 9.860889238251844e-8 3.67045623632727e-8 3.658654203493722e-8 1.6522528283683368e-8 1.255322181262913e-8 
0.5  0.8058391212125533 0.18364787650501133 0.007113429466929658 0.00211561689675148 0.0007808003777405964 0.0004496977706259751 2.777951462801938e-5 1.3523307800291266e-5 8.52414208659774e-6 1.8943097851864885e-6 8.711419192835704e-7 3.5500939847941497e-7 2.86625942804922e-7 1.07070191453401e-7 4.388681743448948e-8 3.89095369330787e-8 1.945453780994009e-8 1.4397744100766319e-8 
0.51  0.7851844913320332 0.2040697700864147 0.006903638635996078 0.002302392894909434 0.0009275561861116354 0.0005543777157928547 2.9670253908911e-5 1.4238048796652703e-5 9.599696135126852e-6 2.294041754411341e-6 1.0128724022874477e-6 4.1733700755452796e-7 2.971235781120387e-7 1.1335289522749902e-7 5.072029734775727e-8 4.07179029245485e-8 2.2594288746142978e-8 1.6389775231768478e-8 
0.52  0.7632462186410918 0.22583911657719277 0.0066595124794310194 0.002440548933923916 0.0010783444073659645 0.0006748438824062779 3.1069073667260616e-5 1.4733620003531618e-5 1.0674549378054828e-5 2.761481291532402e-6 1.1357077662770806e-6 4.799494513002547e-7 3.004911255612203e-7 1.1739451893496693e-7 5.6563221747823217e-8 4.211453511545851e-8 2.582656690349577e-8 1.830706071614405e-8 
0.53  0.740575599132415 0.24841823616103534 0.006390697301009995 0.0025197170766686375 0.001222814220171278 0.0008086717049423277 3.1904992913450845e-5 1.500444539816732e-5 1.1714010943075407e-5 3.283974720675253e-6 1.2254185466320518e-6 5.476598752623237e-7 2.979457970864819e-7 1.1959331753665452e-7 6.099947028603482e-8 4.304588494771986e-8 3.42408964707052e-8 2.011960842375821e-8 7.956386479950619e-9 
0.54  0.7177376807357105 0.27124552487477943 0.006107113290289048 0.0025394466233355454 0.0013514662301658098 0.0009526186047914102 3.216274147698071e-5 1.5067440985535093e-5 1.2640060197538297e-5 3.844047119862758e-6 1.2655435802281402e-6 5.864494142607535e-7 2.907607326498104e-7 1.1912746985549715e-7 6.325919919376943e-8 4.32966560615792e-8 3.7261022510400864e-8 2.1599603386607338e-8 8.053470738543313e-9 
0.55  0.6952903708112346 0.29375778517488393 0.005818662502332596 0.002506379506281998 0.0014567938840095752 0.0011027925045246168 3.191770432645041e-5 1.4957610120422348e-5 1.3473170048668341e-5 4.421883003981687e-6 1.2604898443278986e-6 6.099973793026868e-7 2.8052482980941353e-7 1.1737856273803595e-7 6.376909064539956e-8 4.2989113259155456e-8 3.9431171981538076e-8 2.27882405361214e-8 7.881001162443833e-9 
0.56  0.6737458200486999 0.31543230019403107 0.005534464392213981 0.0024308230766235247 0.0015340233116889173 0.0012549480052422635 3.127646339680913e-5 1.4717719604935268e-5 1.4200837528897964e-5 4.999986738409578e-6 1.2185951999966104e-6 6.342176583568692e-7 2.687908365234072e-7 1.1524914630503758e-7 6.340356633533609e-8 4.204590080739107e-8 4.1221904778436586e-8 2.7908039749460678e-8 8.074883156658468e-9 6.457096424340751e-9 
0.57  0.6535510749602893 0.33580956810195556 0.005262498717531423 0.0023241214860341627 0.0015807930318151434 0.0014046709545677762 3.0254741025213212e-5 1.476581634326357e-5 1.438055606997944e-5 5.548924267910016e-6 1.1436999609561859e-6 6.242443054900874e-7 2.559609458518227e-7 1.129032513196544e-7 6.099087500490583e-8 4.170282266413055e-8 4.03759960140192e-8 2.8254551038026664e-8 7.965565901762276e-9 6.611826670453083e-9 
0.58  0.634906325275112 0.3546723840909146 0.005006994605369715 0.002198921596458981 0.0015996920315532158 0.0015492171686974539 2.9029245432508633e-5 1.5192183042034042e-5 1.3986543244741678e-5 6.062316439009168e-6 1.0499956415723745e-6 6.102764777123288e-7 2.431514182474752e-7 1.1100330448231514e-7 5.789835102521541e-8 4.160735461286667e-8 3.81907634083138e-8 2.8415971140434167e-8 7.643251709107955e-9 6.761201892437402e-9 
0.59  0.6179877607400732 0.3718319711777446 0.004771560402292826 0.0020644380880920532 0.0016857578467381147 0.001593370626618952 2.7597287062139386e-5 1.5450704775632436e-5 1.356072061819688e-5 6.521987984482293e-6 9.458978190394724e-7 5.639468310556245e-7 2.3031973208826604e-7 1.0956420742288638e-7 5.3725112717899554e-8 4.054785157719505e-8 3.531068779615568e-8 2.3630625450820913e-8 7.475133255726637e-9 
0.6  0.6028155676014625 0.3872546866411832 0.004557499133286732 0.00192849869822887 0.001812789200779293 0.0015672950487671633 2.6141919101872513e-5 1.558044701853054e-5 1.3133009927380926e-5 6.934904881259266e-6 8.484964039340767e-7 5.348444251012636e-7 2.196880233532038e-7 1.089944045761772e-7 5.251057672106585e-8 3.942530551916565e-8 3.490413709201208e-8 2.3353078424153653e-8 7.094365240958882e-9 4.08464415844365e-9 
0.7  0.5238952275292829 0.4681627255664849 0.0033695515959256605 0.002551619498896619 0.000995810075530002 0.0009798674763758658 1.3837182445380394e-5 1.2053753849311049e-5 1.0026394679036332e-5 8.59345268802665e-6 1.8828391530376383e-7 1.6009276372276942e-7 1.452237439687863e-7 1.092237379065861e-7 2.4091355202470412e-8 2.0823583977163388e-8 2.0073241920231322e-8 1.966149939458338e-8 
0.8  0.5043485622044984 0.4886241411198807 0.0030069728496375622 0.0027468665611318555 0.0006303258737736227 0.0006103259841546038 8.608616436737765e-6 8.310175010740648e-6 7.856152137959337e-6 7.62975186169957e-6 1.1856264899259316e-7 1.0703068166167589e-7 5.293555856246456e-8 5.068078819234254e-8 1.9263159976713145e-8 1.9085503690950127e-8 1.7212009427360923e-8 1.594112670097058e-8 
0.9  0.49918291664274744 0.49425160416106434 0.0028696972555198323 0.002779480992883666 0.00045000856340065084 0.0004409506173528926 7.724734827476602e-6 7.674310491426162e-6 4.818563782216646e-6 4.799677728930184e-6 1.0622352941270431e-7 1.0237892259794837e-7 2.6197219917111897e-8 2.578775763128636e-8 1.912185387242975e-8 1.9084462639271573e-8 1.3131389251493441e-8 1.2555066953492919e-8 
1.0  0.4977049306732593 0.49600615284841193 0.0028017648676383 0.002768013640424862 0.0003511943070441883 0.00034741562892302055 7.0174413325933105e-6 7.014778282134984e-6 3.111522158820651e-6 3.1083284323230446e-6 9.843689322051819e-8 9.406184272839904e-8 1.884612721219237e-8 1.8758297787273397e-8 1.8255583151300437e-8 1.7689296275055787e-8 9.916052410740357e-9 
1.1  0.49734253486681007 0.49655477836883 0.0027597040692192757 0.0027460102638155568 0.00029066784595411154 0.0002890513279322617 6.41177402720825e-6 6.401720678234694e-6 2.099229407822942e-6 2.0957925788259735e-6 9.030564942482824e-8 8.974316384718893e-8 1.83217364604847e-8 1.8239732643604962e-8 1.4096648137363031e-8 1.4033816954432582e-8 
1.2  0.4974025102351312 0.4966305970778172 0.0027296601662200604 0.0027227474125017595 0.0002501740741460041 0.00024939435822774126 5.872470400420078e-6 5.8618478153753e-6 1.477010492386546e-6 1.4744603042513287e-6 8.690436985861333e-8 8.664562686432735e-8 1.757956610117626e-8 1.7343047192305007e-8 1.1332789737160615e-8 1.1081542877987445e-8 
1.3  0.49747770638063926 0.4966601809792898 0.002706071562279595 0.002701013546064174 0.00022117051925523416 0.0002206948730719933 5.395196997929217e-6 5.385199851132348e-6 1.0821771847783473e-6 1.0802363091539122e-6 8.422988630122868e-8 8.406382548301362e-8 1.6684140678823448e-8 1.624620480030761e-8 9.059219907359564e-9 9.045779815827604e-9 
1.4  0.49781347907204304 0.4964086061439273 0.002687796367696942 0.002680127519137615 0.0001993912829899932 0.00019880776548607205 4.977133601236428e-6 4.962877395712714e-6 8.224252801581879e-7 8.199710961753448e-7 8.208123836133971e-8 8.184452680788392e-8 1.564964378703648e-8 1.5589851681620017e-8 7.24643046903679e-9 7.029655688242822e-9 
1.5  0.49773182361356877 0.4965599569356621 0.0026699961575340964 0.0026636933599574935 0.00018214655479061368 0.0001817187180713475 4.603914340832076e-6 4.5933270948603415e-6 6.402351261529059e-7 6.336057844778656e-7 8.016151345767424e-8 7.998294537345249e-8 1.4533077549067009e-8 1.4458079184404663e-8 4.442453285008826e-9 
1.6  0.49781263346740295 0.4965380119464706 0.0026551381414544953 0.0026483478508210353 0.00016826776042634507 0.00016783434697411253 4.279398305012625e-6 4.26746156639022e-6 5.188180291506515e-7 5.135852356562404e-7 7.857449717414267e-8 7.837314529080904e-8 1.3477992953061166e-8 1.3412657860081972e-8 3.3850227870591634e-9 
1.7  0.4978616530939948 0.49653970294788274 0.0026417959458890743 0.0026347839063695037 0.00015674244931216172 0.0001563257836945118 3.990679945375711e-6 3.980063290503692e-6 4.237947939576278e-7 4.226593573064585e-7 7.716313640814307e-8 7.695019752775289e-8 1.2294765429784684e-8 1.2267371249175026e-8 
1.8  0.49785189776782085 0.49659364932516653 0.002629554112494909 0.002622908159021837 0.00014700284704218075 0.000146631242216851 3.736315696143533e-6 3.726868137652333e-6 3.5997771004411165e-7 3.59068467313764e-7 7.593471857767525e-8 7.57431397460154e-8 1.1334083916111043e-8 1.1304282355022046e-8 
1.9  0.49789567624570347 0.4965888852219986 0.0026187710450194072 0.0026118976173621004 0.00013866471990276128 0.00013830074727929533 3.5108673107212137e-6 3.501644803052571e-6 3.1122540290236136e-7 3.10408749957566e-7 7.484264360351409e-8 7.464609803069948e-8 1.0402532983166516e-8 1.0365192448759978e-8 
2.0  0.4979130462269064 0.49660627608671903 0.002608858995002592 0.002602012059096683 0.00013141445961455196 0.00013106955936805745 3.3097438501515235e-6 3.301057782923592e-6 2.729683772292118e-7 2.722520768719669e-7 7.386088149562762e-8 7.366706952100762e-8 9.548251603520634e-9 9.515004165897687e-9 
2.1  0.49792424444891414 0.4966262977233719 0.0025997838246532637 0.0025930072999829075 0.0001250469690744817 0.00012472102755790672 3.129730460247135e-6 3.1215704449962893e-6 2.4236504010911073e-7 2.4173300848428377e-7 7.29816805424924e-8 7.279066003886626e-8 8.780936525285109e-9 8.754215680540711e-9 
2.2  0.4979643608526032 0.4966144124932773 0.0025916146164704362 0.00258458886857356 0.00011941208521711238 0.00011908835887979326 2.9681903414909664e-6 2.9601386799985054e-6 2.173494044108652e-7 2.1675950526094753e-7 7.218261540655072e-8 7.198608741586858e-8 8.071913500895172e-9 8.04643020911709e-9 
2.3  0.49798369582796254 0.4966207302488482 0.0025840099703274095 0.002576937477235814 0.00011437614418094258 0.00011406313681544707 2.822379412989658e-6 2.8146585292322625e-6 1.965723901465289e-7 1.9603529206945707e-7 7.145382606998013e-8 7.125755204159744e-8 7.432461945944424e-9 7.405165542085433e-9 
2.4  0.49798727876979254 0.4966406326367217 0.002576890141629784 0.0025699204770273107 0.00010984455813402142 0.00010954743562001269 2.6902181492484625e-6 2.6829268533303882e-6 1.7914242798372574e-7 1.786567544087767e-7 7.078480455034379e-8 7.059304512381124e-8 6.855772064347977e-9 6.803267140499939e-9 
2.5  0.4980115479597375 0.49663805640947284 0.002570347088509648 0.002563269364611993 0.00010574187967358508 0.00010545102569091389 2.559287116195648e-6 2.5563742263434093e-6 1.6302556302217217e-7 1.6197370886907702e-7 7.015307280845916e-8 6.992328265603538e-8 5.5353349875173215e-9 
2.6  0.4980321222824355 0.4966374039881361 0.0025642750013627133 0.0025571061578461996 0.00010201862305133643 0.00010173194920958792 2.4543679075454434e-6 2.443831832352056e-6 1.506315232086365e-7 1.489565497413246e-7 6.957225099063026e-8 6.937191178525702e-8 5.2659839848267296e-9 
2.7  0.4980645073323877 0.49662347079222335 0.0025586735369533594 0.002551275846350444 9.861906517153928e-5 9.833380741528504e-5 2.354853800189779e-6 2.344417750789843e-6 1.3952047291149174e-7 1.3802338337839419e-7 6.904747028634227e-8 6.885468774446708e-8 4.9019340619839134e-9 
2.8  0.49805939459896 0.4966457101230414 0.002553254714375496 0.0025460079502474787 9.549394210908987e-5 9.522284445582141e-5 2.2600135361075007e-6 2.256286698765997e-6 1.2941350356678722e-7 1.286707393423734e-7 6.857260346156705e-8 6.835427421845118e-8 4.51545541112312e-9 
2.9  0.49808404506748727 0.49663703161870015 0.0025483062540060893 0.002540914455368254 9.262065211926046e-5 9.235205129990042e-5 2.1787748558120464e-6 2.169551753796616e-6 1.2132034126225103e-7 1.1989481848630878e-7 6.812107278051269e-8 6.793660570049912e-8 4.3015725309621814e-9 
3.0  0.4980914081042132 0.49664461326015247 0.002543574810892135 0.0025361831944589984 8.996288884792715e-5 8.970011980093597e-5 2.1012103332861146e-6 2.0913213611817687e-6 1.1352710380784932e-7 1.1239105507379526e-7 6.769411513983993e-8 6.748489787900353e-8 3.992769027354911e-9 
3.1  0.4981006153765301 0.49664939795700563 0.0025391217034637418 0.0025317261436699203 8.749711506617755e-5 8.724295367293734e-5 2.0288574926596906e-6 2.0194432201676238e-6 1.0671358329373994e-7 1.0562868610870757e-7 6.72886148258488e-8 6.709421755042223e-8 3.7247765139794067e-9 
3.2  0.49810417657318323 0.49665905461451265 0.0025348708827307906 0.0025275128533838506 8.519936976003006e-5 8.495133438682909e-5 1.954313140406898e-6 1.9485430074733486e-6 9.91255264466537e-8 9.881819004724298e-8 6.688451086153294e-8 6.668766721847814e-8 
3.3  0.4981151871899222 0.4966604382056507 0.0025308935474996626 0.0025235027330127043 8.306125560601001e-5 8.281868118090257e-5 1.8920342234742722e-6 1.8865042557253913e-6 9.363485839364725e-8 9.335483199543214e-8 6.65307858984594e-8 6.63281733793071e-8 
3.4  0.4981247067986087 0.4966626182356024 0.0025271152776104636 0.002519700092838998 8.106278692225047e-5 8.082492694352205e-5 1.834003250787821e-6 1.828619774080463e-6 8.867961397742186e-8 8.83927961430766e-8 6.619298217404428e-8 6.599305692143479e-8 
3.5  0.4981384296937617 0.49665995953338243 0.0025235476042975544 0.0025160624562748936 7.919080512305275e-5 7.895587811657246e-5 1.7798234938378199e-6 1.7745429001954148e-6 8.419301817527385e-8 8.390644843567834e-8 6.588084485291097e-8 6.568233705203249e-8 
3.6  0.4981626761651287 0.49664619170237023 0.002520212943443537 0.002512542604100891 7.743426607520148e-5 7.719857194575058e-5 1.7290492605030065e-6 1.723783560787941e-6 8.009383329065262e-8 7.984706917477209e-8 6.55900923124291e-8 6.538311959233503e-8 
3.7  0.4981700946850162 0.49664872279846817 0.002516950666446788 0.0025092660557383866 7.577853126635718e-5 7.554717487116326e-5 1.6812123449992032e-6 1.6760793499286438e-6 7.631649618072231e-8 7.607888896019646e-8 6.530301930889205e-8 6.509809224298746e-8 
3.8  0.4981750481879966 0.49665322507833937 0.0025138280086564524 0.002506148695479609 7.421699232463422e-5 7.399025936709586e-5 1.6362240872323919e-6 1.6312232377050478e-6 7.285308336492005e-8 7.262230022135717e-8 6.502688610848839e-8 6.482824130105158e-8 
3.9  0.4981803239459304 0.49665695463786536 0.002510843571030355 0.002503165669182867 7.274183013263646e-5 7.25193775899732e-5 1.5937316654450638e-6 1.5888551687139337e-6 6.963959327440508e-8 6.940960138479019e-8 6.47651460085926e-8 6.45670923907497e-8 
4.0  0.49818536604377317 0.49666049854706285 0.0025079869930019817 0.0025003103769017892 7.134592296712814e-5 7.11275265040343e-5 1.5536734059319768e-6 1.5489145132649567e-6 6.668985254368209e-8 6.647007869149432e-8 6.451972205817373e-8 6.432221683224035e-8 
4.1  0.49819010111406176 0.49666396103177685 0.0025052491590970803 0.002497574592729813 7.002284221007982e-5 6.980831834260042e-5 1.5157643787796586e-6 1.5111176082366874e-6 6.428419016464265e-8 6.408724650992489e-8 6.395098238586704e-8 6.373737711399695e-8 
4.2  0.4981948762306563 0.49666702255400624 0.002502623809514538 0.002494948752443893 6.87669431710939e-5 6.855603211356879e-5 1.4798482553753925e-6 1.475306434774823e-6 6.405862869555935e-8 6.386216027761661e-8 6.140535254615904e-8 6.119726198112239e-8 
4.3  0.4981993913744827 0.4966700081078687 0.0025001021357716176 0.0024924272124488803 6.757307023434906e-5 6.736561557391723e-5 1.4457821835552636e-6 1.441340536969455e-6 6.384323565255547e-8 6.364723912689295e-8 5.903651757961778e-8 5.8833907502631074e-8 
4.4  0.49820277510676353 0.4966738118088097 0.002497673207028635 0.002490007890438112 6.643647940712537e-5 6.623257080261947e-5 1.4133835242324894e-6 1.4090424130099943e-6 6.36340081320132e-8 6.343871341418043e-8 5.681765129400678e-8 5.6620440372126e-8 
4.5  0.4982064043064693 0.4966770773148159 0.0024953377561856777 0.0024876778444594995 6.535322400048659e-5 6.515259443345052e-5 1.382605715274105e-6 1.3783581686539762e-6 6.343573553862782e-8 6.324100733141408e-8 5.475334790112952e-8 5.456566119194943e-8 
4.6  0.4982093583173654 0.496680744040619 0.002493085675609709 0.00248543627936161 6.43194033559089e-5 6.412204129006122e-5 1.3533131373368554e-6 1.3491576889554832e-6 6.324619845533163e-8 6.305214244321115e-8 5.282603924831407e-8 5.264719166543056e-8 
4.7  0.4982128160884503 0.49668362375356645 0.002490930627727332 0.0024832847925402826 6.333236780579825e-5 6.3137940535739e-5 1.3253715178695712e-6 1.3212970957305891e-6 6.30544091127164e-8 6.286089642318052e-8 5.1009401807835627e-8 5.0836053382345425e-8 
4.8  0.49821678472758957 0.49668577800269054 0.0024888422996185797 0.002481193645930171 6.238787977621717e-5 6.219609526733063e-5 1.298679136056039e-6 1.294677049534836e-6 6.28758372059778e-8 6.268232327936428e-8 4.929729960893184e-8 4.913748226349119e-8 
4.9  0.49822040226248765 0.4966880698073344 0.002486816036644766 0.0024791714889851966 6.148326732900241e-5 6.129425207032761e-5 1.2731745057481485e-6 1.2692503912704756e-6 6.272265201215707e-8 6.251841033297945e-8 4.768471175552935e-8 4.753447914014342e-8 
5.0  0.4982236148256769 0.4966905407463053 0.0024848634982748917 0.00247722434211387 6.0616142826879776e-5 6.0429673589445425e-5 1.2487672730460104e-6 1.244911108567803e-6 6.254417186883246e-8 6.234711217601785e-8 4.617715519264601e-8 4.60243915801793e-8 
