#mmax= 10
#m-states: all states (FBR)
#Nr. of sites: 32

0.0  -0.0  0.0
0.1  -18.78966634392114  0.9999932834539453
0.2  -80.78965962802383  0.9999999999999962
0.3  -82.27733684566233  0.4548179853868165
0.4  -218.78965962802383  1.0000000000000002
0.41  -170.91880843706812  0.8868455835823594
0.42  -350.7896596280238  Inf
0.43  -228.7903303283099  0.9993295699773138
0.44  -228.9165876390668  0.8888148448219257
0.45  -220.78965962802383  1.0
0.46  -225.54944345621374  0.6645043366180421
0.47  -229.48280686485134  0.7070713816343388
0.48  -289.48280680858375  0.7070714214274958
0.49  -356.8078095559416  Inf
0.5  -362.7921414421628  Inf
0.51  -292.91747366993275  0.8880277237418522
0.52  -288.7899950343967  0.9996646725798847
0.53  -358.7896596280238  Inf
0.54  -350.7896596280238  Inf
0.55  -356.7896596280238  Inf
0.56  -434.7896596280238  Inf
0.57  -434.7896596280238  Inf
0.58  -622.7896596280239  Inf
0.59  -441.0292044828093  Inf
0.6  -430.7896596280238  Inf
0.7  -524.7896596280239  Inf
0.8  -436.92094470203017  Inf
0.9  -526.7896597405589  Inf
1.0  -612.7896596280239  Inf
1.1  -Inf  NaN
1.2  -668.7896596280239  Inf
1.3  -698.7896596280239  Inf
1.4  -696.7896596280239  Inf
1.5  -610.812710449943  Inf
1.6  -Inf  NaN
1.7  -Inf  NaN
1.8  -Inf  NaN
1.9  -Inf  NaN
2.0  -Inf  NaN
2.1  -Inf  NaN
2.2  -Inf  NaN
2.3  -Inf  NaN
2.4  -Inf  NaN
2.5  -Inf  NaN
2.6  -Inf  NaN
2.7  -Inf  NaN
2.8  -Inf  NaN
2.9  -Inf  NaN
3.0  -Inf  NaN
3.1  -Inf  NaN
3.2  -Inf  NaN
3.3  -Inf  NaN
3.4  -Inf  NaN
3.5  -Inf  NaN
3.6  -Inf  NaN
3.7  -Inf  NaN
3.8  -Inf  NaN
3.9  -Inf  NaN
4.0  -Inf  NaN
4.1  -Inf  NaN
4.2  -Inf  NaN
4.3  -Inf  NaN
4.4  -Inf  NaN
4.5  -Inf  NaN
4.6  -Inf  NaN
4.7  -Inf  NaN
4.8  -Inf  NaN
4.9  -Inf  NaN
5.0  -Inf  NaN
