#mmax= 10
#m-states: all states (FBR)
#Nr. of sites: 32
 
0.0  1.0000000000000004 
0.1  0.996828784914584 0.0025556331736369276 0.0006153251545761445 1.5717869285910047e-7 9.957851224610236e-8 
0.2  0.986675126396577 0.010979354110395736 0.002339741343084112 2.776547387298605e-6 1.70374389576491e-6 1.2978586609151294e-6 
0.3  0.966726990093513 0.028454328684110845 0.004766747001612045 2.3644322127933868e-5 1.7554332389531895e-5 1.0198099299374248e-5 2.3203821113126102e-7 1.8481477762770974e-7 1.1031940244630694e-7 1.0294558518759247e-8 
0.4  0.9254309993515434 0.0670625965541819 0.0070110921615222305 0.0003328701986660011 9.894504096453632e-5 5.340069068768818e-5 5.147817457413632e-6 3.0957641468618194e-6 1.2693994029393564e-6 4.517978054585202e-7 6.483604590689493e-8 4.174956281211855e-8 2.463801324898332e-8 
0.41  0.9185307124143506 0.07365977144655367 0.007160450108285269 0.00044702288690211413 0.00012250169062931362 6.525081532492806e-5 7.175129167012633e-6 4.019343583981886e-6 2.3205534178281977e-6 5.083725088249332e-7 9.7290995762885e-8 6.562865641514822e-8 5.566025378993826e-8 3.345787133440856e-8 1.5201499992241634e-8 
0.42  0.9105838111764334 0.0812698290046614 0.0072821100907815685 0.0006083086912578239 0.00015483455273494632 8.104988765493369e-5 9.937525702159294e-6 5.190412582900655e-6 3.94103659759375e-6 5.664296133690301e-7 1.4888968416432076e-7 1.2238283901060635e-7 7.545135160188907e-8 5.019623058661827e-8 1.8804412857253243e-8 5.467460144873742e-9 
0.43  0.9013160207342878 0.09015051104283228 0.007371237211683014 0.0008320293985717683 0.00020020899948643955 0.00010256202127998443 1.3526279318252913e-5 6.628034899964184e-6 6.014360567867169e-6 6.437714677709022e-7 2.160788386247115e-7 1.9515177497857536e-7 1.0014108327758127e-7 7.521905464262613e-8 2.4553706817492906e-8 7.001146975216213e-9 
0.44  0.8901648091056277 0.10081003195765902 0.00741825012951784 0.001165752574644075 0.00026876026661777717 0.00013324319889231265 1.8781674776393637e-5 1.0118032312685958e-5 8.466123700838958e-6 7.54434631607013e-7 3.6584740970827713e-7 3.3255624302678047e-7 1.4079712056590822e-7 1.2530301926233705e-7 2.9263015135014233e-8 2.096273627731298e-8 1.012948302438344e-8 7.642593996490945e-9 
0.45  0.8765338874130045 0.11380885224549764 0.00741328741424314 0.0016379595638797383 0.00037333068165080666 0.0001778019772037843 2.5511885900655213e-5 1.6144729227207126e-5 1.0623800098008144e-5 8.969379288382656e-7 6.620984054409464e-7 5.249552048332746e-7 1.9798227144692908e-7 1.8549567498628857e-7 4.0346508903713096e-8 3.428384092906625e-8 3.31227548399216e-8 1.3761277128684728e-8 1.1305428127850303e-8 
0.46  0.8593900364561646 0.13010992757218015 0.007341360300269497 0.0023012345796843466 0.0005382395189587491 0.00024452042973679007 3.3816400260380046e-5 2.4032072951006675e-5 1.3086411280754595e-5 1.1263361630775506e-6 1.064575986755213e-6 8.170266302253983e-7 2.956685187001219e-7 2.351666787085749e-7 7.761513702460618e-8 5.7852438784204776e-8 3.662960640162606e-8 1.840048506663375e-8 1.6986867576678367e-8 
0.47  0.8374239223208163 0.15097363018999893 0.007184543140126926 0.0031765147388368867 0.0007976785957329444 0.0003455616482735925 4.3312371584681774e-5 3.3703801071810644e-5 1.567041158504328e-5 1.634819508739998e-6 1.516849802492512e-6 1.2775115246154356e-6 4.1412459936838597e-7 2.8258286473061594e-7 1.4468546902799132e-7 9.347631709265559e-8 4.021558909554387e-8 2.8461142397307218e-8 2.4476265344744734e-8 5.57889082181955e-9 
0.48  0.8092629861350857 0.17781081755063366 0.006925220314588555 0.004195227500264332 0.0011872950048405855 0.0004963082583266354 5.294813356192643e-5 4.336428833600867e-5 1.8007167012048162e-5 2.3745045119762595e-6 2.1575743418757112e-6 1.9453225430542986e-6 5.255224462350415e-7 3.101835829493758e-7 2.4404396066344086e-7 1.3560671816560845e-7 5.302654143763842e-8 4.377831615512121e-8 2.87385562472193e-8 7.345831765084394e-9 
0.49  0.7741607691990675 0.2115497109172613 0.006555492480357123 0.005163059612635926 0.0017165521036483253 0.0007104709791903761 6.133479362861268e-5 5.197184647428373e-5 1.9654971811584745e-5 3.249293643636574e-6 3.1276565854452663e-6 2.897206535357013e-6 6.095901530819376e-7 3.7428467989816374e-7 3.2068330490616506e-7 1.9192513903940455e-7 8.418424686134341e-8 5.393920505233276e-8 4.835717140583309e-8 1.0127629265957209e-8 8.88413069686835e-9 6.963501357939603e-9 
0.5  0.7329669803951049 0.25164674317813085 0.006088748106170579 0.00581510994477125 0.002332115815856698 0.0009909563910498055 6.714345287886591e-5 5.736720545927937e-5 2.028767445129216e-5 4.426242563678649e-6 4.214823603076984e-6 3.940456774292283e-6 6.343379486481308e-7 4.606862186004871e-7 3.099029565933844e-7 2.645741181540579e-7 1.240002344564313e-7 6.601211529141389e-8 5.6331682729211765e-8 1.6141983713133742e-8 1.2286174220846855e-8 1.1038410218013581e-8 1.1001344440692738e-8 
0.51  0.6892123496938335 0.2948667336569518 0.005969101407336671 0.005572587469513588 0.0028983941951399987 0.0013160600920889007 6.905876912520256e-5 5.834129063509978e-5 1.9843175636167207e-5 5.90666606034229e-6 4.822549652463776e-6 4.779371455728592e-6 5.930916852625795e-7 4.831220719429233e-7 3.017731094229762e-7 2.850373928370884e-7 1.6064072209425885e-7 6.549482276953585e-8 6.348352550769533e-8 2.644613402851753e-8 1.3234761407037612e-8 1.2234528189733714e-8 1.058449808065848e-8 6.519319488886817e-9 
0.52  0.6472006520315271 0.3369495962925704 0.005684881296558818 0.005063780641405831 0.00328821547784796 0.0016511673801979068 6.731906904978565e-5 5.6276610724557977e-5 1.8686933382006265e-5 7.336739102508201e-6 5.192010319831747e-6 4.982811411959344e-6 5.132035774749746e-7 4.4795383706298133e-7 3.0977820571512563e-7 2.585195654708503e-7 1.8104918607298505e-7 7.608166264703829e-8 5.5860330619036935e-8 2.8554805500925078e-8 1.3278621317046516e-8 1.1822117979792518e-8 9.602982162110341e-9 7.001009949012044e-9 
0.53  0.6108844806117019 0.3738047297815773 0.005145550992955023 0.004614632474594055 0.0034412400089879566 0.001957215524297457 6.266653271812729e-5 5.226840823645004e-5 1.7256439197119163e-5 8.508929060714995e-6 5.0984280206204565e-6 4.656817328768156e-6 4.1997615051589996e-7 3.8112921626189204e-7 2.8263022616672855e-7 2.431799751453676e-7 1.7443512944918184e-7 8.504193332406579e-8 4.532768667729176e-8 2.2206623257521876e-8 1.293822585170472e-8 1.0654895179260486e-8 1.0415849772659354e-8 7.115412263841765e-9 
0.54  0.5813656827183044 0.40409923240814966 0.0045365211953124 0.004241543665744376 0.00340011631121833 0.002217113964755384 5.668235972923671e-5 4.7691969018719305e-5 1.5856187513681498e-5 9.367116763559893e-6 4.6470866942057665e-6 4.111787041210888e-6 3.3566596143518944e-7 3.0867611537707733e-7 2.3856141824251077e-7 2.3036210074855584e-7 1.5239208130903958e-7 9.145685640875108e-8 3.425785175879006e-8 1.223745461424212e-8 1.080780629787684e-8 9.814500156618569e-9 8.997607708458729e-9 
0.55  0.558823084598029 0.42748656647409355 0.003961308326714737 0.003949454666176579 0.0032311090663407847 0.0024216627816109663 5.046210422044197e-5 4.304848573788795e-5 1.4649472437014209e-5 9.923712688732577e-6 3.9760686797708435e-6 3.544765857182545e-6 2.6687510148224485e-7 2.403872860654203e-7 2.176562118991526e-7 2.0013817355356756e-7 1.2916954523581016e-7 9.351585472311604e-8 2.2453123543515948e-8 1.1757775336292786e-8 1.0268009461883777e-8 1.002177278430028e-8 7.234557542077878e-9 
0.56  0.5419577035027987 0.4451612528397801 0.003724300666685364 0.0034616753317099147 0.0030025325814070874 0.002577785353751124 4.467069567703843e-5 3.886847313303918e-5 1.3660940499655324e-5 1.0252264995044045e-5 3.29346400577252e-6 2.9887699847692885e-6 2.1820420248441672e-7 2.0421709860929978e-7 1.845738064967684e-7 1.6493929947067854e-7 1.0787437286640242e-7 9.088395755880774e-8 1.3318477893578467e-8 1.1361966976603448e-8 1.0107956643599487e-8 9.634433690133733e-9 
0.57  0.5295238863907157 0.4583263064030505 0.0035522348204066402 0.003042406783799785 0.00275715204407062 0.0026939267775759205 3.9558130334628096e-5 3.5188572149092124e-5 1.2870833912944466e-5 1.0419752923369964e-5 2.694747832436871e-6 2.480013059038677e-6 1.9147601860010122e-7 1.870815445992192e-7 1.4621902152302169e-7 1.3498260131364245e-7 8.93606412383277e-8 8.3727872926027e-8 1.1691052066245828e-8 1.0927564181527906e-8 1.0059690028198267e-8 9.204165901632882e-9 
0.58  0.5204744013674806 0.468017794846144 0.003421412048498287 0.0027780449479079656 0.0026947665032538994 0.002518629702991672 3.5217973993040136e-5 3.2005706035929004e-5 1.2243390512242848e-5 1.0478371342441682e-5 2.1950427236332696e-6 2.0446378179058333e-6 1.8045691881239714e-7 1.6881716627496578e-7 1.1793737806616414e-7 1.1110101227391942e-7 7.408026694349267e-8 7.366737654571898e-8 1.060918711703342e-8 1.034976076518114e-8 9.932063138079183e-9 8.510170086326259e-9 
0.59  0.5139131248463873 0.47513570025124147 0.0033214605572616787 0.0028378206045668285 0.002406498097513475 0.0022981713321518367 3.1593599799860475e-5 2.92599784028696e-5 1.1742991355349706e-5 1.0467407608488793e-5 1.7894772756286308e-6 1.688640157196227e-6 1.711647772435581e-7 1.5822854957841314e-7 9.693434170012186e-8 9.268541170451525e-8 6.305505914439227e-8 6.189677386955459e-8 1.0063688742344558e-8 9.86490459231485e-9 9.635705647916242e-9 8.687066022944703e-9 
0.6  0.5090964740634949 0.48043525656510017 0.003243610578976253 0.00288022118335264 0.0021650448557386905 0.0020989588029665554 2.8483989404345418e-5 2.6797321063292046e-5 1.1335756634271604e-5 1.0409245692622863e-5 1.4312466556007544e-6 1.37145320974659e-6 1.6336394699768662e-7 1.5153495768895176e-7 7.946696636943162e-8 7.76729245214751e-8 5.320530367091196e-8 5.186138403316149e-8 9.59467490724754e-9 9.299969703174781e-9 8.937582194671218e-9 
0.7  0.4968943000413323 0.4951601960626624 0.002957512911743955 0.0029330174807296193 0.0010049512471864432 0.0010037570854418189 1.3410108147281253e-5 1.3347127259317385e-5 9.41163873934752e-6 9.367314212171287e-6 1.9839822252808059e-7 1.941214322490827e-7 1.2525343150969463e-7 1.2421843780471132e-7 2.332369078318667e-8 2.32086484199869e-8 2.0498361677697878e-8 1.996031820338392e-8 
0.8  0.4969617169226422 0.49601339222824625 0.002877810584659941 0.0028719743973227197 0.0006217108221630004 0.0006205181977485456 8.475519000653004e-6 8.459167371513153e-6 7.778759324805753e-6 7.762757261902408e-6 1.1234425258694526e-7 1.1212008542782364e-7 5.246949432427357e-8 5.221670106377526e-8 1.917014811618804e-8 1.9035447174994858e-8 1.666402929719501e-8 1.6624101056692256e-8 
0.9  0.49891262050898827 0.49452267679549755 0.002836641421328767 0.002811776567523616 0.00044741020137993695 0.00044353743288827485 7.730983500524484e-6 7.666040698483843e-6 4.827257896695817e-6 4.78928251187052e-6 1.0416842440240947e-7 1.0377170668907847e-7 2.590791314167088e-8 2.5865132627547073e-8 1.918841230119019e-8 1.9047144906222407e-8 1.2810342250197229e-8 1.2748712038975587e-8 
1.0  0.49736330724185357 0.49634819857486 0.0027874661885447668 0.0027820093564169283 0.00034957515900106554 0.0003489405179272451 7.018604571596518e-6 7.0090121390498574e-6 3.107690970121972e-6 3.1062432371320876e-6 9.446122861091596e-8 9.406260459563837e-8 1.8842096899846188e-8 1.8784961887644286e-8 1.76813080466369e-8 1.7578277932214434e-8 
1.1  0.4983525836859385 0.4955448011726451 0.0027606040413519473 0.002745051945125534 0.0002906726373106132 0.00028903458569229043 6.424540295844119e-6 6.388295340801269e-6 2.103282769717083e-6 2.0913224182483547e-6 9.021658478745645e-8 8.963164580861263e-8 1.839170975732904e-8 1.8218131843639406e-8 1.410484391231476e-8 1.3928197094321341e-8 
1.2  0.49792925607527516 0.4961037554956638 0.002731243896416387 0.0027212505378250715 0.00025024660977516344 0.00024932947494886177 5.878235186931298e-6 5.856705602185254e-6 1.4785894722602899e-6 1.4730763412417773e-6 8.69566541793028e-8 8.655520583317856e-8 1.762528508713621e-8 1.7539463705416534e-8 1.1335435961996406e-8 1.1291448966734e-8 
1.3  0.49999443729194304 0.49414347346167975 0.002719447319259299 0.002687616869863068 0.0002222323693974162 0.00021963027757080893 5.4220580522476225e-6 5.358501110915588e-6 1.08759047636862e-6 1.0747646581371814e-6 8.464494480791662e-8 8.360662956077745e-8 1.67708103543417e-8 1.648334123153344e-8 9.012725710825943e-9 8.977538193278836e-9 
1.4  0.4997541206180896 0.494468039782754 0.0026982331897778735 0.002669673099943931 0.00020016286354036488 0.00019801155747729629 4.996554250452499e-6 4.9398209964319386e-6 8.265300890573034e-7 7.937698272506425e-7 8.239753388120474e-8 8.146292472308988e-8 1.5727047007172782e-8 1.544488118223437e-8 7.180867633929795e-9 
1.5  0.4981641006418034 0.4961277306220996 0.002672289083888408 0.002661354442744244 0.0001823113527602886 0.00018154946102477172 4.6085889328616895e-6 4.5883981025956624e-6 6.428121140896362e-7 6.309376909231183e-7 8.024094286681103e-8 7.988563595250939e-8 1.4572180783571948e-8 1.4449223491468867e-8 4.51085757305407e-9 
1.6  0.4972532637662977 0.4970973817888621 0.0026521480760199894 0.0026513383384839566 0.00016807587275604073 0.00016802576000517067 4.2751774197473055e-6 4.271651925046213e-6 5.184419495130954e-7 5.139750088804365e-7 7.847921663951009e-8 7.845590594265946e-8 1.3464442779087112e-8 1.3411383171321756e-8 3.340322721472029e-9 
1.7  0.49778044792329995 0.49662091689669313 0.0026413643312084333 0.0026352097133449117 0.0001567155356575921 0.00015635016291096188 3.989970062856422e-6 3.980676391552445e-6 4.2353717018066085e-7 4.2253897995998085e-7 7.7150596661083e-8 7.697007298860998e-8 1.230971057870916e-8 1.2283901496484153e-8 
1.8  0.49790852072490577 0.49653703154915024 0.0026298508432042785 0.002622606970531023 0.00014701927824833653 0.00014661429505859457 3.7367305347538514e-6 3.726441731381808e-6 3.59935328145981e-7 3.5894332027552503e-7 7.593683388018507e-8 7.572782307398006e-8 1.1326304306603888e-8 1.1297028875142488e-8 
1.9  0.4977503340645577 0.4967341656708149 0.0026180351312587095 0.0026126919239951437 0.00013862573461053237 0.0001383428633161617 3.5099165514643126e-6 3.5027609646636935e-6 3.111445957431149e-7 3.1051297856745246e-7 7.482306180497577e-8 7.467218247139262e-8 1.0403546139351985e-8 1.0377566758219906e-8 
2.0  0.49820439669674005 0.4963148605319174 0.0026104166582337756 0.0026005162441931204 0.0001314929882302796 0.0001309941366176464 3.3117756056859075e-6 3.299192101905801e-6 2.7310550690322955e-7 2.720619987091592e-7 7.39033367101057e-8 7.362212406882779e-8 9.557423622730877e-9 9.525971120178943e-9 
2.1  0.49809780708722956 0.4964526837405268 0.0026007144589165173 0.0025921255211237455 0.00012509175872588184 0.00012467870530293934 3.130891301860935e-6 3.1205718031632547e-6 2.4239014053615885e-7 2.415925972359207e-7 7.30057665918051e-8 7.276522529451005e-8 8.780964869448722e-9 8.730376440515662e-9 
2.2  0.49806208727886014 0.49651665988148863 0.002592137240181402 0.0025840914328420267 0.00011943611376474051 0.0001190653361823969 2.9687956290030057e-6 2.9595650732676025e-6 2.173771223460337e-7 2.1669816271952315e-7 7.219628950877813e-8 7.196987547260083e-8 8.06581206294604e-9 8.048716919573215e-9 
2.3  0.49790020112011657 0.49670423257181867 0.002583572292703468 0.0025773679636905927 0.00011435674981100077 0.00011408213452135592 2.821892565809192e-6 2.815114103143235e-6 1.9654293407232509e-7 1.960714753591659e-7 7.143892242258294e-8 7.126841710814258e-8 7.431888273235591e-9 7.407034141603899e-9 
2.4  0.49764188015688626 0.4969860401171652 0.00257509913264084 0.002571702926379656 0.00010976821111122923 0.00010962346430312689 2.688342606842027e-6 2.684799922356113e-6 1.790213563250791e-7 1.7878543771480482e-7 7.074088016769431e-8 7.064726225493879e-8 6.8359979429223384e-9 6.818050138254246e-9 
2.5  0.4975883823140856 0.49706120284014893 0.00256817790826378 0.002565458586730021 0.00010565279066893778 0.00010553907892362285 2.562702068495121e-6 2.5530029529286345e-6 1.6316918908618835e-7 1.6186665689860764e-7 7.006057001408875e-8 6.999610163092953e-8 5.683640954981279e-9 
2.6  0.4973397873240304 0.49732973262076463 0.0025607117237736884 0.0025606753684633905 0.00010187794270114513 0.00010187281775878184 2.4528766309380216e-6 2.445429309314476e-6 1.5043575066464325e-7 1.492081042246624e-7 6.948414064304373e-8 6.947634742464536e-8 5.292223977987506e-9 
2.7  0.49756624039259395 0.4971217351628369 0.002556119287424778 0.002553832782496514 9.85207701123092e-5 9.843197692818416e-5 2.3526423793371554e-6 2.3466615802687177e-6 1.3925892042710087e-7 1.3821175593299248e-7 6.899706114327735e-8 6.892331601096566e-8 4.932595413963901e-9 
2.8  0.49763924089674955 0.49706587191106283 0.002551098447204379 0.002548156216085002 9.541391332845226e-5 9.530248127857296e-5 2.262062221856776e-6 2.254420415064758e-6 1.296353956776877e-7 1.285028777822086e-7 6.851366218973216e-8 6.842703295854225e-8 4.572686819385505e-9 
2.9  0.49771465065257126 0.49700642745518 0.0025464172154377146 0.002542802808137451 9.255218456922343e-5 9.24203159012622e-5 2.1782111033340134e-6 2.1698205299612064e-6 1.2113798505310315e-7 1.1990799846460497e-7 6.805749292685185e-8 6.796649350479641e-8 4.266601252235933e-9 
3.0  0.4977971798685597 0.49693883442180126 0.002542073273929817 0.0025376918058794946 8.990953521882336e-5 8.975360859838837e-5 2.1003923688483904e-6 2.0920485121198465e-6 1.1354728013585816e-7 1.1233689645917863e-7 6.764321557639923e-8 6.752819274417729e-8 3.9895477921955016e-9 
3.1  0.4978078171368058 0.4969421967575587 0.0025376295074752125 0.002533218084947585 8.744559810771676e-5 8.729425157080136e-5 2.027077985112879e-6 2.0211680065250906e-6 1.0662468924291805e-7 1.0568706439960289e-7 6.724772610145483e-8 6.712661454479096e-8 3.7314498175291615e-9 
3.2  0.49783834467477117 0.4969248859789658 0.0025335186079194277 0.002528865765509103 8.51538651481125e-5 8.499672420883163e-5 1.9532928844919843e-6 1.9495783891517877e-6 9.906661363234837e-8 9.887470374550297e-8 6.684928393907925e-8 6.672160319104575e-8 
3.3  0.49787443871336723 0.49690118783128867 0.002529668612302397 0.002524726334049182 8.302106711269611e-5 8.285889792690577e-5 1.891185040421312e-6 1.887497030066274e-6 9.358082512766388e-8 9.341958751500674e-8 6.649818603948313e-8 6.636328446343909e-8 
3.4  0.4979025725920341 0.4968847539080257 0.0025259865684131417 0.0025208267262787614 8.102670492210937e-5 8.086117750033965e-5 1.8333789810962305e-6 1.8296363606691605e-6 8.863940984164693e-8 8.846380866969284e-8 6.617134815517441e-8 6.603291912662141e-8 
3.5  0.49795691199073544 0.49684147868408 0.0025226272627357654 0.0025169816031049433 7.916185231732397e-5 7.898466414956981e-5 1.7791303704205193e-6 1.775147493087401e-6 8.414525642348542e-8 8.395605354098286e-8 6.58614568648001e-8 6.570224581585093e-8 
3.6  0.49798829428057684 0.49682057510255145 0.0025193298454910815 0.0025134245281965514 7.740709215103173e-5 7.72256516208298e-5 1.7283517769125874e-6 1.7242989950596961e-6 8.004415477707269e-8 7.98432347891088e-8 6.556010053205697e-8 6.54011495753809e-8 
3.7  0.49800151846851903 0.4968172551187583 0.00251611753741576 0.002510140875882835 7.575402473912363e-5 7.557398118220897e-5 1.6806129116227134e-6 1.6766131280411704e-6 7.627443605852469e-8 7.607890258270895e-8 6.525399708124899e-8 6.516012907914549e-8 
3.8  0.4980122613866941 0.4968159645857833 0.0025130297040521733 0.002506991859268581 7.419400478820046e-5 7.401565101345807e-5 1.635730759506197e-6 1.631783462366316e-6 7.28312425337138e-8 7.262604706767332e-8 6.499644539899717e-8 6.48404425165229e-8 
3.9  0.49802001341140945 0.4968172210820078 0.002510056909260306 0.0025039940297711984 7.271958211957362e-5 7.254385594166948e-5 1.5933011322670262e-6 1.5894375532681094e-6 6.963156967376709e-8 6.943784904526766e-8 6.473880423667416e-8 6.458258165179158e-8 
4.0  0.4980407612418363 0.49680507327370416 0.0025072681605279065 0.0025010574865747576 7.13258784417574e-5 7.114923986159579e-5 1.5532628917967757e-6 1.549407866618709e-6 6.667553844584802e-8 6.6490967120437e-8 6.454829422948768e-8 6.433349501433063e-8 
4.1  0.4980510659673732 0.49680295742773367 0.002504568407506169 0.0024982917497052984 7.000443705579619e-5 6.982895795276542e-5 1.5154017543382327e-6 1.5115930684499656e-6 6.425925943933546e-8 6.409819736874923e-8 6.393483508601052e-8 6.376555928571728e-8 
4.2  0.4980644065110521 0.4967974613435928 0.0025019832009174786 0.0024956187299774958 6.874970908307888e-5 6.857479860595148e-5 1.4794827828399661e-6 1.4757131347951457e-6 6.403327212233303e-8 6.38704098947794e-8 6.138919474159414e-8 6.121797728901267e-8 
4.3  0.4980724097515076 0.49679695731803736 0.002499480622297364 0.002493079526835134 6.75566478711994e-5 6.738359307003316e-5 1.4454476065218446e-6 1.4417370767520104e-6 6.382004630217782e-8 6.365665104026716e-8 5.9023767835402756e-8 5.885523282173151e-8 
4.4  0.4980796441128777 0.4967969099219886 0.002497071804788853 0.0024906404449176987 6.642089452164064e-5 6.624977585824426e-5 1.4130878260042845e-6 1.4094385434825104e-6 6.361083763258414e-8 6.344701602612787e-8 5.681059499800465e-8 5.6650230053821574e-8 
4.5  0.49808387548102256 0.4967995796163254 0.0024947373428763735 0.0024883034587250114 6.53378358106471e-5 6.516925823877583e-5 1.3822912281349e-6 1.3787149881566816e-6 6.342220424809339e-8 6.324958424457712e-8 5.474058112961939e-8 5.458841258886135e-8 
4.6  0.4980897171701511 0.49680036073005585 0.0024924991310108463 0.002486045944357259 6.430465766808439e-5 6.413812746070489e-5 1.352995360534741e-6 1.3494828086346003e-6 6.323319422815236e-8 6.306135009282214e-8 5.2805214172583477e-8 5.266137006846012e-8 
4.7  0.4980937877345337 0.49680266419008884 0.002490324806570542 0.0024838788133560294 6.331700115835757e-5 6.31531092317622e-5 1.325012078584861e-6 1.3215824288992593e-6 6.304187044648803e-8 6.28747284453493e-8 5.09848016504428e-8 5.0849151498992164e-8 
4.8  0.49810070144693014 0.49680187398565595 0.002488251802369815 0.002481772027840959 6.237294025342937e-5 6.221050730869327e-5 1.2983414950209797e-6 1.294959935417026e-6 6.286383167334774e-8 6.269635722291295e-8 4.928222718442347e-8 4.9145794042024556e-8 
4.9  0.4981046291977172 0.4968038435827891 0.002486236866449973 0.0024797505673235143 6.146872557485773e-5 6.130823818046562e-5 1.2728598262657294e-6 1.2695216986529068e-6 6.269400027313887e-8 6.252560072015713e-8 4.768066913918199e-8 4.7540169334929214e-8 
5.0  0.49810958666529753 0.49680456878527113 0.00248429492579222 0.0024777925388318246 6.060249342940292e-5 6.044370595165566e-5 1.2485272157226175e-6 1.2452378035331661e-6 6.254366744971681e-8 6.236651045232812e-8 4.616965955496347e-8 4.604056975863884e-8 
