#mmax= 10
#m-states: all states (FBR)
#Nr. of sites: 15

0.0  -0.0  0.0
0.1  -5.3919750485916005  0.2675684771579693
0.2  -22.625543288594766  0.39170887020595785
0.3  -76.78965962802404  0.9999999999997761
0.4  -116.78965962802381  0.9999999999999999
0.41  -79.89517946821992  0.5733500423753527
0.42  -79.23729895274847  0.6621985786444287
0.43  -79.72235157480571  0.5665239154455138
0.44  -79.08526072721868  0.7580521015481928
0.45  -79.07527079825684  0.7655450338936367
0.46  -108.78965962802404  0.9999999999997716
0.47  -156.78965962802383  1.0
0.48  -120.79251516183798  0.9971513745512616
0.49  -220.78965962802383  1.0000000000000002
0.5  -119.54830456474252  0.6652607249747654
0.51  -164.78965962802383  1.0000000000000004
0.52  -118.80846819684336  0.98153004680281
0.53  -118.91906872261288  0.886614799298009
0.54  -118.81024076697115  0.9797944755143568
0.55  -120.65903907395027  0.37941409379240565
0.56  -220.78965962802383  1.0000000000000002
0.57  -164.79213531316154  0.9975301940623571
0.58  -158.78965962802383  0.9999999999999998
0.59  -164.9165876390668  0.8888148448219274
0.6  -164.78965962802383  1.0000000000000004
0.7  -218.78965962802383  1.0000000000000002
0.8  -272.7896596280238  0.9999999999999996
0.9  -219.88827191669193  0.5772925255010093
1.0  -280.7896596280238  1.0000000000000004
1.1  -352.7896596280238  Inf
1.2  -350.7896596280238  Inf
1.3  -352.7896596432538  Inf
1.4  -340.7896596280238  1.0000000000000002
1.5  -356.789659630085  Inf
1.6  -520.7921353131616  Inf
1.7  -350.7921353152176  Inf
1.8  -606.7896596280239  Inf
1.9  -404.7896596280238  Inf
2.0  -418.7896596280238  Inf
2.1  -351.5568667335912  Inf
2.2  -414.7896596280238  Inf
2.3  -510.7896596280238  Inf
2.4  -600.7896596280239  Inf
2.5  -502.7896596280238  Inf
2.6  -506.7896596280238  Inf
2.7  -596.7896596280239  Inf
2.8  -428.7900404180718  Inf
2.9  -Inf  NaN
3.0  -606.7896596280239  Inf
3.1  -502.9165876390668  Inf
3.2  -600.7896596280239  Inf
3.3  -592.8078095559416  Inf
3.4  -426.9191141079527  Inf
3.5  -596.7896596280239  Inf
3.6  -506.78965974059673  Inf
3.7  -600.7896596280239  Inf
3.8  -694.7896596280239  Inf
3.9  -600.7897504389899  Inf
4.0  -594.9165876390667  Inf
4.1  -590.7896596280239  Inf
4.2  -Inf  NaN
4.3  -578.7896596280239  Inf
4.4  -Inf  NaN
4.5  -Inf  NaN
4.6  -584.9187692676659  Inf
4.7  -Inf  NaN
4.8  -684.7921353131616  Inf
4.9  -586.7896596280239  Inf
5.0  -690.7896596280239  Inf
