#mmax= 10
#m-states: all states (FBR)
#Nr. of sites: 15
 
0.0  1.0 
0.1  0.9968288747664836 0.0025555474408355846 0.0006153211393779545 1.571199279942791e-7 9.95333725922364e-8 
0.2  0.9866746711781913 0.010979659743882167 0.0023398891090582958 2.776655698544305e-6 1.7039163158248262e-6 1.2993968543885647e-6 
0.3  0.9667282567171304 0.02845305809433292 0.004766809105344381 2.361621260264994e-5 1.7541425062183087e-5 1.0193861678510065e-5 2.2972527282612741e-7 1.8452952875908372e-7 1.1032904876269181e-7 
0.4  0.926000020576865 0.06653481121606564 0.007022256079857439 0.0002875919538811138 9.498892550348756e-5 5.1983520328833616e-5 4.29442020201144e-6 2.799284389085317e-6 6.86328352480127e-7 4.525896870169129e-7 5.286513308386471e-8 3.964852604513672e-8 2.2591209175191494e-8 
0.41  0.9194951364866386 0.07277258020161449 0.007178585402543421 0.0003655626808997067 0.00011478557574601672 6.2522795677196e-5 5.599115117061294e-6 3.502006984339964e-6 1.0418592538211472e-6 5.048500682512009e-7 7.458627158914293e-8 5.146715753215856e-8 2.660423698619172e-8 2.6367790397252034e-8 
0.42  0.9122454811316966 0.07975214885965251 0.007312446655070334 0.0004610747081129149 0.00013950479923381234 7.573148414206904e-5 7.106376160546015e-6 4.31775212616831e-6 1.3922656327587474e-6 5.610538428173569e-7 1.0016173455087907e-7 6.629534588024046e-8 3.736400281657097e-8 3.109324768887589e-8 
0.43  0.9041346346182002 0.08758761547716626 0.007421073819159199 0.0005768674097390323 0.00017049124598148563 9.238701350236815e-5 8.872241092605643e-6 5.262343889653885e-6 1.8436341682050456e-6 6.293516351946717e-7 1.3546657199988688e-7 8.517159213176939e-8 5.12999179591211e-8 3.672994196117121e-8 1.417744249367023e-8 
0.44  0.8950147932986573 0.09642579999797897 0.007500717943285509 0.0007151030014990302 0.000209472621137648 0.00011350812475771578 1.0909951343938965e-5 6.281511341157154e-6 2.3099838522482397e-6 6.97682454880816e-7 1.827212648718263e-7 1.0740591048888818e-7 6.765658234089492e-8 4.2385930834280506e-8 5.7140039377971615e-9 
0.45  0.8847337265895185 0.1064167274924445 0.007548232407005068 0.0008775672085283333 0.0002584345004291503 0.00014036257979700578 1.3201850776881294e-5 7.435957307811362e-6 2.9531037611493532e-6 8.000455675322939e-7 2.4288921269405814e-7 1.3965948862845548e-7 9.059550056247727e-8 5.062797970023843e-8 2.1471236150982597e-8 7.175055350291516e-9 5.846392888594367e-9 
0.46  0.8731781926375092 0.11767977705909861 0.007560523720417766 0.0010590879919644683 0.00031882626489214216 0.0001742178848881225 1.5586707997597208e-5 8.575918144246219e-6 3.5872770138319827e-6 9.210449015265895e-7 3.1358061070115674e-7 1.662915240509552e-7 1.1647575694365828e-7 5.800177843008728e-8 2.482547415348139e-8 1.5750673820641338e-8 8.56735492717118e-9 
0.47  0.8601333903620066 0.13042802082879035 0.007533860475920327 0.001260360446824785 0.0003932252448873727 0.00021702460228153442 1.8109363250514343e-5 9.744871428102001e-6 4.328647741461325e-6 1.0639654371170993e-6 4.012642888637081e-7 1.9789525666432404e-7 1.4744031639811812e-7 6.64033703083392e-8 2.8122612245913036e-8 1.9842291698359087e-8 1.02232943730392e-8 
0.48  0.8455539731865152 0.14471776505489448 0.007466961630294656 0.0014699558216519338 0.0004821597315569507 0.000270240169502998 2.0618749837503163e-5 1.0887644918919462e-5 5.117004591274118e-6 1.2473013868217978e-6 5.026027420703293e-7 2.3457829808971854e-7 1.83085956005964e-7 7.556574699732646e-8 3.1100924835419256e-8 2.4825403699146677e-8 1.2222183722426616e-8 9.723594551810345e-9 
0.49  0.8294064895416097 0.1605939511341422 0.007359094708327311 0.0016763013286267506 0.0005853041152509735 0.00033532205652043957 2.2945060142780385e-5 1.1915590269038412e-5 5.9318092647480794e-6 1.477702507475374e-6 6.1289988498516e-7 2.6068048536851327e-7 2.206772044235185e-7 8.333579327366491e-8 3.363373709447647e-8 3.02029510726547e-8 1.4291542134657198e-8 1.1231741161379368e-8 
0.5  0.811650400614139 0.17810479251748831 0.00721008395963297 0.0018707245094011387 0.0007021696932875132 0.00041390774403599864 2.5063740339925606e-5 1.2817212784812564e-5 6.810719785659072e-6 1.7651931040704632e-6 7.290442254058794e-7 2.808087949574253e-7 2.6252345903913647e-7 9.044244147779724e-8 3.591729658233342e-8 3.589578515091307e-8 1.6596714286433576e-8 1.286728359470984e-8 
0.51  0.7924966597395443 0.1970561773076998 0.007023626787957052 0.0020371298246391186 0.0008282814470446439 0.0005062838264910865 2.6828780241625278e-5 1.3548505500029703e-5 7.705807714798662e-6 2.1119418957814625e-6 8.388270424708989e-7 3.0496688034342725e-7 2.938784960841969e-7 9.607285788839582e-8 4.131597987069479e-8 3.758806324953571e-8 1.8950410705494624e-8 1.4431542016565995e-8 
0.52  0.7722243947941153 0.21718095470640458 0.006804993510013288 0.0021644829131683327 0.000957947485964232 0.0006120623730781887 2.8163545660578046e-5 1.4088825163354063e-5 8.597620702735313e-6 2.5162530554188544e-6 9.305609978584432e-7 3.4488554312329014e-7 3.0026448975819655e-7 1.0006797821702009e-7 4.603173381415078e-8 3.87968068939897e-8 2.139335071455587e-8 1.597177400546145e-8 
0.53  0.7511386595204554 0.23817955082825784 0.006560085080443991 0.0022481130935486245 0.0010852420303432476 0.0007304042579094799 2.907405668822651e-5 1.4439190656554299e-5 9.519886444598541e-6 2.9731473398093788e-6 1.0007891477280135e-6 3.939718404770551e-7 3.0076525186317077e-7 1.0322354473946118e-7 4.9997942479067975e-8 3.953053403193779e-8 2.703035389722098e-8 1.7431988589090354e-8 6.167308041210634e-9 
0.54  0.7297414006185632 0.2595555934609456 0.006297909469600623 0.002284220185317739 0.0012021511862392658 0.0008587112809184876 2.9518373925844695e-5 1.4603318998806236e-5 1.0404610623148005e-5 3.4692507478599787e-6 1.039704612046852e-6 4.3021605335977124e-7 2.963596290523534e-7 1.0446299511783173e-7 5.248266803472581e-8 3.969843920126975e-8 2.9869280867790956e-8 1.8700100878109518e-8 6.750341476217607e-9 
0.55  0.7085360928378269 0.2808040426938735 0.006027591716210045 0.002275267748478954 0.0013018768432337198 0.000993750066795673 2.9517924617131634e-5 1.4602793328677264e-5 1.1224808503079647e-5 3.988270093770707e-6 1.0431809306545357e-6 4.564168520455616e-7 2.8845808392355185e-7 1.0460772264803065e-7 5.360328402897362e-8 3.92445321170287e-8 3.207586330094311e-8 1.973955982226941e-8 6.970209394266401e-9 
0.56  0.6878739579291809 0.3015649443135579 0.00575596481765106 0.0022294583433902756 0.0013806596053416494 0.0011328989031218132 2.91358192286951e-5 1.4469997295614362e-5 1.1971094609524572e-5 4.515798313618695e-6 1.0172108726118915e-6 4.704406486879753e-7 2.781508833499691e-7 1.0429085719883184e-7 5.3597403041435005e-8 3.826192024207365e-8 3.372973730179411e-8 2.0531575393013777e-8 7.164410353967794e-9 
0.57  0.6682134416419712 0.32137180105494145 0.005491288110923221 0.0021538197633032274 0.0014352741772289952 0.0012721389593270559 2.841861701633807e-5 1.4234265770262258e-5 1.259842259880417e-5 5.032960127969597e-6 9.6160488021355e-7 4.6878855885536517e-7 2.664610116250874e-7 1.0366328547853176e-7 5.243393454590113e-8 3.6625132335196164e-8 3.446879336273108e-8 2.1007695558848255e-8 6.973499707248563e-9 
0.58  0.6498081643093359 0.3399584839964478 0.00523866465226064 0.0020579451181069568 0.0014661331604515545 0.0014086655618183173 2.7483457184142385e-5 1.3929984892015987e-5 1.3121804031429013e-5 5.530369912009133e-6 8.925200371097276e-7 4.6959659026715937e-7 2.5451869703061105e-7 1.0333628058078638e-7 5.102438489953283e-8 3.4841677400826904e-8 3.4713627895720976e-8 2.436777117464524e-8 6.91286001859849e-9 5.753634485601143e-9 
0.59  0.6328950564827995 0.357077542914827 0.005002731750054005 0.001949510248551479 0.0015394309459213682 0.0014744992493539776 2.636638110172589e-5 1.3579681301442361e-5 1.3521982430321178e-5 5.98749598847268e-6 8.176926565787847e-7 4.562857237463259e-7 2.4246875699814406e-7 1.0316160422214638e-7 4.8688933259480664e-8 3.486422351487993e-8 3.268548173415575e-8 2.4326935178665784e-8 6.91625621078365e-9 5.777098730842478e-9 
0.6  0.6173975802634262 0.3727940332717904 0.004783258349997643 0.0018362506904297039 0.0016640976456954312 0.0014645852222687492 2.5142707004227977e-5 1.3788487337375355e-5 1.3206997989700981e-5 6.407264660929641e-6 7.334928601438956e-7 4.349079315857635e-7 2.3056848462289205e-7 1.0308383619767105e-7 4.580734698523758e-8 3.4362113493405374e-8 3.020850405390322e-8 2.413528549189947e-8 6.7971634312913306e-9 5.73587353348135e-9 
0.7  0.5315498795044513 0.4605095134674833 0.0034916265273069883 0.002448572807680736 0.0009884608192074987 0.0009673218911158261 1.3830201957172168e-5 1.1597146752450447e-5 1.0166606992683163e-5 8.355359018737793e-6 1.8323890260567224e-7 1.521323520343156e-7 1.493108292004808e-7 1.0609526251726748e-7 2.5033190205322237e-8 2.0740689811393504e-8 1.9776562397924437e-8 1.93402452679301e-8 
0.8  0.5075977439486244 0.485372711070229 0.0030627302895353714 0.0026950678202954698 0.0006336453639348132 0.0006053691431682842 8.661663122667107e-6 8.240777181993446e-6 7.874148782962507e-6 7.555824911313613e-6 1.2142603186777975e-7 1.051560684749677e-7 5.268582477746969e-8 4.94107148079454e-8 1.9111751957922202e-8 1.9048157685260527e-8 1.731931257793562e-8 1.5792351489177987e-8 
0.9  0.5005971105878636 0.4928365648279259 0.002895475108391283 0.0027546471871765545 0.0004525136777256679 0.00043835488949555703 7.738499764246501e-6 7.658454207211471e-6 4.821635064151772e-6 4.7903387469291005e-6 1.0759647570093568e-7 1.0145145206222898e-7 2.61883605137386e-8 2.5643914135379996e-8 1.912584560129457e-8 1.90596461794972e-8 1.3327543492511513e-8 1.2400400469153304e-8 
1.0  0.4983842780758375 0.495326602197904 0.0028140409853987334 0.002755954976898247 0.00035256548039671443 0.000346034636559657 7.022164839487305e-6 7.0084191090648635e-6 3.1124389546308423e-6 3.1055036396074737e-6 9.87486486070492e-8 9.341829629601782e-8 1.8861873760202137e-8 1.8619818262654735e-8 1.812735758728851e-8 1.7752900088902965e-8 9.591567467910147e-9 
1.1  0.4976293767946297 0.49626780343757143 0.002765652017874615 0.002740176667153211 0.00029137157400402407 0.00028836550138718883 6.4152257257308175e-6 6.398567784491679e-6 2.1006485611469993e-6 2.0948552364477288e-6 9.053825742892107e-8 8.955655155370442e-8 1.823133321015943e-8 1.8212456766541902e-8 1.4109536816929806e-8 1.4061936983710723e-8 
1.2  0.4976765906951636 0.49635643406580926 0.002732912594989594 0.002719566978041184 0.0002505593724407359 0.0002490190390873828 5.876954129582456e-6 5.857684010249579e-6 1.4781385753872437e-6 1.4731753122774011e-6 8.704241627923654e-8 8.6553226909695e-8 1.7593610543547405e-8 1.7513018979312873e-8 1.133094119727682e-8 1.126922606605274e-8 
1.3  0.49782859024762804 0.4963092445707974 0.0027084952727843502 0.002698634432894063 0.0002214165396330733 0.0002204557461337379 5.399733935625804e-6 5.38121660364009e-6 1.0830123147104045e-6 1.0795212299155673e-6 8.432776261385012e-8 8.399515573341189e-8 1.669598642368707e-8 1.6611174930483607e-8 9.061780326602864e-9 9.014186142067528e-9 
1.4  0.498115111345279 0.49610690909760136 0.002689570133324595 0.0026783996623306184 0.00019954598082234937 0.0001986693474166424 4.980740733811217e-6 4.9596378359657176e-6 8.239829321658356e-7 8.203123860835211e-7 8.215787706537925e-8 8.180957946164252e-8 1.5659514226546754e-8 1.5598864387474602e-8 7.372177876166052e-9 7.16132536363219e-9 
1.5  0.49813297449330685 0.4961587847592866 0.0026721949573607316 0.002661513594933302 0.0001823075503227682 0.00018155978485894815 4.607946978981718e-6 4.5894012310052994e-6 6.400805041058754e-7 6.338437725216683e-7 8.024389020809397e-8 7.992592607335866e-8 1.4524731217984152e-8 1.4488808032564726e-8 4.404089826331987e-9 
1.6  0.49814063569999956 0.49620998816502165 0.0026569028724700195 0.0026466020837620737 0.00016838179128836526 0.0001677225866600115 4.2818353411581305e-6 4.265128845541677e-6 5.191362117351292e-7 5.135068460480377e-7 7.865167743420524e-8 7.834716183668291e-8 1.3484084422013044e-8 1.325101913940641e-8 3.4596093692373855e-9 
1.7  0.4981787933078471 0.49622255189918174 0.002643484459231032 0.0026331072228785724 0.00015684246203370437 0.00015622496142528774 3.993216807789842e-6 3.977523192327768e-6 4.2392508575845667e-7 4.2226636363258297e-7 7.722207753137976e-8 7.691985861155117e-8 1.2332596641326862e-8 1.2281421342169674e-8 
1.8  0.49818249364221656 0.49626303901137286 0.0026313069802502698 0.002621167516092233 0.00014710183885249982 0.00014653445746803337 3.7388464402109997e-6 3.7244700097578557e-6 3.601592312134314e-7 3.58781633217051e-7 7.598942913581079e-8 7.569722711510514e-8 1.1323094169106593e-8 1.1286682904990776e-8 
1.9  0.498197112342126 0.4962874390090259 0.0026203615191161544 0.002610316467960868 0.0001387491880600998 0.00013821707996124517 3.513012002862656e-6 3.4995365965357952e-6 3.113931389702734e-7 3.1019960855473264e-7 7.489273083154025e-8 7.460545198214049e-8 1.0412800652438104e-8 1.0341419902552351e-8 
2.0  0.4981544117307991 0.4963648981687379 0.0026101294919389116 0.002600752926071779 0.00013147870084897174 0.0001310062856387507 3.31136945295941e-6 3.2994599559842853e-6 2.7312832812730305e-7 2.7214586329851854e-7 7.390537137399732e-8 7.363956234470693e-8 9.5658534534766e-9 9.481576674177556e-9 
2.1  0.4981100463212901 0.49644048322521134 0.002600759314681378 0.0025920434098792877 0.00012509414380606397 0.00012467489590638407 3.1309330511325417e-6 3.120455166659567e-6 2.424073124970784e-7 2.4159691315399024e-7 7.300803803963044e-8 7.276493200477251e-8 8.775376645783736e-9 8.748436137406787e-9 
2.2  0.49821796767920346 0.4963607945744219 0.002592939791140133 0.0025832739323966053 0.00011947332436750318 0.00011902795304989569 2.9697196707822787e-6 2.9586566806946557e-6 2.1744898596818185e-7 2.166394192577267e-7 7.222362888241775e-8 7.195365857454598e-8 8.055745885347522e-9 8.047631261721175e-9 
2.3  0.4982495712483415 0.49635487387628724 0.0025853810324124277 0.002575547892648314 0.00011443700321764902 0.00011400175447159092 2.8238767094882813e-6 2.81313569477858e-6 1.966896274165491e-7 1.9594155998725116e-7 7.149457804693082e-8 7.122151912123572e-8 7.43422026545891e-9 7.398713292532948e-9 
2.4  0.4982199223971934 0.4964080131210218 0.002578080959141282 0.002568706271053341 0.00010989545216835681 0.00010949583011090305 2.691461561015835e-6 2.6816722807314213e-6 1.7921530075331988e-7 1.7856318176236094e-7 7.082080814586332e-8 7.056289148833219e-8 6.85859079299877e-9 6.814696649755854e-9 
2.5  0.4981990565104891 0.49645051162082604 0.002571337849716678 0.002562311918419219 0.00010578335064544625 0.00010541116998284027 2.564319677774596e-6 2.5521078540227572e-6 1.6352907121315862e-7 1.617538693974367e-7 7.017726530465687e-8 6.99509391159324e-8 5.741244122265572e-9 
2.6  0.49823480311339496 0.4964347076955739 0.002565325744282706 0.0025560698564689693 0.0001020598800258103 0.0001016915358179935 2.455042595511845e-6 2.4432888054903147e-6 1.5062856819932362e-7 1.4898674164179937e-7 6.960363253007274e-8 6.936614724524036e-8 5.257945954141785e-9 
2.7  0.49826824197788094 0.49641970773386734 0.0025597373354387426 0.0025502393973689335 9.866046855810114e-5 9.829355264998715e-5 2.352794857973966e-6 2.3464488648946624e-6 1.390474501974937e-7 1.3847017032076302e-7 6.909837723555276e-8 6.881566572641975e-8 4.858849861706277e-9 
2.8  0.4982824051702902 0.49642269230207575 0.0025543970985404223 0.0025448721544766763 9.553644761305288e-5 9.518065072879326e-5 2.2611115361859514e-6 2.2553732949687583e-6 1.2941119689994674e-7 1.2878037922016723e-7 6.861470730082295e-8 6.834382968659623e-8 4.541330471793356e-9 
2.9  0.49832052960663914 0.4964005388564964 0.0025495256713000234 0.002539702640331868 9.266567618232554e-5 9.230788162454055e-5 2.1769343117742854e-6 2.171302191197941e-6 1.2086811121701786e-7 1.2025041313775786e-7 6.817220377799232e-8 6.78899612866325e-8 4.2502338682675204e-9 
3.0  0.49833237853615087 0.4964036327247058 0.0025448056081886113 0.002534962004068912 9.000544675217481e-5 8.965807169661548e-5 2.1019836516334773e-6 2.090539403456328e-6 1.1363809119395562e-7 1.1225419307159961e-7 6.772438824168062e-8 6.74660387949385e-8 4.002672600786125e-9 
3.1  0.49833203130852594 0.4964179897001695 0.002540297587924485 0.0025305430995743138 8.753772082009334e-5 8.720197980675034e-5 2.0267447023623867e-6 2.02144661127636e-6 1.0648692112177632e-7 1.0580366558893292e-7 6.733099931007014e-8 6.70662004559069e-8 3.7240793710997318e-9 
3.2  0.49833786696613136 0.49642537746774296 0.002536052160131096 0.002526319761615565 8.523837858552962e-5 8.491121863174769e-5 1.9550691984170477e-6 1.9475595629373633e-6 9.907559793407023e-8 9.87629708059674e-8 6.691656918649232e-8 6.666326403150504e-8 
3.3  0.4983457281693856 0.4964298890595563 0.0025320693694742807 0.0025223340001360147 8.31004221739473e-5 8.278049061166307e-5 1.893004668309625e-6 1.8856410588441933e-6 9.366131147902941e-8 9.331637301954273e-8 6.656254521764094e-8 6.630270309858787e-8 
3.4  0.4983469848245973 0.49644033723090186 0.0025282429156006404 0.0025185750541406792 8.109906110294729e-5 8.078896339003139e-5 1.8348365728116576e-6 1.8278299936700816e-6 8.870562238091762e-8 8.838480496080154e-8 6.622460173903156e-8 6.596867073418343e-8 
3.5  0.4983284614381188 0.49646992178658267 0.002524512035087362 0.0025151038202334444 7.922102349832905e-5 7.892582951582247e-5 1.780514344804617e-6 1.773890268988383e-6 8.417719160452025e-8 8.391831542710379e-8 6.590758248144078e-8 6.565925995861894e-8 
3.6  0.4983210919912451 0.4964877737764768 0.0025210133239909785 0.0025117443440740308 7.745891114247128e-5 7.717414261575447e-5 1.7295207518477401e-6 1.723170234789486e-6 8.004539237018175e-8 7.980649104033452e-8 6.56058352232678e-8 6.536174874247033e-8 
3.7  0.49832577938491907 0.4964930358085419 0.002517737357382046 0.0025084815928492696 7.580229088614636e-5 7.552363464927602e-5 1.6816940093833708e-6 1.6755170152199453e-6 7.627127874354714e-8 7.604870150824289e-8 6.532145784007526e-8 6.50783085299044e-8 
3.8  0.4983302011960274 0.49649806787873985 0.002514613021022032 0.0025053678096294617 7.42401901709372e-5 7.396725806115452e-5 1.6367001456865991e-6 1.6306858750699776e-6 7.28029548160543e-8 7.260063681924866e-8 6.504795036734894e-8 6.480878610796429e-8 
3.9  0.4983342277201967 0.4965030465022604 0.0025116213303634084 0.0025023919953333666 7.276439411121328e-5 7.249702941163856e-5 1.5942589609711793e-6 1.5884039069045995e-6 6.960659622239611e-8 6.941707820333032e-8 6.47899349794476e-8 6.455184549567354e-8 
4.0  0.49833791180345377 0.4965079485320145 0.0025087570287312087 0.002499544433006779 7.136784930640837e-5 7.110579385419855e-5 1.5541516658842264e-6 1.5484481621924176e-6 6.664496639231774e-8 6.646663008903365e-8 6.454261511136267e-8 6.430559449758057e-8 
4.1  0.49834172859125725 0.4965123295935998 0.0025060135752164097 0.0024968139783492606 7.004422895662946e-5 6.978711540218436e-5 1.5162294806440984e-6 1.5106669819549038e-6 6.430676846357245e-8 6.407068875501278e-8 6.390652642022373e-8 6.373677330166495e-8 
4.2  0.4983445053178767 0.49651738973721604 0.002503377208068833 0.002494198816855615 6.8787669291409e-5 6.853548084187358e-5 1.4803358343821103e-6 1.474910938740231e-6 6.408247271929176e-8 6.384750923113148e-8 6.1381273641507e-8 6.121182095133448e-8 
4.3  0.4983487402606566 0.496520655636882 0.0025008533473436243 0.0024916794317165992 6.759339387515576e-5 6.73454538134309e-5 1.4462196946979982e-6 1.440916993576303e-6 6.386464863433351e-8 6.363036193633607e-8 5.900480266559152e-8 5.883921068364131e-8 
4.4  0.4983509124086602 0.49652567103511547 0.0024984175038978876 0.0024892668375160443 6.645631774547991e-5 6.621292824292672e-5 1.413820624770739e-6 1.4086446676700171e-6 6.365642993646577e-8 6.342328570795186e-8 5.679325548278027e-8 5.663055849126119e-8 
4.5  0.4983551293355338 0.4965283490586464 0.0024960841870780835 0.002486934431882303 6.537282857741036e-5 6.513320173267237e-5 1.383018709190071e-6 1.377950023032833e-6 6.345718715903108e-8 6.322457523483608e-8 5.4737927411257674e-8 5.456812665544051e-8 
4.6  0.49835770805705737 0.4965323913322804 0.0024938294642838934 0.0024846953676931458 6.433863930367095e-5 6.410299660207386e-5 1.3536819025608765e-6 1.348725378388316e-6 6.326584891007747e-8 6.303412546902068e-8 5.279695523048189e-8 5.263856928590171e-8 
4.7  0.4983607161081081 0.4965357474627083 0.0024916585790559055 0.0024825342362417894 6.335062800483491e-5 6.31186506754599e-5 1.3257210916880752e-6 1.32086813332517e-6 6.30819819360262e-8 6.285098073146145e-8 5.098196659746966e-8 5.0831051954734053e-8 
4.8  0.4983641030041749 0.49653848384380966 0.0024895665381461374 0.0024804465127586553 6.240570410854391e-5 6.217709763914075e-5 1.299033078451084e-6 1.2942754196992299e-6 6.29051022741065e-8 6.267455546655918e-8 4.927992516461251e-8 4.913128261263038e-8 
4.9  0.49836684510929075 0.4965416382114043 0.002487543919610283 0.002478433401421808 6.15008826441562e-5 6.127564185937916e-5 1.2735247270112727e-6 1.268861424768173e-6 6.273442967664003e-8 6.250436724977457e-8 4.767833017472809e-8 4.753049067709523e-8 
5.0  0.49836940228918597 0.4965447640939957 0.0024855890038352705 0.0024764885449198464 6.063364054330657e-5 6.0411647126602204e-5 1.249126632172196e-6 1.2445542711269511e-6 6.256966246766717e-8 6.234028778379589e-8 4.616745608001583e-8 4.6022084313678555e-8 
