#mmax= 10
#m-states: all states (FBR)
#Nr. of sites: 28

0.0  -0.0  0.0
0.1  -21.482807169820923  0.7070711659559779
0.2  -47.482806808660854  0.7070714213729775
0.3  -81.89517946821991  0.573350042375364
0.4  -164.78965962802383  1.0000000000000004
0.41  -170.80785413830492  0.9821329018790772
0.42  -228.78965962802383  0.9999999999999998
0.43  -168.78970502692303  0.9999545986215872
0.44  -226.78965962802383  1.0000000000000004
0.45  -171.8883837313164  0.5772279708216456
0.46  -220.78970502692303  0.9999545986215864
0.47  -220.78965962802383  1.0000000000000002
0.48  -290.7896596280238  0.9999999999999997
0.49  -220.91876853685366  0.8868809732191907
0.5  -284.8078095559416  0.9821766921887761
0.51  -286.7896596280238  0.9999999999999992
0.52  -360.7896596280238  Inf
0.53  -290.7896596280238  0.9999999999999997
0.54  -350.7896596280238  Inf
0.55  -225.16920813226287  0.7030146275621161
0.56  -362.7896596280238  Inf
0.57  -440.7896596280238  Inf
0.58  -284.8078095559416  0.9821766921887761
0.59  -348.7896596280238  Inf
0.6  -289.9755147279298  0.5322690660410718
0.7  -628.7896596280239  Inf
0.8  -434.7924698903396  Inf
0.9  -Inf  NaN
1.0  -608.7896596280239  Inf
1.1  -533.4828072255181  Inf
1.2  -614.7896596280239  Inf
1.3  -518.8280242343935  Inf
1.4  -622.789659630085  Inf
1.5  -604.7896596280239  Inf
1.6  -Inf  NaN
1.7  -Inf  NaN
1.8  -Inf  NaN
1.9  -Inf  NaN
2.0  -Inf  NaN
2.1  -Inf  NaN
2.2  -Inf  NaN
2.3  -Inf  NaN
2.4  -Inf  NaN
2.5  -Inf  NaN
2.6  -Inf  NaN
2.7  -Inf  NaN
2.8  -Inf  NaN
2.9  -Inf  NaN
3.0  -Inf  NaN
3.1  -Inf  NaN
3.2  -Inf  NaN
3.3  -Inf  NaN
3.4  -Inf  NaN
3.5  -Inf  NaN
3.6  -Inf  NaN
3.7  -Inf  NaN
3.8  -Inf  NaN
3.9  -Inf  NaN
4.0  -Inf  NaN
4.1  -Inf  NaN
4.2  -Inf  NaN
4.3  -Inf  NaN
4.4  -Inf  NaN
4.5  -Inf  NaN
4.6  -Inf  NaN
4.7  -Inf  NaN
4.8  -Inf  NaN
4.9  -Inf  NaN
5.0  -Inf  NaN
