#mmax= 10
#m-states: all states (FBR)
#Nr. of sites: 28
 
0.0  1.0 
0.1  0.9968287898248955 0.00255562783927868 0.0006153256211312121 1.571451681567999e-7 9.956952661059361e-8 
0.2  0.9866740597283936 0.010980248908144788 0.0023399008792944122 2.776932452091217e-6 1.7040564114815536e-6 1.3094953044721968e-6 
0.3  0.9667263160804348 0.028454854144618714 0.0047667697888783694 2.376247361816335e-5 1.7557663600878605e-5 1.0198842474845853e-5 2.3425257209440016e-7 1.854093835301632e-7 1.1057237191852538e-7 1.0772047397780607e-8 
0.4  0.9254417324723231 0.06705291595035878 0.007011293886617428 0.0003317970861118641 9.885834047059976e-5 5.337364203396959e-5 5.1198066665250985e-6 3.089873301572878e-6 1.2356282009104229e-6 4.5198249028571394e-7 6.506138519964221e-8 4.1746442834570866e-8 2.45235971211054e-8 
0.41  0.9185472411905744 0.07364500207589489 0.007160459715340364 0.00044544043990965045 0.0001223540542238503 6.51961412739291e-5 7.155692411485931e-6 4.010052901660435e-6 2.3614922214495943e-6 5.076903496338597e-7 9.839262284395301e-8 6.836482767644586e-8 5.564970492914454e-8 3.3679808704372594e-8 1.536793444033516e-8 
0.42  0.9106549174659482 0.08120795978264178 0.007283228388333371 0.0005996135277020269 0.00015403229723651057 8.079209865385387e-5 9.749073420993448e-6 5.1258315613776155e-6 3.6429509305812177e-6 5.566537835027528e-7 1.443846431713113e-7 1.1275374720905011e-7 7.313521915243656e-8 4.6453629382255756e-8 5.202550010546706e-9 
0.43  0.9014490117111118 0.09003406421439568 0.007373394889399843 0.0008161572345566201 0.00019852256847906202 0.00010202197289924387 1.3245828199176892e-5 6.548806074932111e-6 5.759643612652692e-6 6.534382124336861e-7 2.136881117396156e-7 1.9025529805993452e-7 1.0044424410752715e-7 7.225288786199983e-8 2.4875658029290215e-8 1.1108318890855057e-8 7.0685416898994404e-9 
0.44  0.890538960535062 0.1004910159348536 0.007423768868693062 0.0011159355240171443 0.00026261392326909857 0.00013154880264489832 1.7747025625887884e-5 8.523939413496172e-6 8.230430065480902e-6 7.492677595101367e-7 3.1192360644676044e-7 2.98202059599227e-7 1.3345784978691863e-7 1.0651765043449644e-7 2.8604388231076098e-8 1.780272044905781e-8 9.240320014797184e-9 
0.45  0.8773137393515376 0.11314349610331048 0.007424687603092578 0.001536400637613628 0.00035864731815914044 0.0001738341740665111 2.3672038969995846e-5 1.2966030503714906e-5 1.0239709663880859e-5 8.857858450894838e-7 5.074010184436055e-7 4.735343637748919e-7 1.803568918120744e-7 1.6263366207111582e-7 3.3643714366832534e-8 3.2441225330146835e-8 1.9984211694856335e-8 1.1023677758813053e-8 1.0228474246916064e-8 
0.46  0.8610808249252402 0.12866231647428983 0.007365163416486379 0.0020904304212908073 0.0005016176201968752 0.00023486780267421067 3.0528871683966697e-5 1.859434698557983e-5 1.2415373464324208e-5 1.0926701981549764e-6 8.030346505029162e-7 7.228972737487381e-7 2.3141133189241019e-7 2.264718406307544e-7 5.904453447646244e-8 3.952751822899318e-8 3.5993249230642426e-8 1.5279094432164783e-8 1.4417999112060356e-8 
0.47  0.8408278688444205 0.14802612541368246 0.007231076538706347 0.0027933452281958047 0.000715200479301235 0.0003239964364303266 3.816277332980556e-5 2.5040241041048138e-5 1.4659073039293705e-5 1.4238763199860656e-6 1.191731809743733e-6 1.0838172917803275e-6 3.111575946588549e-7 2.692363062513787e-7 1.020230705874745e-7 6.114454832086103e-8 3.9358107483045564e-8 2.388329007755525e-8 1.8743515637644404e-8 
0.48  0.8156604356416517 0.17216717374941456 0.0070104751243320025 0.00358983736589915 0.0010198420069860532 0.00045179783646277517 4.5776462083128803e-5 3.169158441861321e-5 1.6705535583712813e-5 1.9426048757831267e-6 1.6807495584171494e-6 1.5942100184637203e-6 3.879558747791171e-7 2.9920888932628883e-7 1.62409637350176e-7 8.884422486352833e-8 4.263864316238126e-8 3.811815007849228e-8 2.1595562120344403e-8 6.357736873557888e-9 
0.49  0.7851257224083675 0.20165887092764578 0.00669846467112881 0.004353045635887335 0.0014199364250172366 0.0006275813737290693 5.239720764033161e-5 3.731947493371708e-5 1.8232487597875034e-5 2.700737558289551e-6 2.2451603570716706e-6 2.236600661271313e-6 4.4268923508926285e-7 3.148428345504221e-7 2.2999928022343438e-7 1.1975261818655254e-7 5.701099632658428e-8 4.627024171630801e-8 2.304574291278293e-8 8.383938570802617e-9 4.8945902386211945e-9 
0.5  0.7497731312918187 0.23613412337524886 0.006304181334983212 0.004920923546603129 0.0018849230490843728 0.000854174411795348 5.7116273198420815e-5 4.1503823085940536e-5 1.9032148849663115e-5 3.699816204158611e-6 2.989225905917072e-6 2.7894455485729047e-6 4.675943908905675e-7 3.092415672135184e-7 2.9180401261047846e-7 1.528559544226902e-7 8.005311260997004e-8 5.165418696037866e-8 3.2799359920711195e-8 1.0263197151918137e-8 8.195975134823496e-9 7.795915497243236e-9 
0.51  0.7114068455641219 0.27395757561548206 0.0058540187760116385 0.005175659693831101 0.0023468865482080044 0.0011233232312796429 5.9469437231026534e-5 4.382593969399641e-5 1.9037142983153377e-5 4.890819459309801e-6 3.6820560940010406e-6 3.286793202640605e-6 4.5748862931344667e-7 3.273453658082494e-7 2.930063190163052e-7 1.8410909569128122e-7 1.0409052316632173e-7 5.8259025118518316e-8 3.799758934161129e-8 1.1483721503508539e-8 9.5190831504195e-9 9.17876056833339e-9 5.904290382026663e-9 
0.52  0.6730922909387533 0.3121540331020435 0.005389578484195114 0.0050978508176422145 0.0027165759354745166 0.0014128363367472453 5.915988889972183e-5 4.407105756101633e-5 1.8387147647766106e-5 6.125946657104891e-6 4.105932618231708e-6 3.514901803278798e-6 4.166333793446544e-7 3.234551107692914e-7 2.7036875918461687e-7 1.9826181290913098e-7 1.2137257502093302e-7 6.602225443118509e-8 3.6208039055738545e-8 1.1895976181273599e-8 9.302006520480327e-9 9.133735429811145e-9 6.856309225862491e-9 
0.53  0.6375482021442619 0.34795420768768726 0.004948982754622515 0.00477788670796061 0.002938959640299813 0.0016986343696192747 5.664200955074297e-5 4.277993221842735e-5 1.736328559092006e-5 7.270271971373299e-6 4.189817289850205e-6 3.4974695955104033e-6 3.603498112750389e-7 2.949802732349765e-7 2.533122628422816e-7 1.973623202115379e-7 1.2834651317785332e-7 7.38508336880305e-8 3.119165719008112e-8 1.2549295367595597e-8 1.2130026988667853e-8 8.921384698038953e-9 7.526441739999317e-9 3.3885122098768357e-9 
0.54  0.607061570734381 0.3789590705587625 0.004563697137015255 0.004332285848687292 0.0030012801208838067 0.001956062214726469 5.268784697115306e-5 4.048859227524778e-5 1.620559419300564e-5 8.205366640713234e-6 3.929267133774608e-6 3.290298704124518e-6 2.996029292688006e-7 2.4996797504125465e-7 2.32350967804356e-7 1.840042639567247e-7 1.2258884002011906e-7 7.938930441339084e-8 2.271143000010005e-8 1.1286257799076026e-8 9.074087830085044e-9 7.870191507062488e-9 7.573379750261697e-9 
0.55  0.582226594941552 0.4044381325572403 0.004243553338435135 0.0038613387362137937 0.0029388455337918365 0.0021739547355890676 4.8133667379347066e-5 3.7892585454478255e-5 1.5108016932185302e-5 8.90553775944362e-6 3.497267238989119e-6 2.9722914860901986e-6 2.4806256415035496e-7 2.1850029306518353e-7 2.038820095501447e-7 1.6440369145271758e-7 1.1047346677240843e-7 8.231005940153446e-8 1.470516402029737e-8 1.102490882033836e-8 9.417239554912841e-9 8.011528980517274e-9 
0.56  0.5620890277004704 0.4252452042978447 0.003978356008374896 0.0034202614536414616 0.0028017575201935365 0.002356685532613677 4.34200471073997e-5 3.5207462273442694e-5 1.4130605586386722e-5 9.411274233202907e-6 3.003866300400207e-6 2.5917677760681755e-6 2.0841083973562786e-7 2.0620720837123472e-7 1.6682621550453083e-7 1.4220337742168078e-7 9.597076399376794e-8 8.17426561443249e-8 1.260351763451178e-8 1.0893244242917204e-8 9.482273564831653e-9 8.123488909269852e-9 
0.57  0.5466313081789128 0.4413463426924901 0.003769474858101842 0.0030302720930886476 0.0026225067094493935 0.0024997845228492237 3.904458884461055e-5 3.2627437232018824e-5 1.3310445782736106e-5 9.736963676808895e-6 2.534337438620389e-6 2.222853675898852e-6 1.9493376242697033e-7 1.811842996366453e-7 1.3720112024296465e-7 1.2146676594127024e-7 8.190683295716042e-8 7.735860001553926e-8 1.1565569805980679e-8 1.0835336796398845e-8 9.623814309837425e-9 8.242358106263921e-9 
0.58  0.5347600667039714 0.45380658973559973 0.003604193082764233 0.0026955221766094485 0.002611089991520576 0.0024300393455425158 3.508722960983117e-5 3.015972839674374e-5 1.263062265598904e-5 9.932795193939705e-6 2.084573073155398e-6 1.8643182808667607e-6 1.8463871128233485e-7 1.637384431432581e-7 1.1163846662472606e-7 1.0262339826064598e-7 6.965069993973058e-8 6.915491758353311e-8 1.0441797236619698e-8 1.0367097967071987e-8 9.532554142938155e-9 7.910694536445405e-9 
0.59  0.5255894345333711 0.4635033812582882 0.003472227449794895 0.002697711347283356 0.0024112260312409498 0.002240412608231442 3.1625770245147946e-5 2.791940890019832e-5 1.2067983336778066e-5 1.0037450919437986e-5 1.7241927758349213e-6 1.5653746989892174e-6 1.7538223419201533e-7 1.5369241853819767e-7 9.391932600737686e-8 8.719268940342546e-8 6.076296160581147e-8 5.853819674698428e-8 9.989842093940291e-9 9.771826755354056e-9 9.321926322627321e-9 8.01949362155179e-9 
0.6  0.5187069539315632 0.4708498505331422 0.0033689092687654823 0.0027620470158662546 0.002171020045758273 0.002061816691146178 2.8627234837456507e-5 2.584410698654997e-5 1.1607481502570069e-5 1.0069070071714676e-5 1.380427498577851e-6 1.2846071778519934e-6 1.669790737899763e-7 1.4716999635833205e-7 7.429738072668597e-8 7.201022952385914e-8 5.210454139848257e-8 4.971339599046492e-8 9.491810910016374e-9 8.999760978747365e-9 8.819495998617844e-9 
0.7  0.4982206828928711 0.49383362817317306 0.0029753260660063353 0.002915285664718916 0.0010062337407190753 0.0010025167312335784 1.3467870536537121e-5 1.3319807113977956e-5 9.44548394943551e-6 9.33466658566875e-6 2.1179814978159188e-7 1.9946269046425233e-7 1.2694800043222313e-7 1.2439177958031e-7 2.6564647558481658e-8 2.374502123005594e-8 2.061979038758912e-8 2.050651863200345e-8 4.866492856254475e-9 
0.8  0.49778510439882273 0.4951904054463848 0.0028830816668538382 0.0028665672113203974 0.0006227273273800369 0.0006192986346200693 8.48838691308365e-6 8.434318838040906e-6 7.789196745235597e-6 7.734625093017247e-6 1.1245626444790135e-7 1.0734883032692392e-7 5.2226491827672806e-8 4.1734501618634225e-8 1.9304672947034585e-8 1.9117012552676358e-8 1.6599255893193067e-8 
0.9  0.49883859074146214 0.49459691974419295 0.002836313551826718 0.0028120098905767632 0.00044739938061788326 0.0004434600221159706 7.732504949552992e-6 7.658188670731106e-6 4.830329723524681e-6 4.781402867556284e-6 1.0459138738609376e-7 9.905639427121128e-8 2.609984284325405e-8 2.343629747680626e-8 1.9208854241487942e-8 1.895774422435632e-8 1.2892474759890864e-8 
1.0  0.496869489954584 0.4968418878626183 0.002784890826245274 0.0027846487144398886 0.0003493192828119874 0.0003492409700320295 7.018427150861804e-6 7.012259364695943e-6 3.1095092488427158e-6 3.1065499604591446e-6 9.82013528372261e-8 9.410245430758267e-8 1.8845359203715583e-8 1.8808335131679093e-8 1.819326666817069e-8 1.7606358840173232e-8 9.886415909616784e-9 
1.1  0.49847451106675494 0.4954229144267504 0.0027612786351963172 0.0027443480103842397 0.0002907420527784378 0.00028895514104087334 6.4260654325824005e-6 6.38629727471648e-6 2.1035368986145814e-6 2.090095473223736e-6 9.025680746826855e-8 8.966887689731721e-8 1.8368175120920136e-8 1.8247572272794218e-8 1.4118669311497916e-8 1.4011914543365138e-8 
1.2  0.4979922385309346 0.4960408962403894 0.0027315483342576453 0.0027208373062299904 0.00025027253209453093 0.00024929035194405647 5.87867897066638e-6 5.855564460950149e-6 1.4785381650606463e-6 1.4726742844893108e-6 8.69307096709394e-8 8.65821848376147e-8 1.7600361475912282e-8 1.7521608680517556e-8 1.132540865939381e-8 1.1287996241224366e-8 
1.3  0.4971308382287838 0.49700706458259253 0.002703877680611637 0.00270319504854485 0.00022095986698689198 0.00022090232143747243 5.390958792068424e-6 5.3895538130092505e-6 1.0813762410846625e-6 1.0808855556379843e-6 8.415585567479452e-8 8.412895202857379e-8 1.6661635536614103e-8 1.6451943045490208e-8 9.050765998836702e-9 9.047489803909203e-9 
1.4  0.4973247625060979 0.4968973575475875 0.0026851004462274453 0.002682794301885213 0.0001991837741557431 0.00019901033091074434 4.972045732913732e-6 4.967793233331659e-6 8.215176820347203e-7 8.206471560698524e-7 8.200533718757702e-8 8.193497615922829e-8 1.5651036015474634e-8 1.5518864384216416e-8 7.050001977030307e-9 6.929116000436177e-9 
1.5  0.49731360556474424 0.496978190608193 0.002667726252405909 0.0026659489507540836 0.0001819898835956493 0.0001818740434070797 4.601087167217237e-6 4.596069661468206e-6 6.400556662853519e-7 6.339861994531866e-7 8.008920026283205e-8 8.004664715703081e-8 1.4518271854846355e-8 1.4468861823142136e-8 4.375225846948563e-9 
1.6  0.4980318297600607 0.49631881664834815 0.0026563101953652325 0.0026471751156136674 0.00016834035603739618 0.0001677614000810378 4.281105228343012e-6 4.265769314990471e-6 5.190231895267059e-7 5.134402388481218e-7 7.861364704225797e-8 7.834205216758559e-8 1.3460755407691607e-8 1.3344679828366603e-8 3.4253882063012457e-9 
1.7  0.4978494460657947 0.49655192150432836 0.0026417169877852413 0.002634853409086225 0.00015673659111488286 0.0001563298489813633 3.9905025568621e-6 3.980224797564383e-6 4.2361221892093955e-7 4.2254900340840595e-7 7.71466926604774e-8 7.695725444814774e-8 1.2321565377976028e-8 1.2278819316796244e-8 
1.8  0.49764746010555183 0.4967980927925696 0.0026284718431350425 0.002623985462285882 0.00014694214416655256 0.0001466913196237801 3.7347642615898916e-6 3.7283934282401995e-6 3.5974653693666244e-7 3.5913251855303606e-7 7.589619173622617e-8 7.576568511568986e-8 1.132687007704611e-8 1.1307174842797671e-8 
1.9  0.49774407801040754 0.49674041312156325 0.0026180007416767934 0.0026127340263326876 0.00013862384879535474 0.00013834562181490935 3.509854537954897e-6 3.5028698336729635e-6 3.111294865095009e-7 3.1053127170901287e-7 7.480855861647188e-8 7.46718787700916e-8 1.039750385239033e-8 1.0366342226131438e-8 
2.0  0.4977607333906275 0.4967585754509581 0.002608063050311495 0.002602820411494847 0.00013137454417610692 0.0001311104803583405 3.308762614799028e-6 3.302122966756697e-6 2.72866133411819e-7 2.723199339167091e-7 7.384200595098853e-8 7.369185600949923e-8 9.54963995913771e-9 9.516923994564134e-9 
2.1  0.497809530050688 0.49674101547958593 0.0025991831403802904 0.002593604797763987 0.00012501804704998458 0.00012474972559803373 3.1289995027170593e-6 3.1222799860318452e-6 2.423411192584783e-7 2.418205396831618e-7 7.296609329082532e-8 7.280932490713664e-8 8.782413996443936e-9 8.759954488036602e-9 
2.2  0.4978143077810602 0.4967644395932405 0.002590844398661277 0.002585384068248971 0.00011937645726568009 0.00011912496108883117 2.9672674548449847e-6 2.9610516674422147e-6 2.172988515087272e-7 2.168478179794677e-7 7.215853467344511e-8 7.200803760458303e-8 8.059485043011928e-9 8.048585832376132e-9 
2.3  0.49785201429930537 0.496752442009787 0.0025833120991843794 0.002577606395545984 0.00011434530406897114 0.00011409275468556486 2.8216133825188397e-6 2.8153752520966657e-6 1.965218413531023e-7 1.9608722157502177e-7 7.143082334874143e-8 7.127276641148407e-8 7.43116532302056e-9 7.404971263417487e-9 
2.4  0.4980026820105798 0.4966252426315229 0.002576964031794835 0.002569833692547733 0.00010984779889370356 0.00010954385642261069 2.690327661066777e-6 2.682872142627825e-6 1.7910825964812998e-7 1.7861119461970754e-7 7.078748040333827e-8 7.058880158153896e-8 6.85274482850837e-9 6.8299551524744806e-9 
2.5  0.4979458600213163 0.4967036625086894 0.0025700320256961235 0.002563628508211669 0.00010573260879690413 0.00010547093067356812 2.5693440296275134e-6 2.563241125039048e-6 1.6418289065635872e-7 1.6383932708620862e-7 7.017007432659461e-8 7.000094868780582e-8 6.3346282580912516e-9 6.283592434416213e-9 
2.6  0.4980070783528952 0.4966624330966862 0.0025641584415096994 0.002557235857483274 0.00010201300606931928 0.00010173834584997645 2.4550984220225667e-6 2.4435683710069532e-6 1.5071377770688888e-7 1.4911757948181945e-7 6.9585546144663e-8 6.940709659049328e-8 5.408714827894566e-9 
2.7  0.4980237268222362 0.4966642393307846 0.00255846161614102 0.002551499268593858 9.861020767951278e-5 9.834303671035343e-5 2.3552236447036584e-6 2.3441347160556004e-6 1.3942955352732139e-7 1.3810031604985986e-7 6.904412470457145e-8 6.885855429233314e-8 4.9269446783935955e-9 
2.8  0.4980249611987563 0.49668014064753224 0.0025530765911593225 0.0025461886206795906 9.548731240483201e-5 9.522951007179495e-5 2.262957674110074e-6 2.2535200355871684e-6 1.2960834563467907e-7 1.285435645973967e-7 6.856680388720844e-8 6.836730670413313e-8 4.555665504213063e-9 
2.9  0.49813139625955205 0.49658968163147943 0.0025485501471349662 0.002540669812577426 9.262965641638077e-5 9.234293461462712e-5 2.1793686183237094e-6 2.1687787274042608e-6 1.211281046722426e-7 1.1998314249307742e-7 6.812308792463624e-8 6.791120464882504e-8 4.265339141567747e-9 
3.0  0.4981190283497172 0.4966169967486262 0.0025437154287812178 0.0025360394686475577 8.996761600910951e-5 8.969504540093967e-5 2.0996815168679875e-6 2.0926575557404946e-6 1.1339388512425592e-7 1.1245305485869132e-7 6.76938690486021e-8 6.747606249257334e-8 3.986873499557535e-9 
3.1  0.4981112031352648 0.4966388143461201 0.0025391748901331724 0.0025316692535221033 8.749949575634653e-5 8.724025113899501e-5 2.0268803957662495e-6 2.021321173275743e-6 1.0657256927819496e-7 1.0574246556569281e-7 6.729181575765625e-8 6.708536671290378e-8 3.73427793372581e-9 
3.2  0.49809563001119805 0.4966676186009958 0.002534818668667603 0.0025275363543777185 8.520187625215287e-5 8.495473414649605e-5 1.9580418302775406e-6 1.949444799199136e-6 9.962685059159041e-8 9.891659810217717e-8 6.696323118130581e-8 6.676105172553586e-8 
3.3  0.4980969031501116 0.4966787030502766 0.002530776248737166 0.0025236368312803745 8.30576779826202e-5 8.282413122419745e-5 1.8920482735869772e-6 1.8868550857997242e-6 9.364376464157053e-8 9.341795481232687e-8 6.660627564661722e-8 6.633903407691373e-8 
3.4  0.4980437190710874 0.49674360819528784 0.0025267015947679247 0.0025201109153545325 8.104968441730879e-5 8.083826357664761e-5 1.8338544727683143e-6 1.8290767136478492e-6 8.867049509276387e-8 8.847226194361415e-8 6.618849323730062e-8 6.601307272649944e-8 
3.5  0.4980568235379111 0.49674156300381805 0.0025231364751360746 0.0025164754998350538 7.917814232312966e-5 7.896912663915478e-5 1.7796011308899796e-6 1.7749031100758725e-6 8.416937098904158e-8 8.39613556760945e-8 6.587982864987936e-8 6.569954207995696e-8 
3.6  0.49807980481203057 0.4967290647816568 0.002519792786788242 0.002512961300780237 7.742134223733961e-5 7.721145122661365e-5 1.7286779666570612e-6 1.723990662080836e-6 8.004753192363643e-8 7.984477854037109e-8 6.557440276949693e-8 6.53899381350379e-8 
3.7  0.4980823566599048 0.4967364619459927 0.0025165069102847594 0.002509708807454614 7.576514961740015e-5 7.556049841747338e-5 1.6808991518283475e-6 1.6763603646015822e-6 7.627151749065377e-8 7.609935251851129e-8 6.528983389106119e-8 6.510810656382445e-8 
3.8  0.4980839094637735 0.4967443648277835 0.0025133677211480344 0.0025066081813939255 7.42033846309734e-5 7.400382204877667e-5 1.6358594739627098e-6 1.6314597484251587e-6 7.280198758300816e-8 7.262983355023502e-8 6.501149495592818e-8 6.483668272300046e-8 
3.9  0.4980865060224902 0.4967507733095092 0.002510370304444671 0.002503638145911092 7.272811869400002e-5 7.253308796690014e-5 1.593447010302457e-6 1.5891746854847685e-6 6.960857833486455e-8 6.94459703019504e-8 6.475417920264627e-8 6.458055940981958e-8 
4.0  0.4980891217513978 0.49675670320194926 0.0025075215099832496 0.0025008134577545263 7.133312340885408e-5 7.114229485801624e-5 1.55341416514912e-6 1.5492586720474863e-6 6.665890078344903e-8 6.650067881113032e-8 6.450033749071164e-8 6.432789409677102e-8 
4.1  0.4980921780453795 0.4967618427403596 0.002504776016209181 0.002498086084772796 7.001043842712199e-5 6.982346555291626e-5 1.5155857468079637e-6 1.5115413673215044e-6 6.427172276270391e-8 6.410013139634289e-8 6.39367843169545e-8 6.377354599213591e-8 
4.2  0.4981041755961807 0.49675772356277764 0.0025021678210816085 0.0024954041116364953 6.875450536032423e-5 6.856866419733312e-5 1.479603576809098e-6 1.475606259657125e-6 6.40503396191834e-8 6.387721015776462e-8 6.1372678971223e-8 6.122870067692116e-8 
4.3  0.49811037737049757 0.4967589886209665 0.0024996713007626047 0.002492889859490024 6.75617892678521e-5 6.737853142472683e-5 1.4455453422074673e-6 1.4416304377009942e-6 6.382341255480101e-8 6.365032386974305e-8 5.9012395265952705e-8 5.8865679639909416e-8 
4.4  0.49812296028205416 0.49675359162354 0.002497289297647202 0.0024904242254480415 6.642696397012031e-5 6.624438448573624e-5 1.4132751753359734e-6 1.4093973173581426e-6 6.362486731012218e-8 6.345002145136678e-8 5.681216638388878e-8 5.6663307971517764e-8 
4.5  0.4981274750788916 0.4967559906284036 0.002494945480441592 0.002488084727296462 6.534335871101648e-5 6.516366147158408e-5 1.3824211871135797e-6 1.3786279250209973e-6 6.343312905825242e-8 6.324678466465112e-8 5.473921399060499e-8 5.4596543701993106e-8 
4.6  0.4981360585095449 0.49675402394963397 0.0024927263014658738 0.002485813981521419 6.431057744978075e-5 6.413228594346587e-5 1.3531604485287136e-6 1.3494153452067838e-6 6.327981444431833e-8 6.306299562377471e-8 5.2806052321726446e-8 5.2669785448706336e-8 
4.7  0.4981395121951744 0.4967569412552202 0.002490552152701258 0.0024836499134831876 6.332273524095131e-5 6.31473226128654e-5 1.325164721583041e-6 1.3215098784715077e-6 6.304930855587692e-8 6.287066960342532e-8 5.097206429699112e-8 5.0858926513823476e-8 
4.8  0.49813950415963526 0.49676305965457546 0.002488456863941542 0.002481578168555022 6.23781540745801e-5 6.220567629708985e-5 1.2984584657539357e-6 1.294866812837588e-6 6.287577328027317e-8 6.269421400552618e-8 4.9278474017640624e-8 4.914918382962725e-8 
4.9  0.49814084337561243 0.4967676274891171 0.002486418924616091 0.002479569596890852 6.147354328309805e-5 6.130407771918797e-5 1.2730149209383658e-6 1.2694978484217827e-6 6.271397883617002e-8 6.25282071073597e-8 4.768322915340122e-8 4.755457833273544e-8 
5.0  0.49814478634469395 0.49676936980811764 0.002484470616632624 0.0024776156386611408 6.060687622014889e-5 6.043962605798823e-5 1.2486872076488256e-6 1.2452444291393787e-6 6.255478302952259e-8 6.237216930185369e-8 4.617276973003383e-8 4.605825731137244e-8 
