#mmax= 10
#m-states: all states (FBR)
#Nr. of sites: 46
 
0.0  1.0 
0.1  0.9968287924170284 0.002555626243068529 0.0006153246596573986 1.5713679263038847e-7 9.954345172416919e-8 
0.2  0.9866744940787617 0.010979909137852592 0.002339811349327081 2.776785337749933e-6 1.7038360622527079e-6 1.3048126607661347e-6 
0.3  0.9667256955978872 0.028455384337899504 0.004766760482371445 2.385696799361845e-5 1.7559366589150467e-5 1.0199324126053671e-5 2.3587521012230722e-7 1.858818869915066e-7 1.1045818485126754e-7 1.170785288964889e-8 
0.4  0.9254214728366348 0.06707065075334626 0.0070109489234382 0.00033427689235351795 9.904128242438552e-5 5.342794328904745e-5 5.180752585001075e-6 3.1040998652061825e-6 1.3134638975936663e-6 4.516649631579212e-7 6.555979635704615e-8 4.105260349330057e-8 2.4774802935226195e-8 
0.41  0.9185032194361117 0.0736841543009096 0.007159851062199545 0.0004502181206048943 0.00012277128206938432 6.532854290998878e-5 7.251647147030027e-6 4.024240505202211e-6 2.4221726964702536e-6 5.012522357668042e-7 9.90259822993019e-8 7.016422055703237e-8 5.5537480936641215e-8 3.3214925318156596e-8 
0.42  0.9105125063836206 0.08133014019417963 0.0072810086162221795 0.0006184310745187518 0.00015570980412032149 8.129915009038293e-5 1.0177730310607667e-5 5.248932209648889e-6 4.451778227035225e-6 5.72199510668562e-7 1.5569667399126445e-7 1.4091259341580682e-7 7.53015887588999e-8 5.5140110616062744e-8 2.1608394516961698e-8 5.477629363892742e-9 
0.43  0.9011209163613417 0.09031495206127031 0.007368277591670442 0.0008599527823756391 0.00020304654671760784 0.00010333699490738956 1.4169520090032448e-5 7.238015759195437e-6 6.765394928270419e-6 6.484427919563e-7 2.42868662290585e-7 2.3057309131643218e-7 1.0199856508169523e-7 8.793088731140128e-8 2.5654425259466748e-8 7.262519157792684e-9 
0.44  0.8897161681082426 0.10118332350363732 0.0074117425634184775 0.0012328184182074633 0.0002766869358892287 0.00013531862784439715 2.022522593549663e-5 1.2970621657246037e-5 8.757587837620372e-6 7.586248760065786e-7 4.893940657988909e-7 3.6624182586126123e-7 1.5644175586249157e-7 1.441681836252349e-7 2.996945745613068e-8 2.4645273166529147e-8 1.0447116375848986e-8 8.474778900048101e-9 
0.45  0.8753382940820624 0.11479559997872978 0.0073966142576714425 0.0018196525371443886 0.00039880916655159453 0.00018409069560181793 2.9038666643617586e-5 2.3416365210347862e-5 1.1299493035987362e-5 9.898342134993523e-7 9.151394748418374e-7 6.200684079439122e-7 2.802504041456347e-7 1.941046664346023e-7 6.432026629416383e-8 5.635609014621311e-8 3.402910561615849e-8 1.7161409840765958e-8 1.3493311793473542e-8 
0.46  0.8562909982871681 0.13267114449021516 0.00729979581131863 0.0027578230352227097 0.0006166471936838446 0.0002629442565027321 4.139239148016387e-5 3.967393011786808e-5 1.4490090995772148e-5 1.7792766139809552e-6 1.1981713126015845e-6 1.0419318962058095e-6 4.779001721297375e-7 2.527633701588299e-7 1.33482588157929e-7 1.1861696610509072e-7 3.782525888076591e-8 2.67152593144727e-8 2.3829860638535182e-8 
0.47  0.8296187436355223 0.1574881515829204 0.007083899310836282 0.004230587968444026 0.0010287701803000145 0.00039758915942177033 6.64436206008687e-5 5.85858725039249e-5 1.8296038473079854e-5 3.3344214333962627e-6 1.9084712291865215e-6 1.7752393084102094e-6 7.933767786136069e-7 3.480634589114177e-7 3.090893659561106e-7 2.7654550880456466e-7 6.04031026683233e-8 5.599426162964025e-8 4.2386692135549176e-8 1.5927473755301045e-8 8.033959605645893e-9 4.678405222682331e-9 
0.48  0.7915589473063349 0.19298777675455053 0.006704130274786176 0.006144940895489283 0.001766678438374312 0.0006269319769641298 9.54601958223876e-5 7.81278848176459e-5 2.1859372758418193e-5 5.713148829190712e-6 3.397575730989725e-6 2.9033326787958526e-6 1.1129044673577789e-6 7.488754478044948e-7 5.298901369976566e-7 3.452533138106987e-7 1.2671455228712537e-7 1.265130282013626e-7 4.952682799734013e-8 4.9063897173675224e-8 1.3581244946698976e-8 1.2566032644545622e-8 1.1546473290389073e-8 6.407441979001634e-9 
0.49  0.7395735608569108 0.24230675140632976 0.007860065005634086 0.006133514882481042 0.0028805647539953327 0.0009892838431100085 0.0001148088747369598 9.501605807786835e-5 2.380869578622534e-5 8.184649531191605e-6 5.493157170783297e-6 4.828533231227386e-6 1.2781367132717264e-6 1.1396453370046094e-6 7.289163478443099e-7 3.498873800082071e-7 2.2836732667124948e-7 1.8655022190434454e-7 8.102766984047279e-8 6.006897833145437e-8 1.949381094114538e-8 1.6533367382410323e-8 1.3527681944999696e-8 1.2883077652418105e-8 4.245092662458137e-9 
0.5  0.6788783962381539 0.30148186116782993 0.0084181270681471 0.005438625928437321 0.004050844432409898 0.001460703217485934 0.00011621308007829669 0.00010303501167168843 2.3181740062943904e-5 9.755034547875036e-6 7.551480878341122e-6 7.2922331548765444e-6 1.2533396513811564e-6 1.2013496538007941e-6 8.323144318772522e-7 3.7198203043773506e-7 2.9147765592663057e-7 2.0701200148233257e-7 1.0314915626821109e-7 7.725180683760643e-8 2.150543840184444e-8 1.7710890694179496e-8 1.568960180192329e-8 1.5050921913122327e-8 5.53390482863938e-9 
0.51  0.6217478975581154 0.358749936662908 0.007773763003400529 0.004767341933718345 0.004763953623460165 0.0019404818401587412 0.00010404770807046072 9.995104867470213e-5 2.083722050993733e-5 9.750093515580316e-6 9.508752380784693e-6 8.529804482924326e-6 1.0820813937897624e-6 9.669350791749831e-7 8.056553239371682e-7 4.231680397001215e-7 2.638113951378022e-7 1.7792123465612157e-7 1.0480249014751721e-7 9.622518529180867e-8 1.996085361413696e-8 1.6633408641900836e-8 1.6276091705486488e-8 1.5677846531483277e-8 6.24988615070388e-9 5.352377578530816e-9 
0.52  0.5773574314655747 0.40434543662571065 0.006637580899581483 0.004868390964321621 0.004231251974280825 0.0023339225538723065 8.910658679456716e-5 8.761373282680644e-5 1.8232725293317563e-5 1.0938083305854876e-5 8.634633409400596e-6 8.211428426052379e-6 8.160120646382501e-7 7.151579854955777e-7 6.736244029264343e-7 4.1345779036858986e-7 2.2589415661368885e-7 1.2913807990401293e-7 1.108188766702062e-7 8.984049212507585e-8 1.691766691040763e-8 1.5434145157812294e-8 1.5213264775160193e-8 1.4261131447661679e-8 6.163238417526124e-9 4.969541942371464e-9 1.4237627412707943e-9 
0.53  0.5470209702934924 0.4362023094339294 0.005541946388714089 0.004579298563934057 0.003851207569805157 0.0026113794752098502 7.582713949836547e-5 7.252431930979414e-5 1.6109087951975338e-5 1.1617731298473574e-5 7.174518498624973e-6 7.1443826919399395e-6 5.794557326198392e-7 5.157896623069336e-7 5.131878638015776e-7 3.624394809804728e-7 1.8990723277895093e-7 1.1879187995249184e-7 8.55539631236704e-8 6.852631725101931e-8 1.4290867548376955e-8 1.393852235157994e-8 1.329383245025095e-8 1.0926183415062458e-8 4.994128651861916e-9 
0.54  0.5274016197515946 0.4572532567589575 0.004651543277906114 0.004143771704769752 0.0035930422251508666 0.002792699833763139 6.361819852062286e-5 6.0476004246539144e-5 1.4551257141835606e-5 1.1831686292301974e-5 5.892598808452486e-6 5.797701035966639e-6 4.1011641947666483e-7 3.8245938961036025e-7 3.730970308067007e-7 3.0313483658308775e-7 1.5805176591283755e-7 1.203415612949708e-7 5.804754629122072e-8 5.021939148942507e-8 1.265467565812113e-8 1.1504964128728586e-8 9.948209189407027e-9 9.42602042612472e-9 
0.55  0.5150852677047918 0.4707950743638807 0.003960112939374786 0.0036944143406880976 0.003419721048012955 0.002904764378089571 5.3523140568705e-5 5.117614219113046e-5 1.3444918948897448e-5 1.1792884674926349e-5 4.7132801635809456e-6 4.554916613554254e-6 2.9272375684295116e-7 2.814190561910694e-7 2.716845476744173e-7 2.5156291439096123e-7 1.3534090068452293e-7 1.1647824540801674e-7 3.8646967591443675e-8 2.0580645004501987e-8 1.1850644119140902e-8 1.1240863777506409e-8 8.4134619398321e-9 
0.56  0.5075127191728553 0.479383118544194 0.0034241367664956967 0.0033032424600068135 0.0032843160139661865 0.0029700732083216426 4.564051683818325e-5 4.403247061781792e-5 1.2653673389564698e-5 1.1641556641712142e-5 3.712794573014692e-6 3.571586945627398e-6 2.248174737636638e-7 2.151432476042235e-7 2.13056217960533e-7 2.0027236870775272e-7 1.1448106659813796e-7 1.0704913300104699e-7 2.3529055848158425e-8 1.4087217726094649e-8 1.1370020202206996e-8 1.1052065654537358e-8 6.377287681952688e-9 
0.57  0.5027327573986294 0.4850065601562971 0.0032210994225839976 0.0030074539342721082 0.002998680231079313 0.0029255861367353075 3.944556381890217e-5 3.83643528086277e-5 1.2059311348935856e-5 1.1441432121439825e-5 2.845061699765045e-6 2.7871108053147834e-6 1.916713670281916e-7 1.9127362552741246e-7 1.544458642054917e-7 1.513066435400554e-7 9.445487224113676e-8 9.233452939200436e-8 1.173151830215503e-8 1.1051415484687503e-8 1.091825646681781e-8 1.0699708279506828e-8 
0.58  0.499894272141699 0.48854143976106634 0.003164021578149896 0.0030248410109974737 0.0026586125875708477 0.0026198262930951814 3.478708431657274e-5 3.4086888545296e-5 1.1613104086218438e-5 1.1228610336863902e-5 2.26015550795272e-6 2.2228157151592486e-6 1.7635928654318394e-7 1.741919365226547e-7 1.2132780207172996e-7 1.19596751965981e-7 7.785523655539445e-8 7.748173680569815e-8 1.0438262841520726e-8 1.0428819325638472e-8 1.0308842379184383e-8 9.980239116176464e-9 
0.59  0.49816645330213744 0.4908536820763752 0.0031220564651939474 0.0030308736887040707 0.002379644840288972 0.002359009761388687 3.107652491588912e-5 3.063728536808168e-5 1.1260191576389273e-5 1.1018820046134002e-5 1.8078917850275921e-6 1.7869306820459862e-6 1.6607722504096808e-7 1.6372217163338223e-7 9.79252054481973e-8 9.705687318216759e-8 6.447368458138179e-8 6.424546807283038e-8 9.990229304384386e-9 9.918219980167148e-9 9.507410739108192e-9 9.305052232210108e-9 
0.6  0.4971068798274044 0.49241125832278004 0.0030897605881869093 0.003030245107152485 0.00214594460792025 0.0021350403404329136 2.7973338545052694e-5 2.7695671391093988e-5 1.0967080997094914e-5 1.0813906771110794e-5 1.4295520269261025e-6 1.3916701052135608e-6 1.5809032101657173e-7 1.5615394475207176e-7 7.972707773217627e-8 7.228337902357601e-8 5.34354057790791e-8 5.307988837203203e-8 9.503832885729449e-9 9.433445603031733e-9 8.2789934004223e-9 
0.7  0.5013445668006632 0.4907091817748084 0.0029768472125317304 0.002913655546294973 0.0010155034255687923 0.0009938862563639895 1.3563252744412232e-5 1.3261165954786662e-5 9.490578358199949e-6 9.289600702556596e-6 2.1478561029447314e-7 1.983747268651204e-7 1.2715773879528485e-7 1.2332095068574866e-7 2.6690714232401408e-8 2.2911329825472767e-8 2.0814502767658888e-8 2.033043669687073e-8 
0.8  0.5016746764096472 0.49130044240214155 0.0029049277935751464 0.0028448567868170566 0.0006276010702339722 0.0006146205282257013 8.555835861033536e-6 8.378877864835768e-6 7.851351454179334e-6 7.688244172023036e-6 1.1343928994085898e-7 1.1110088223967184e-7 5.283081107531796e-8 5.156169757459673e-8 1.94793784920343e-8 1.9081482709695136e-8 1.6841282829664413e-8 1.636518460349581e-8 
0.9  0.4975616781839581 0.4958735935200909 0.0028289792355533435 0.002819457262536199 0.000446207608263414 0.00044474679945517864 7.710292220832358e-6 7.686818208200624e-6 4.814636713449516e-6 4.801973226374182e-6 1.0404832499237114e-7 1.0392020687713472e-7 2.5995436622984635e-8 2.5848009736158644e-8 1.9157598956393526e-8 1.9125382009399895e-8 1.2848770396812414e-8 1.2726047485899652e-8 
1.0  0.4968672251514518 0.49684424327872945 0.002784926782110114 0.002784572241141582 0.0003493098951537565 0.00034921839876517874 7.016508168595355e-6 7.0114500012856245e-6 3.1099351469351763e-6 3.105145185741225e-6 9.468467171126484e-8 9.400679765182239e-8 1.886758722367531e-8 1.8538255826384533e-8 1.7626631171438732e-8 1.7490202731334515e-8 
1.1  0.5024794802928481 0.4914178529411075 0.0027834994054700152 0.002722207125123198 0.0002930859108420889 0.00028662257375523543 6.478064444740162e-6 6.335082364998201e-6 2.120934442108391e-6 2.073050891946434e-6 9.100435329020702e-8 8.895976529534647e-8 1.8510294873657356e-8 1.8018636223433792e-8 1.4246540137476805e-8 1.3879122140104597e-8 
1.2  0.5013973394074421 0.49263577231862615 0.0027502288155545006 0.0027021750241463063 0.00025198522686310413 0.0002475822120735667 5.918941067569101e-6 5.81549235614144e-6 1.4888625925581652e-6 1.4627321022824065e-6 8.752984294291332e-8 8.599943641984589e-8 1.7750128333914468e-8 1.7394132906120575e-8 1.1418624563887423e-8 1.0875011928553253e-8 
1.3  0.49766391753018985 0.496473976612736 0.002706774807693771 0.0027003027550173784 0.00022119676692800876 0.00022066846125342134 5.396811410374629e-6 5.3839458457859555e-6 1.0825210668330385e-6 1.0800232914711188e-6 8.426054588087326e-8 8.40586910098224e-8 1.6669098021938984e-8 1.6658598433446428e-8 9.068175114383467e-9 9.049460440052656e-9 
1.4  0.499702587571738 0.49451949891485203 0.0026979559206213627 0.0026699663704596458 0.00020014326995637213 0.00019805605405682068 4.995997522857573e-6 4.9439020302550985e-6 8.265278475158198e-7 8.162163621423422e-7 8.243333272296607e-8 8.157646823347515e-8 1.5594246035661718e-8 1.5372151533972424e-8 7.222370487965454e-9 7.055985292042491e-9 
1.5  0.5011673186204935 0.493124513290659 0.0026883974437717706 0.0026452458035389277 0.00018340927570090703 0.00018045086154418722 4.636382551108128e-6 4.560619533624081e-6 6.467607660507307e-7 6.271004080548723e-7 8.073473770109821e-8 7.941401157378697e-8 1.4619955601141225e-8 1.4380900898675283e-8 4.691429357095809e-9 
1.6  0.5014891485335096 0.4928615049435854 0.002674735257878551 0.002628743709085113 0.00016950880731585532 0.00016659235047726054 4.310513326021651e-6 4.236317346736911e-6 5.21903536846914e-7 5.104737019106603e-7 7.91460656741559e-8 7.779135065482691e-8 1.3525293362339193e-8 1.332082232874445e-8 3.406708396954625e-9 
1.7  0.5022839744413011 0.49211743527978113 0.0026651552101765656 0.002611375630489856 0.00015812714049764465 0.00015493694630746928 4.025547411827331e-6 3.944825029624367e-6 4.2741851539136624e-7 4.189125894899073e-7 7.782178185501128e-8 7.626901879071991e-8 1.2376321633309871e-8 1.2180780786849702e-8 
1.8  0.5020244020573016 0.49242116023765026 0.0026515859607915446 0.00260086247613764 0.0001482343295813724 0.0001453987008980031 3.7675872012913817e-6 3.6955285662315438e-6 3.629159464412395e-7 3.5597592186796823e-7 7.656309380573097e-8 7.50958759216108e-8 1.1359015905695896e-8 1.1212018360348577e-8 
1.9  0.5016234932646315 0.4928609896256151 0.00263841079655714 0.0025923334052447133 0.0001397041817972404 0.00013726431071658577 3.5371973099942202e-6 3.4754231377330767e-6 3.1351983122834043e-7 3.0804030530030007e-7 7.538612566809605e-8 7.406812823462536e-8 1.0477173698354782e-8 1.0303431085904735e-8 
2.0  0.501992313620354 0.49252700926691473 0.0026302321347990475 0.0025806383606000005 0.00013249108087846326 0.00012999293583781742 3.3368582691346608e-6 3.273959170551898e-6 2.751846303162479e-7 2.6999827271491596e-7 7.446319466228462e-8 7.305954847764718e-8 9.62518671027323e-9 9.452344549770845e-9 
2.1  0.5020296168042419 0.4925208748682071 0.0026212437402733297 0.0025715951731340478 0.00012607934063221397 0.00012369116354324816 3.1555830911711617e-6 3.0958030141446082e-6 2.44442491464024e-7 2.398076485032999e-7 7.359378973195756e-8 7.219673997449648e-8 8.7901808269243e-9 8.693015430676877e-9 
2.2  0.5019059781744118 0.49267276661642206 0.002612140196639893 0.0025640904764228445 0.00012035785416267425 0.00011814392249790713 2.991707201727155e-6 2.9367081410818238e-6 2.1904365190719051e-7 2.1501770942813985e-7 7.275287837985196e-8 7.141758798063642e-8 8.126497109162747e-9 7.985777065024725e-9 
2.3  0.5021281558680258 0.4924762702813057 0.0026055143833869344 0.0025554330760188078 0.00011532793403329505 0.00011311124072095545 2.8458515270934974e-6 2.7911651419706436e-6 1.982339053376945e-7 1.9442559114460797e-7 7.205500435046161e-8 7.06626910125316e-8 7.469213025043739e-9 7.353434651007714e-9 
2.4  0.5019097900672642 0.49271814234377975 0.002597175288728077 0.0025496152041932637 0.00011070931670092665 0.00010868187104664562 2.7113907318281563e-6 2.661733227507737e-6 1.8052846245002794e-7 1.772210504570587e-7 7.134179282249834e-8 7.003306649769925e-8 6.875823717506291e-9 6.784135883788714e-9 
2.5  0.5016174484312117 0.493032066052135 0.002588985715749504 0.0025446799017196874 0.00010651401060036099 0.00010469201284416546 2.58855706578279e-6 2.5444109384810285e-6 1.654639906873888e-7 1.6266354682179245e-7 7.06953625381211e-8 6.948916894786335e-8 6.313354781451646e-9 6.282313993651816e-9 
2.6  0.5014494309788742 0.49322006950777697 0.002581888724276344 0.0025395166867429415 0.00010271951702623354 0.00010103205025564503 2.4718689557690946e-6 2.4266024012206753e-6 1.517873852350018e-7 1.4790174604558244e-7 7.005678297565059e-8 6.892014022900216e-8 5.397636906471229e-9 
2.7  0.5012620585785321 0.49342590169330447 0.0025751076401814258 0.0025348589790516515 9.925253779935588e-5 9.770113703270363e-5 2.3666040476399337e-6 2.332605824851157e-6 1.3927405461729923e-7 1.3821707973815485e-7 6.950565593184462e-8 6.839871777354557e-8 4.8287204345260936e-9 
2.8  0.5010288472851259 0.49367625488865186 0.002568472968097438 0.0025307922950409383 9.606251996175024e-5 9.465416055322517e-5 2.2732633733354597e-6 2.243069661000807e-6 1.294390213944726e-7 1.2867674565410397e-7 6.897828275223175e-8 6.795560249300996e-8 4.499884607774006e-9 
2.9  0.5007797821522485 0.49394130900638966 0.002562102433241139 0.0025271050976974803 9.312271108845725e-5 9.18493573173978e-5 2.187633531343084e-6 2.1603204523722273e-6 1.2085237584898558e-7 1.2021495445394395e-7 6.848169631770222e-8 6.75361557593676e-8 4.2028529263666524e-9 
3.0  0.5007455277946589 0.4939904885120599 0.002557123500362655 0.0025226395778846097 9.0441572570748e-5 8.922150160427266e-5 2.111897542778652e-6 2.0805372852184687e-6 1.1425980051517168e-7 1.116611933030637e-7 6.804528281806539e-8 6.713812712131703e-8 4.001628971363363e-9 
3.1  0.5005877452439352 0.49416226847882405 0.0025518001054698285 0.0025190476493249523 8.793394907633071e-5 8.680585002807123e-5 2.0358152046828383e-6 2.0124314612658223e-6 1.06358946361533e-7 1.0601528752289931e-7 6.763236822569788e-8 6.675669446884534e-8 3.7133804308671706e-9 
3.2  0.5006090321815513 0.49415418933632305 0.0025475913055046716 0.0025147975714613618 8.562738747571281e-5 8.452638171800582e-5 1.9642784702218003e-6 1.9397186249920154e-6 9.966294043417301e-8 9.84653556403768e-8 6.72792683368284e-8 6.643130667871804e-8 
3.3  0.5006616374346317 0.4941139229864654 0.0025438591458505928 0.002510597763286597 8.34874682330752e-5 8.239613932201023e-5 1.9019427711817688e-6 1.8770997598737938e-6 9.41572518272319e-8 9.293545353644078e-8 6.694150594164712e-8 6.598546935663764e-8 
3.4  0.5006028319821335 0.4941844929307593 0.002539687196070541 0.0025071279668148036 8.146612484507133e-5 8.042176217533057e-5 1.8431763083987596e-6 1.8195549094179677e-6 8.911904055210395e-8 8.799131172654521e-8 6.65276493349433e-8 6.566798067429583e-8 
3.5  0.5006044389909253 0.494193931687733 0.0025360275960860782 0.0025035966757551444 7.958393397428441e-5 7.856612483036017e-5 1.7890041821730786e-6 1.7661647075205152e-6 8.462058380913013e-8 8.35920140073224e-8 6.623615006025659e-8 6.53730596830051e-8 
3.6  0.5005779769101292 0.4942308709192624 0.00253242115658983 0.002500351397360034 7.781057963475202e-5 7.682511348772605e-5 1.737504827185957e-6 1.7155324828225857e-6 8.044368540233467e-8 7.946486373604869e-8 6.591388377443969e-8 6.50637904043995e-8 
3.7  0.5005904443168903 0.4942283337478644 0.002529192016997758 0.002497061615593717 7.614753835205925e-5 7.518047941234882e-5 1.6894423800287844e-6 1.66801095763486e-6 7.667068728210587e-8 7.572122534121832e-8 6.566723900262844e-8 6.477240037702375e-8 
3.8  0.500601848115429 0.49422639320805994 0.0025260837674404104 0.0024939225395027844 7.457925003385087e-5 7.362986930542927e-5 1.6443534930607086e-6 1.6234302103753755e-6 7.324873108139927e-8 7.231349856229779e-8 6.539327471875237e-8 6.451102233572406e-8 
3.9  0.50060732921621 0.49422993595066117 0.0025230666177179064 0.0024909535919608295 7.309662140258094e-5 7.216650308076758e-5 1.6016718668926684e-6 1.5813396030007613e-6 7.000159816676756e-8 6.912811614586231e-8 6.509865422602817e-8 6.425912852306519e-8 
4.0  0.5006014216839219 0.49424439793423103 0.0025201715812836756 0.002488168034123914 7.169320952092732e-5 7.078281768448516e-5 1.5612819554982454e-6 1.5414626007910437e-6 6.699849053658188e-8 6.616777155015272e-8 6.482587751315796e-8 6.400253762244416e-8 
4.1  0.5006017369491081 0.49425228561167056 0.0025173947936497124 0.0024854650254568286 7.03633061481119e-5 6.947086027417526e-5 1.5233185400483455e-6 1.5040035534427316e-6 6.460529353163734e-8 6.427023558792386e-8 6.37858505318076e-8 6.347021954739802e-8 
4.2  0.5006008673014225 0.4942609917650214 0.0025147286319792033 0.002482880963763017 6.910029050559095e-5 6.822520713063832e-5 1.487082881737413e-6 1.4682559712412064e-6 6.436638345315754e-8 6.355141734692331e-8 6.166152474313673e-8 6.092200099587315e-8 
4.3  0.5006023707755658 0.4942669918461339 0.002512178472851012 0.0024803854995867416 6.790006440210566e-5 6.704078256372385e-5 1.4527942527240482e-6 1.434415551410931e-6 6.414492199484074e-8 6.333334460609247e-8 5.9305614249167346e-8 5.8565211998441615e-8 
4.4  0.500595284240543 0.49428127121028753 0.002509680747822432 0.002478028751934154 6.67566420675655e-5 6.59148400613014e-5 1.4204195395480297e-6 1.4025251968637138e-6 6.395560859916046e-8 6.314900100141613e-8 5.7107771093253636e-8 5.641016711831005e-8 
4.5  0.5006011889535604 0.4942822589443062 0.002507348914769097 0.002475698044912544 6.566843343707068e-5 6.483947120647749e-5 1.389386048093889e-6 1.3718477245123173e-6 6.374222777753463e-8 6.293778800878937e-8 5.498479129206856e-8 5.433922825901744e-8 
4.6  0.5005983511570044 0.494291720232637 0.0025050551410461756 0.0024734957112812783 6.46287532826599e-5 6.381455921281285e-5 1.3599031280584593e-6 1.3427745076033825e-6 6.355011930364559e-8 6.27496024317523e-8 5.304629052198583e-8 5.242188831122183e-8 
4.7  0.5006028622470097 0.4942935782485468 0.0025028793079329955 0.0024713342985500705 6.36365716033086e-5 6.283453414972433e-5 1.3318703155042481e-6 1.3150873454988135e-6 6.337657213878931e-8 6.257697311485734e-8 5.125481552705848e-8 5.062618619063024e-8 
4.8  0.5006002149197786 0.49430235534348826 0.002500743087414488 0.002469285063656467 6.268627691447409e-5 6.18977245959172e-5 1.3049590280413234e-6 1.288544958902761e-6 6.323941172797063e-8 6.23938428438725e-8 4.95263351401273e-8 4.892057619619064e-8 
4.9  0.5005993803974561 0.49430908109862876 0.00249869682977962 0.002467299652871178 6.17773691085803e-5 6.100109629021996e-5 1.2795358922125673e-6 1.2634617117455893e-6 6.303906276779401e-8 6.224728759287319e-8 4.790237534393991e-8 4.7369537043867315e-8 
5.0  0.5005998647595595 0.49431427776100895 0.002496723958966817 0.002465375763653358 6.090567866698014e-5 6.014098032280138e-5 1.2548705539836768e-6 1.2391194844388102e-6 6.285021584721913e-8 6.206332923468805e-8 4.635121395626831e-8 4.584302537136904e-8 
