#mmax= 10
#m-states: all states (FBR)
#Nr. of sites: 2
 
0.0  1.0 
0.1  0.9968985884295856 0.0024823617898053103 0.0006188022085989365 1.508914439311946e-7 9.668056661011221e-8 
0.2  0.987864262357294 0.009729679549072811 0.0024022197780367445 2.336664824082232e-6 1.5016507730912233e-6 
0.3  0.9736459406904684 0.021186845766229867 0.00514874957341079 1.1218832967378463e-5 7.245136923214962e-6 
0.4  0.9553060272646619 0.03606045912102254 0.00857898134500379 3.3042582291947556e-5 2.1481639990010592e-5 8.04702992650036e-9 
0.41  0.9532935521121865 0.037700693366989925 0.008946027451441145 3.61797567437664e-5 2.3538052798154694e-5 9.25984059665291e-9 
0.42  0.9512506206424481 0.03936552110448065 0.009318599282854898 3.951761115595163e-5 2.5730742044997134e-5 1.0617015242907905e-8 
0.43  0.9491790661120728 0.0410559966086349 0.009693757579513716 4.307438153328619e-5 2.8082731139146215e-5 1.213190125876831e-8 1.04552051886104e-8 
0.44  0.9470835750303971 0.04276692970502551 0.010072088378042814 4.682604835266099e-5 3.0555120280867204e-5 1.3813610636419944e-8 1.1904290898602679e-8 
0.45  0.9449614420443219 0.04450213138339467 0.010452430703029987 5.07941837493696e-5 3.317249661900922e-5 1.5678240677713113e-8 1.3510644109354462e-8 
0.46  0.9428168270183938 0.04625544657312327 0.010836771187109134 5.498132062778092e-5 3.5940873613316926e-5 1.7739889168616757e-8 1.5287243772070645e-8 
0.47  0.9406495800846211 0.04803132707743442 0.01122080609109437 5.939184469243295e-5 3.8857645833020036e-5 2.0011966423593292e-8 1.7244358784203382e-8 
0.48  0.9384612495046072 0.049824442960879387 0.011608300053686288 6.403208521383627e-5 4.193348600282636e-5 2.2511636506657677e-8 1.9397973956880383e-8 
0.49  0.9362535084476757 0.05163506444898618 0.011997307055975421 6.890460167977866e-5 4.5168427111361434e-5 2.5255821686003157e-8 2.1762749783906044e-8 
0.5  0.9340269468837709 0.05346370352294875 0.012386718837728395 7.401373360149743e-5 4.856441994024444e-5 2.825559939898227e-8 2.4346410633960933e-8 
0.51  0.9317794904372024 0.0553115326049543 0.012777420121032248 7.936885350917644e-5 5.2129270274353186e-5 3.153846679030732e-8 2.7174560749940325e-8 
0.52  0.9295167947817802 0.0571736140783873 0.013168697154692073 8.496668360085108e-5 5.586193816334769e-5 3.5111473433843186e-8 3.025190235039247e-8 
0.53  0.9272382209576828 0.059049746533717945 0.013561376575375197 9.081414459463684e-5 5.976918428314218e-5 3.900140058625031e-8 3.3602946373079694e-8 
0.54  0.9249449504109382 0.060940586742186185 0.013953619122984874 9.691310582643201e-5 6.385015502375038e-5 4.322346727541502e-8 3.723957323448189e-8 
0.55  0.9226367937815785 0.06284584382198019 0.014345894326507838 0.00010326897569228765 6.811011064352334e-5 4.78011129073541e-8 4.11824849622625e-8 
0.56  0.92031622721222 0.06476328194195508 0.014737960074399769 0.00010988210170190992 7.255047754876113e-5 5.274871091328534e-8 4.5443463913829235e-8 
0.57  0.9179831827596175 0.06669266725035146 0.015130107470266526 0.00011675797218456036 7.717639615864619e-5 5.8099118558531415e-8 5.0052302555520623e-8 
0.58  0.9156391330697677 0.06863435028747111 0.015520516344816122 0.00012389613723552776 8.198529225462485e-5 6.385761328178903e-8 5.501084154197786e-8 
0.59  0.9132841176489969 0.07058681843045776 0.01591064697211288 0.00013130182645698923 8.698470751729661e-5 7.00611980185174e-8 6.035326037851977e-8 
0.6  0.9109212524663829 0.07254744149728769 0.01630001592460291 0.00013897300078703187 9.217428664328506e-5 7.67286464977865e-8 6.609564952107541e-8 
0.7  0.8869530835510693 0.09256169978203542 0.02009922219353314 0.00023070165468755792 0.00015496855406752787 1.7422473982930613e-7 1.5003986708921253e-7 
0.8  0.8628861658541295 0.11290887965939005 0.02361632103014423 0.00034968639457801445 0.00023830160914321122 3.468520269865599e-7 2.9860058810673314e-7 
0.9  0.8392719392755973 0.1331290636984684 0.02676092109353818 0.0004944530836543473 0.0003424603967454291 6.247736837450537e-7 5.376783135563734e-7 
1.0  0.8164813673049588 0.15290867767020552 0.029479283175718185 0.0006619794961466775 0.00046675807007210036 1.0398076761127717e-6 8.944752224468661e-7 
1.1  0.7947528932942415 0.17202407100029488 0.031761937510405736 0.0008482159319197559 0.0006098601756938412 1.6249198428337081e-6 1.3971676018747007e-6 
1.2  0.7742164426453765 0.19034304392489176 0.033617562654700645 0.0010485350448972747 0.0007699345030070777 2.4101227130850355e-6 2.071104413994699e-6 
1.3  0.754929506319362 0.2077815741249587 0.0350793618062905 0.0012582087661567169 0.0009449828915971054 3.424906289924536e-6 2.9411853448550616e-6 
1.4  0.736894928957619 0.22431157713965197 0.03617939585150651 0.0014725694603846008 0.0011328073991976777 4.69368864091783e-6 4.027502999141928e-6 
1.5  0.7200867326725019 0.23992198310464907 0.03696099243285994 0.0016873737558326472 0.0013313103405766331 6.248095872523274e-6 5.352457740198208e-6 7.139966944180758e-9 
1.6  0.7044478657599533 0.25464528816797605 0.03745492818585395 0.0018986050322922538 0.0015382665394255736 8.097855409851058e-6 6.937987141072043e-6 1.0471948007637025e-8 
1.7  0.6899287978578755 0.26848409707296667 0.03771296569220956 0.002103183795653098 0.0017519265010196845 1.0241318995318296e-5 8.758687479583349e-6 1.4823256845228258e-8 1.4250543485053208e-8 
1.8  0.6764672661896828 0.2814637880936121 0.03777619682174129 0.002298557664647173 0.001970606048800604 1.2699939389925583e-5 1.0844993217463528e-5 2.067665092428477e-8 1.9572257952083437e-8 
1.9  0.6639815800067047 0.2936525151833957 0.03766252328760491 0.002482222873800448 0.0021924411729814133 1.5473613501675716e-5 1.3189462901931654e-5 2.7905081467967327e-8 2.6494028691415797e-8 
2.0  0.6524123239623614 0.30507265286456475 0.037411530053697975 0.002652854982853519 0.0024162148031283896 1.8562094347703427e-5 1.5789290686018998e-5 3.6858042596596954e-8 3.5090317681130265e-8 
2.1  0.6416892777002234 0.31577768445195514 0.03704272509482606 0.002809109262755135 0.0026405145512717657 2.1959885789691512e-5 1.863553884825573e-5 4.7952822680405005e-8 4.5561508190600006e-8 
2.2  0.631749385687022 0.3258099132932609 0.03657872231958933 0.002950247137331362 0.0028642355420331845 2.5659650001839008e-5 2.171698924556032e-5 6.118421279161169e-8 5.819730240949558e-8 
2.3  0.6225405983744502 0.3351931292574674 0.03604829479136849 0.0030867361480339415 0.0030764155731341555 2.9653017864532874e-5 2.5022739820903255e-5 7.689403427207953e-8 7.320382585688614e-8 
2.4  0.6139958935054095 0.34399575537702215 0.035452260316085046 0.003306685146149361 0.003186764399445711 3.3923765761396195e-5 2.853147946143628e-5 9.524561025107236e-8 9.076505547509098e-8 
2.5  0.6060756516318924 0.35222556979522973 0.034821356622250825 0.003524005839489633 0.0032824945355124525 3.846223648866094e-5 3.223165228221518e-5 1.1652224353604672e-7 1.1116461050040503e-7 
2.6  0.5987211077833667 0.359946757391954 0.034151928835240423 0.003737522463518103 0.0033630641377659595 4.324736095753081e-5 3.609647425086184e-5 1.4093289477730845e-7 1.346200514687205e-7 
2.7  0.5918966796198667 0.36717073902504455 0.033466621209737694 0.00394730461586179 0.0034299460139761875 4.8267393474816135e-5 4.011221448418298e-5 1.6861996125448398e-7 1.612875929208661e-7 
2.8  0.5855572766423297 0.37394078419562277 0.03276763515733494 0.004152717864832651 0.003483438485765014 5.350230112069957e-5 4.4254146525183907e-5 1.9980405455949336e-7 1.9140241423494132e-7 
2.9  0.5796646293392583 0.38028903510270573 0.03206080960411062 0.004353397554268848 0.0035242361734781915 5.8933129842440375e-5 4.849921299595196e-5 2.3469205115639274e-7 2.2519128862309655e-7 
3.0  0.5741871261387566 0.3862351309478814 0.03135679078183983 0.0045493931936997625 0.0035536480016569918 6.454535861005074e-5 5.283044257176762e-5 2.728595958325462e-7 2.6227538750358537e-7 
3.1  0.5690873605544171 0.39182184754937105 0.03065099903917924 0.004739981478029794 0.0035716636479437075 7.031287166430339e-5 5.721548626906471e-5 3.155165376965817e-7 3.0385658719229075e-7 
3.2  0.5643420536606946 0.3970561905922395 0.029957332207848332 0.0049256641849244635 0.003580177668793921 7.622676565005612e-5 6.16450779109938e-5 3.612435880789696e-7 3.4859834971063934e-7 
3.3  0.5599218879522853 0.4019681811103713 0.02927491827684003 0.005106140456252641 0.0035797013395003265 8.226551681404218e-5 6.609352857474163e-5 4.1269871329002654e-7 3.9912064799994776e-7 
3.4  0.5558024468621753 0.40657828234058996 0.028606792423703165 0.005281425884078317 0.003571177491366769 8.841391330134808e-5 7.054301543250122e-5 4.661873341143844e-7 4.518820184526042e-7 
3.5  0.5519614937654567 0.41090462558074936 0.027955977876999268 0.005451631471246843 0.0035556029694719924 9.465769550074056e-5 7.497755916996846e-5 5.239626353942748e-7 5.091187698606569e-7 
3.6  0.5483736846474416 0.41498146762399524 0.027314750024244338 0.005616010175379949 0.0035326032743986575 0.00010096685320074208 7.935961174777343e-5 5.864661394658647e-7 5.713234519590252e-7 
3.7  0.545027254686961 0.4187998806069969 0.026699646412072425 0.005775942581361815 0.00350493261074803 0.00010734842120915267 8.370416750689956e-5 6.528266277739417e-7 6.376865159077474e-7 
3.8  0.5418985815018598 0.42239763802820324 0.026098643557337438 0.005930356179975696 0.0034716112708660265 0.00011376916473017774 8.796837643923411e-5 7.233428322506525e-7 7.085777567205653e-7 
3.9  0.538972298450477 0.4257865770421514 0.025514117505642527 0.0060795263833579825 0.0034335395251624055 0.0001202185800221015 9.21408749553002e-5 7.977941029786245e-7 7.838441284677371e-7 
4.0  0.5362382479227017 0.42896178240168664 0.02495762871975694 0.00622467787164841 0.003392972167982675 0.0001267076554335683 9.624311937400446e-5 8.763991287761293e-7 8.637422882153688e-7 
4.1  0.5336743968183745 0.4319706550296001 0.024408578069023842 0.006363717861180764 0.0033473758629294754 0.00013317555053944237 0.00010019456763002412 9.58497936546267e-7 9.477427841272354e-7 
4.2  0.5312764910443902 0.43478918150465395 0.02388872143286279 0.0064991863333394954 0.0033006078248299982 0.0001396678048446949 0.00010406302342918643 1.044636622121486e-6 1.0363950276349511e-6 
4.3  0.5290268402162989 0.4374556630952868 0.0233814621886748 0.006629307048928584 0.0032505606683665552 0.00014612809222083831 0.00010777543105427156 1.134119529966681e-6 1.1291396387363684e-6 
4.4  0.5269177121569049 0.43996668070418604 0.022894973181232334 0.006755216269105863 0.0031990104199455453 0.00015257924462659255 0.00011136405883364123 1.2304337923975404e-6 1.228395090627989e-6 5.136282578646531e-9 
4.5  0.5249380936465805 0.44233786504405775 0.022425301023054033 0.0068765657742701465 0.003145732079026953 0.00015898557118896 0.00011479422172258385 1.3309867270497736e-6 1.3257512577265853e-6 5.902113489476087e-9 
4.6  0.5230800205451159 0.44457188616745213 0.02197598658523812 0.00699403454071964 0.0030917560680799347 0.000165361708112317 0.0001180849807748779 1.4370420112799133e-6 1.4257296388242741e-6 6.632856545896272e-9 
4.7  0.521333819399521 0.44668431278835957 0.021542143866075673 0.007107131437403221 0.0030366191779685097 0.0001716829444063861 0.00012120777816125621 1.546535155254105e-6 1.5287466871766582e-6 7.3262621708803785e-9 
4.8  0.5196919646442465 0.44868225483115975 0.021123709057728972 0.007216014402514027 0.002980653747838682 0.00017794146586822384 0.00012415898793489947 1.6595599490719602e-6 1.6352642301829656e-6 8.038529674477416e-9 
4.9  0.5181480235764131 0.45056798202055826 0.020723368272984488 0.007321306943005499 0.0029246855985293673 0.00018414662625440494 0.00012695716075622097 1.7772140731034846e-6 1.743659724012875e-6 8.927701573130543e-9 
5.0  0.5166950067988758 0.45235068422058583 0.020339093777781158 0.007422912801985385 0.002868662131678751 0.00019028620791585273 0.00012959081645920746 1.898628507122783e-6 1.8547412300448585e-6 9.874980150237414e-9 
