#mmax= 5
#m-states: all states (FBR)
#Nr. of sites: 5
 
0.0  1.0 
0.1  0.9968294566067145 0.002554913620122047 0.0006153731397685601 1.5709776362783306e-7 9.953563121298333e-8 
0.2  0.9867369907985185 0.010914226202248505 0.002343382487735183 2.7463665857057304e-6 1.692223376916022e-6 9.487446141186807e-7 1.3176921008490884e-8 
0.3  0.9677818768179389 0.027367905611600542 0.0048146757252236615 1.608357495703405e-5 9.597241799523212e-6 9.58085156220356e-6 1.1282663722537845e-7 8.476334591253474e-8 8.258693574323096e-8 
0.4  0.9364875701440641 0.055975940484112606 0.007399055008237121 6.007411541727115e-5 4.0085668061962724e-5 3.561020335636795e-5 6.092356123882516e-7 5.095650498397726e-7 4.7019700167264267e-7 3.3629086529965676e-8 2.185630387122375e-8 1.9893696443592367e-8 
0.41  0.9325249825094998 0.059687537230841574 0.007633587442999239 6.732089562499565e-5 4.4652073950613644e-5 4.001496533233958e-5 7.093241297670662e-7 5.832969576320202e-7 5.229303110269201e-7 4.034103423926921e-8 2.531506377601263e-8 2.3674254594199766e-8 
0.42  0.9283978118105013 0.06356991384286129 0.007860558901726659 7.521553050949223e-5 4.946799747797399e-5 4.486348960611925e-5 8.202477689662086e-7 6.633306276299259e-7 5.791944604811612e-7 4.835398811246398e-8 2.9155152332473532e-8 2.8145319414797293e-8 
0.43  0.9241044058483128 0.06762543493922656 0.008079221367334702 8.378475463264463e-5 5.450983915847639e-5 5.0188705779516266e-5 9.420877657483983e-7 7.492913312806808e-7 6.387938173826524e-7 5.767228872193816e-8 3.3381023055855474e-8 3.331932981474291e-8 
0.44  0.9196436418449259 0.07185588308655488 0.00828888538282223 9.305160607620565e-5 5.975093691302286e-5 5.602423320494949e-5 1.0749018220353642e-6 8.407603027808859e-7 7.015497801367777e-7 6.844421840956184e-8 3.9255309869436994e-8 3.7998069410108696e-8 
0.45  0.9150152975251218 0.07626208455340736 0.008488902402680994 0.00010303449773124491 6.517969034950444e-5 6.240389355454426e-5 1.2190676537448462e-6 9.397044799347292e-7 7.678434170939993e-7 8.166873874177184e-8 4.608232945060299e-8 4.307053583893519e-8 
0.46  0.9102184963636606 0.08084550682153525 0.0086786892998201 0.00011375816330460292 7.071726781474569e-5 6.936440392371649e-5 1.37313445910146e-6 1.0388702035938823e-6 8.49441502610631e-7 9.508861867532616e-8 5.3978405348482625e-8 4.868912240965554e-8 8.47762943180881e-9 
0.47  0.9052609950219551 0.0855990123098584 0.008857686547754871 0.00012519465584024113 7.693014683430857e-5 7.63491925750095e-5 1.5390386778142788e-6 1.1488351916864628e-6 9.099438298347573e-7 1.1240506545409998e-7 6.255067062813875e-8 5.438171713885291e-8 4.970029323807523e-9 
0.48  0.9001354856932674 0.09053046517809646 0.009025233700904859 0.0001373896744102544 8.514585539022534e-5 8.204194136369707e-5 1.7117299445280218e-6 1.2525426636876082e-6 1.0000566532401236e-6 1.2952441745455202e-7 7.258018886602882e-8 6.087216334768298e-8 1.0650535970518469e-8 
0.49  0.8948433226644612 0.0956391217645975 0.009180694260219493 0.00015033158233213043 9.40511139600321e-5 8.78261818602278e-5 1.8959275314458825e-6 1.3651305867188365e-6 1.0782352373246005e-6 1.5032596247308591e-7 8.350818653273842e-8 6.750867779351863e-8 1.1796387227068398e-8 
0.5  0.8894003300694693 0.10090918378575844 0.009324211764963031 0.00016397703395334477 0.00010365585605357398 9.355569578335845e-5 2.0881329237659986e-6 1.4797804589237731e-6 1.1602115659743742e-6 1.7394883397315792e-7 9.602999193162428e-8 7.461562766640044e-8 1.3074616707666576e-8 
0.51  0.8838057247505916 0.10634183005008205 0.009455301591898134 0.00017832638265173135 0.00011400017206146063 9.926506739011637e-5 2.2896821476192357e-6 1.6024930184732996e-6 1.245530718767747e-6 2.013294712336026e-7 1.091836138087879e-7 8.215357154570483e-8 1.4642878705751878e-8 6.969904639856328e-9 
0.52  0.8780630380805317 0.11193412450958524 0.009573504248043737 0.000193345613317535 0.00012511234227745755 0.0001048608882652846 2.4956727895503825e-6 1.7187833570743873e-6 1.3321754992797363e-6 2.30284251619005e-7 1.239344376336071e-7 8.995295476075431e-8 1.604591265334791e-8 7.468776536592304e-9 
0.53  0.8721838287542227 0.11767444736677751 0.009678926695623846 0.00020898873947813352 0.00013700873351984948 0.00011031256375379489 2.70647622627332e-6 1.8342595567073936e-6 1.4208861610173706e-6 2.6221182066996473e-7 1.3980586059917474e-7 9.804540640561427e-8 1.749370865218859e-8 7.967883741217042e-9 
0.54  0.8661713262988746 0.12355987079853196 0.009771274025402314 0.00022522391803522375 0.00014971958062907076 0.0001156148304635 2.921643765508564e-6 1.9488055657352763e-6 1.5116889638700519e-6 2.9732553208349936e-7 1.5714830675631974e-7 1.064560654476434e-7 1.9003110529948748e-8 8.476753749044713e-9 
0.55  0.8600374207773909 0.1295784727062129 0.009850685544524828 0.00024198769119743047 0.0001632556810883724 0.00012071628044715428 3.1395011124857306e-6 2.0611731567119027e-6 1.6044837965026507e-6 3.3569346640991036e-7 1.7578429315713995e-7 1.1513689814709466e-7 2.0557809776731446e-8 8.988604992788375e-9 
0.56  0.85379127981504 0.1357211070301773 0.009917214351827824 0.00025922006895626166 0.0001776310530880951 0.00012559026662443607 3.358829583180902e-6 2.1706449963527576e-6 1.6991259702259877e-6 3.77409739965223e-7 1.9569874435104667e-7 1.240538573250042e-7 2.2151160168474048e-8 9.500234824063398e-9 
0.57  0.8474431109748838 0.14197750536641723 0.009971005344296582 0.00027685352972211613 0.0001928552084979394 0.00013021180182361237 3.578485475260155e-6 2.276558190191399e-6 1.7961275522366242e-6 4.2256025936235723e-7 2.1698674154358522e-7 1.3324252036776143e-7 2.379362863578132e-8 1.0019991593181982e-8 
0.58  0.8410046906621551 0.1483357507588845 0.010012303695372588 0.00029481172609379795 0.0002089304805319997 0.0001345545255581556 3.79690656891349e-6 2.3780462519948005e-6 1.894269714610978e-6 4.7112666478757243e-7 2.3929942539289047e-7 1.425351102018967e-7 2.54430538910361e-8 1.0524613771636325e-8 
0.59  0.8344876330843015 0.15478403535488616 0.01004140082904725 0.00031301583565642664 0.00022585682385432713 0.00013860060926770688 4.012970365919393e-6 2.474546052899144e-6 1.9940677093514642e-6 5.231252158567769e-7 2.6266833044597707e-7 1.5195722005112635e-7 2.7107214028738003e-8 1.1020878110660228e-8 
0.6  0.8279060248595018 0.16130794212710706 0.010058749328428552 0.0003313774336379766 0.0002436241358189632 0.0001423282292949115 4.225315483073574e-6 2.565329395884493e-6 2.096025396655196e-6 5.784837024863585e-7 2.8693372762226027e-7 1.6151056461158574e-7 2.8782172983779188e-8 1.1505767334760943e-8 
0.7  0.7612230052601374 0.22794004536936865 0.009691724812688454 0.0005053230207284233 0.0004634691167218768 0.00016198394193598807 5.966019822070546e-6 3.209433418278882e-6 3.1077210440148303e-6 1.2845040517348791e-6 5.564201555176033e-7 2.5653127885929027e-7 4.473525264295494e-8 1.5401131832372586e-8 7.712264564980238e-9 
0.8  0.7005243957746444 0.28919752988630437 0.008751219980121145 0.0007345153157843389 0.0006176051358316625 0.000157328275370941 6.720683839492861e-6 4.453137580753342e-6 3.016374574143095e-6 2.056714435873538e-6 7.480133143954489e-7 3.30714262628497e-7 5.358349131429484e-8 1.6951999641444027e-8 9.458444778642546e-9 
0.9  0.6516071763753827 0.338852707993041 0.007709749548511854 0.0010155132313590116 0.0006520120880268293 0.0001439873224156781 6.681564897193882e-6 5.707337021579652e-6 2.6020114099459033e-6 2.5795333780006037e-6 8.171747232263323e-7 3.7925156637336034e-7 5.465715974822913e-8 1.660259967269977e-8 1.0429760242487589e-8 4.878746795186089e-9 
1.0  0.6145893481138849 0.37656269567058287 0.006787446696664668 0.0012781496866130196 0.000631848632895303 0.00013133100511252357 6.795433206148475e-6 6.237850627196488e-6 2.7143335405806785e-6 2.124792488321485e-6 8.080585261053793e-7 4.098624352003427e-7 5.030156099429241e-8 1.5231392656233755e-8 1.1130608411345235e-8 7.100003818418124e-9 6.099857103127471e-9 
1.1  0.5872411042718837 0.4044851718844573 0.006038099828423778 0.0015100060079593 0.0005848682595582638 0.00012196529011155121 7.606886515491959e-6 5.66034287116998e-6 2.538780185353851e-6 1.7063098035521278e-6 7.610345874972347e-7 4.2500228639890015e-7 4.367543677748958e-8 1.345623181609483e-8 1.152134672787753e-8 9.050475399976822e-9 8.397866075643414e-9 
1.2  0.567090585283378 0.4250897561502787 0.005447848775087939 0.0017086939702242526 0.0005294416492628529 0.00011565388080968215 8.129461946620778e-6 5.0879764791311564e-6 2.208479419146773e-6 1.3753209743395199e-6 7.05226924958862e-7 4.320475388802729e-7 3.7181585137996945e-8 1.1839640929466104e-8 1.1815850732688254e-8 1.0612353661403476e-8 1.0328245434913023e-8 
1.3  0.5521254365579433 0.44040900692279833 0.004985530013511242 0.0018764725005685962 0.00047493573426032713 0.00011151764398448809 8.394556846158744e-6 4.5756096118558464e-6 1.8434205262361036e-6 1.1237883587061217e-6 6.514091880434299e-7 4.340520061895572e-7 3.1984541137355876e-8 1.2565736236909089e-8 1.2104347996784256e-8 1.0585868849293262e-8 1.054990179288065e-8 
1.4  0.5408799151789353 0.4519310765766761 0.004621690628591528 0.0020171307449147035 0.00042527762746218497 0.00010876520335368699 8.452962312982751e-6 4.137664077955053e-6 1.5075354640750849e-6 9.345560085759638e-7 6.039213541628819e-7 4.330513340162421e-7 2.8413166166331103e-8 1.413034949230192e-8 1.2285864914338858e-8 9.774527491422127e-9 9.745606954410199e-9 
1.5  0.5323145656230224 0.46071474841254917 0.004332305304124818 0.002134739876623525 0.0003815852944257126 0.00010684855174580051 8.355552249076222e-6 3.771520891378563e-6 1.2239240231637726e-6 7.916030518743993e-7 5.628556008173539e-7 4.298706219183219e-7 2.6273298202658372e-8 1.5277366380246304e-8 1.2385710316579202e-8 9.38105378907849e-9 8.293641812431647e-9 
1.6  0.5257075668636243 0.4674963093125632 0.004099634981234581 0.0022329822281324224 0.0003437839290328211 0.00010540581597534235 8.1485832146997e-6 3.468468033605887e-6 9.948793692955404e-7 6.825241570154871e-7 5.280037730890408e-7 4.251843272634982e-7 2.4847570346438057e-8 1.5996499549154187e-8 1.2391033001210361e-8 9.310966836214805e-9 6.68049224281947e-9 
1.7  0.5205492852839251 0.4727963351451882 0.003910368984401644 0.0023150598750668783 0.00031127997954207877 0.00010420730451743297 7.865308432813928e-6 3.2178898366435533e-6 8.062816704995593e-7 5.961659822169467e-7 4.975044545283146e-7 4.19223508527201e-7 2.3088501114891257e-8 1.6295945161563972e-8 1.2268328569594703e-8 9.400698255268922e-9 
1.8  0.5164774833302792 0.47698478726141436 0.0037548041914784655 0.0023836915449392225 0.0002834039488028168 0.00010313346073002328 7.543448662554403e-6 3.0112302122573646e-6 6.659441730900577e-7 5.30214158110606e-7 4.7277453801178627e-7 4.127260747960426e-7 2.2089889023019664e-8 1.6264671897959928e-8 1.2084837863493843e-8 9.485138805075001e-9 
1.9  0.513229994109281 0.48032981642901806 0.0036255324437635917 0.0024411360758328136 0.00025943463232991674 0.00010209930129775267 7.198477336244869e-6 2.839639907551146e-6 5.556932764461486e-7 4.771949029555671e-7 4.5174599518905874e-7 4.058341151983186e-7 2.1078268428248282e-8 1.5948976624414535e-8 1.182697490857306e-8 9.568722524613856e-9 
2.0  0.5106164811838725 0.48302598742842995 0.0035171178687155146 0.002489258475195952 0.0002387603083896008 0.00010106079647606534 6.845886057104551e-6 2.6962521893222e-6 4.6868084198516604e-7 4.33904721479763e-7 4.336798839251553e-7 3.9893178936040237e-7 2.0045275873231657e-8 1.541524138201227e-8 1.1508765592710018e-8 9.634154377477784e-9 
2.1  0.5084953807575625 0.4852180530105309 0.0034253806868855766 0.0025296043076102497 0.00022085081964961636 9.99967093881506e-5 6.495987905264805e-6 2.575449973864704e-6 4.1871675042413555e-7 3.995245184284483e-7 3.972804064786116e-7 3.921715220414031e-7 1.902673330914867e-8 1.4724954764318656e-8 1.1145117720562664e-8 9.680490586665134e-9 
2.2  0.5067607940709754 0.4870142906856102 0.003347125227417644 0.002563446125143524 0.00020526342117930944 9.889793326347945e-5 6.155668893559138e-6 2.4727200043273132e-6 4.056711474696245e-7 3.8563599326715316e-7 3.6629312436122634e-7 3.4411968973059617e-7 1.8038165868429045e-8 1.3932850186198582e-8 1.0750194069518926e-8 9.706347350347919e-9 
2.3  0.5053324416998197 0.4884967770563231 0.003279874400622133 0.002591836022324926 0.0001916311274031877 9.776307342716081e-5 5.829306910134835e-6 2.3844607184615684e-6 3.9439283498851316e-7 3.7938916898271064e-7 3.394931061836982e-7 2.9934967895297484e-7 1.7095139129807743e-8 1.3084483309931624e-8 1.0336189482393535e-8 9.711849735145158e-9 
2.4  0.5041487876436075 0.4897284241325269 0.003221685178977259 0.002615645241046469 0.00017965053362708268 9.659508813630283e-5 5.51944763819426e-6 2.3078072152699064e-6 3.8458204553711707e-7 3.73468198653832e-7 3.1598869455269364e-7 2.6285351228440146e-7 1.620802466525647e-8 1.2215784769241467e-8 9.913071898008059e-9 9.69789271821688e-9 
2.5  0.503162211209211 0.49075791729671964 0.0031710192198507606 0.0026355964220594738 0.00016907110902352707 9.539916636348321e-5 5.2273551564594625e-6 2.240483477088112e-6 3.75992629270867e-7 3.678866960055743e-7 2.95126193866873e-7 2.328424952408335e-7 1.538193749678174e-8 1.1353757450463828e-8 9.665737882136847e-9 9.488691351259455e-9 
2.6  0.5023355137677669 0.4916232883975329 0.003126646814032139 0.002652290578935416 0.00015968560823973726 9.41814743231933e-5 4.953414050183461e-6 2.1806821632944493e-6 3.6842318527449783e-7 3.6264317914405274e-7 2.764202402021423e-7 2.0795471274907846e-7 1.461815348252176e-8 1.0517662288764308e-8 9.616837649070922e-9 9.068985135427827e-9 
2.7  0.5016393900400907 0.4923545017128884 0.0030875764592845165 0.002666228955997023 0.00015132211718407978 9.294838970090262e-5 4.69742224905054e-6 2.1269674668272637e-6 3.6170920601015307e-7 3.577268385628152e-7 2.5950569254136657e-7 1.871466082170609e-7 1.391537348587732e-8 9.720406525113414e-9 9.552746519950051e-9 8.658266276799403e-9 
2.8  0.5010505669548312 0.492975357228413 0.0030530019334922115 0.0026778308158365753 0.00014383748014587752 9.170606278379687e-5 4.458797886035908e-6 2.078197988622097e-6 3.5571585124603035e-7 3.531210435926698e-7 2.441038460521468e-7 1.6961271099282707e-7 1.3270680579048777e-8 9.475059814526845e-9 8.9699042533466e-9 8.259525587627972e-9 
2.9  0.5005511315143129 0.49350420375098186 0.0030223049314303213 0.0026874363088743454 0.00013710456681107408 9.045549238656712e-5 4.230497319422855e-6 2.0235501491620335e-6 3.5016860708244637e-7 3.484963623789061e-7 2.2667846709246007e-7 1.5398110732516578e-7 1.2614811681892247e-8 9.38438957800973e-9 8.06398815706765e-9 
3.0  0.500124047174504 0.49395848644027407 0.002994792948128452 0.0026953536772044407 0.00013103315577778327 8.920996259673282e-5 4.019802742936796e-6 1.984247012462055e-6 3.44968778039498e-7 3.4410639977035644e-7 2.1294033528491946e-7 1.417869862788805e-7 1.2037911812779846e-8 9.276925013044284e-9 7.474423037431157e-9 
